*Step  = 0
*Time  = 0
*Data  = x;y;z
1 -0.4 -0.4 0.1
2 -0.2 -0.4 0.1
3 -1.73472347598e-18 -0.4 0.1
4 0.2 -0.4 0.1
5 0.4 -0.4 0.1
6 -0.4 -0.2 0.1
7 -0.2 -0.2 0.1
8 -1.73472347598e-18 -0.2 0.1
9 0.2 -0.2 0.1
10 0.4 -0.2 0.1
11 -0.4 0 0.1
12 -0.2 0 0.1
13 -1.73472347598e-18 0 0.1
14 0.2 0 0.1
15 0.4 0 0.1
16 -0.4 0.2 0.1
17 -0.2 0.2 0.1
18 -1.73472347598e-18 0.2 0.1
19 0.2 0.2 0.1
20 0.4 0.2 0.1
21 -0.4 0.4 0.1
22 -0.2 0.4 0.1
23 -1.73472347598e-18 0.4 0.1
24 0.2 0.4 0.1
25 0.4 0.4 0.1
26 -0.4 -0.4 0.3
27 -0.2 -0.4 0.3
28 -1.73472347598e-18 -0.4 0.3
29 0.2 -0.4 0.3
30 0.4 -0.4 0.3
31 -0.4 -0.2 0.3
32 -0.2 -0.2 0.3
33 -1.73472347598e-18 -0.2 0.3
34 0.2 -0.2 0.3
35 0.4 -0.2 0.3
36 -0.4 0 0.3
37 -0.2 0 0.3
38 -1.73472347598e-18 0 0.3
39 0.2 0 0.3
40 0.4 0 0.3
41 -0.4 0.2 0.3
42 -0.2 0.2 0.3
43 -1.73472347598e-18 0.2 0.3
44 0.2 0.2 0.3
45 0.4 0.2 0.3
46 -0.4 0.4 0.3
47 -0.2 0.4 0.3
48 -1.73472347598e-18 0.4 0.3
49 0.2 0.4 0.3
50 0.4 0.4 0.3
51 -0.4 -0.4 0.5
52 -0.2 -0.4 0.5
53 -1.73472347598e-18 -0.4 0.5
54 0.2 -0.4 0.5
55 0.4 -0.4 0.5
56 -0.4 -0.2 0.5
57 -0.2 -0.2 0.5
58 -1.73472347598e-18 -0.2 0.5
59 0.2 -0.2 0.5
60 0.4 -0.2 0.5
61 -0.4 0 0.5
62 -0.2 0 0.5
63 -1.73472347598e-18 0 0.5
64 0.2 0 0.5
65 0.4 0 0.5
66 -0.4 0.2 0.5
67 -0.2 0.2 0.5
68 -1.73472347598e-18 0.2 0.5
69 0.2 0.2 0.5
70 0.4 0.2 0.5
71 -0.4 0.4 0.5
72 -0.2 0.4 0.5
73 -1.73472347598e-18 0.4 0.5
74 0.2 0.4 0.5
75 0.4 0.4 0.5
76 -0.4 -0.4 0.7
77 -0.2 -0.4 0.7
78 -1.73472347598e-18 -0.4 0.7
79 0.2 -0.4 0.7
80 0.4 -0.4 0.7
81 -0.4 -0.2 0.7
82 -0.2 -0.2 0.7
83 -1.73472347598e-18 -0.2 0.7
84 0.2 -0.2 0.7
85 0.4 -0.2 0.7
86 -0.4 0 0.7
87 -0.2 0 0.7
88 -1.73472347598e-18 0 0.7
89 0.2 0 0.7
90 0.4 0 0.7
91 -0.4 0.2 0.7
92 -0.2 0.2 0.7
93 -1.73472347598e-18 0.2 0.7
94 0.2 0.2 0.7
95 0.4 0.2 0.7
96 -0.4 0.4 0.7
97 -0.2 0.4 0.7
98 -1.73472347598e-18 0.4 0.7
99 0.2 0.4 0.7
100 0.4 0.4 0.7
101 -0.4 -0.4 0.9
102 -0.2 -0.4 0.9
103 -1.73472347598e-18 -0.4 0.9
104 0.2 -0.4 0.9
105 0.4 -0.4 0.9
106 -0.4 -0.2 0.9
107 -0.2 -0.2 0.9
108 -1.73472347598e-18 -0.2 0.9
109 0.2 -0.2 0.9
110 0.4 -0.2 0.9
111 -0.4 0 0.9
112 -0.2 0 0.9
113 -1.73472347598e-18 0 0.9
114 0.2 0 0.9
115 0.4 0 0.9
116 -0.4 0.2 0.9
117 -0.2 0.2 0.9
118 -1.73472347598e-18 0.2 0.9
119 0.2 0.2 0.9
120 0.4 0.2 0.9
121 -0.4 0.4 0.9
122 -0.2 0.4 0.9
123 -1.73472347598e-18 0.4 0.9
124 0.2 0.4 0.9
125 0.4 0.4 0.9
*Step  = 1
*Time  = 0.1
*Data  = x;y;z
1 -0.400607869506 -0.400607869506 0.0995266025814
2 -0.200282107335 -0.400606864295 0.0995782369619
3 -3.46944695195e-18 -0.400621128558 0.0995817651846
4 0.200282107335 -0.400606864295 0.0995782369619
5 0.400607869506 -0.400607869506 0.0995266025814
6 -0.400606864295 -0.200282107335 0.0995782369619
7 -0.200282515544 -0.200282515544 0.0996291958655
8 -4.33680868994e-18 -0.200288111704 0.0996332014157
9 0.200282515544 -0.200282515544 0.0996291958655
10 0.400606864295 -0.200282107335 0.0995782369619
11 -0.400621128558 -1.21430643318e-17 0.0995817651846
12 -0.200288111704 -8.67361737988e-19 0.0996332014157
13 -8.67361737988e-18 -4.33680868994e-18 0.0996383743194
14 0.200288111704 -8.67361737988e-18 0.0996332014157
15 0.400621128558 8.67361737988e-19 0.0995817651846
16 -0.400606864295 0.200282107335 0.0995782369619
17 -0.200282515544 0.200282515544 0.0996291958655
18 0 0.200288111704 0.0996332014157
19 0.200282515544 0.200282515544 0.0996291958655
20 0.400606864295 0.200282107335 0.0995782369619
21 -0.400607869506 0.400607869506 0.0995266025814
22 -0.200282107335 0.400606864295 0.0995782369619
23 1.73472347598e-18 0.400621128558 0.0995817651846
24 0.200282107335 0.400606864295 0.0995782369619
25 0.400607869506 0.400607869506 0.0995266025814
26 -0.401453211961 -0.401453211961 0.298211344106
27 -0.200700186753 -0.401460160499 0.298339530543
28 -7.8062556419e-18 -0.401473470196 0.298361026036
29 0.200700186753 -0.401460160499 0.298339530543
30 0.401453211961 -0.401453211961 0.298211344106
31 -0.401460160499 -0.200700186753 0.298339530543
32 -0.200703868939 -0.200703868939 0.298465922125
33 -6.93889390391e-18 -0.200709822083 0.29848845742
34 0.200703868939 -0.200703868939 0.298465922125
35 0.401460160499 -0.200700186753 0.298339530543
36 -0.401473470196 -1.38777878078e-17 0.298361026036
37 -0.200709822083 -7.8062556419e-18 0.29848845742
38 -1.38777878078e-17 -6.07153216592e-18 0.298513988138
39 0.200709822083 -8.67361737988e-19 0.29848845742
40 0.401473470196 4.33680868994e-18 0.298361026036
41 -0.401460160499 0.200700186753 0.298339530543
42 -0.200703868939 0.200703868939 0.298465922125
43 1.73472347598e-18 0.200709822083 0.29848845742
44 0.200703868939 0.200703868939 0.298465922125
45 0.401460160499 0.200700186753 0.298339530543
46 -0.401453211961 0.401453211961 0.298211344106
47 -0.200700186753 0.401460160499 0.298339530543
48 1.73472347598e-18 0.401473470196 0.298361026036
49 0.200700186753 0.401460160499 0.298339530543
50 0.401453211961 0.401453211961 0.298211344106
51 -0.401778104831 -0.401778104831 0.496429822753
52 -0.200886371958 -0.401797422441 0.496573096034
53 -1.47451495458e-17 -0.40179725058 0.496614083396
54 0.200886371958 -0.401797422441 0.496573096034
55 0.401778104831 -0.401778104831 0.496429822753
56 -0.401797422441 -0.200886371958 0.496573096034
57 -0.200894509493 -0.200894509493 0.496715174459
58 -6.93889390391e-18 -0.200895952825 0.496756774341
59 0.200894509493 -0.200894509493 0.496715174459
60 0.401797422441 -0.200886371958 0.496573096034
61 -0.40179725058 -1.73472347598e-18 0.496614083396
62 -0.200895952825 -1.38777878078e-17 0.496756774341
63 -3.46944695195e-18 -8.67361737988e-18 0.496800443655
64 0.200895952825 5.20417042793e-18 0.496756774341
65 0.40179725058 3.46944695195e-18 0.496614083396
66 -0.401797422441 0.200886371958 0.496573096034
67 -0.200894509493 0.200894509493 0.496715174459
68 8.67361737988e-19 0.200895952825 0.496756774341
69 0.200894509493 0.200894509493 0.496715174459
70 0.401797422441 0.200886371958 0.496573096034
71 -0.401778104831 0.401778104831 0.496429822753
72 -0.200886371958 0.401797422441 0.496573096034
73 -7.8062556419e-18 0.40179725058 0.496614083396
74 0.200886371958 0.401797422441 0.496573096034
75 0.401778104831 0.401778104831 0.496429822753
76 -0.401900310889 -0.401900310889 0.694503579465
77 -0.20095446065 -0.401919744441 0.694622804319
78 -2.60208521397e-17 -0.40192280478 0.694667164172
79 0.20095446065 -0.401919744441 0.694622804319
80 0.401900310889 -0.401900310889 0.694503579465
81 -0.401919744441 -0.20095446065 0.694622804319
82 -0.200962900529 -0.200962900529 0.694742565678
83 -1.38777878078e-17 -0.200965365876 0.694786954268
84 0.200962900529 -0.200962900529 0.694742565678
85 0.401919744441 -0.20095446065 0.694622804319
86 -0.40192280478 -6.93889390391e-18 0.694667164172
87 -0.200965365876 -1.12757025938e-17 0.694786954268
88 -9.54097911787e-18 -5.20417042793e-18 0.694831174966
89 0.200965365876 -8.67361737988e-19 0.694786954268
90 0.40192280478 2.34187669257e-17 0.694667164172
91 -0.401919744441 0.20095446065 0.694622804319
92 -0.200962900529 0.200962900529 0.694742565678
93 -1.04083408559e-17 0.200965365876 0.694786954268
94 0.200962900529 0.200962900529 0.694742565678
95 0.401919744441 0.20095446065 0.694622804319
96 -0.401900310889 0.401900310889 0.694503579465
97 -0.20095446065 0.401919744441 0.694622804319
98 -3.90312782095e-17 0.40192280478 0.694667164172
99 0.20095446065 0.401919744441 0.694622804319
100 0.401900310889 0.401900310889 0.694503579465
101 -0.401958851569 -0.401958851569 0.892503942113
102 -0.200986281049 -0.401968077139 0.892598317371
103 -1.90819582357e-17 -0.401969691535 0.892637205776
104 0.200986281049 -0.401968077139 0.892598317371
105 0.401958851569 -0.401958851569 0.892503942113
106 -0.401968077139 -0.200986281049 0.892598317371
107 -0.200990546219 -0.200990546219 0.892693797216
108 -8.67361737988e-18 -0.200991814329 0.892732349235
109 0.200990546219 -0.200990546219 0.892693797216
110 0.401968077139 -0.200986281049 0.892598317371
111 -0.401969691535 -4.07660016855e-17 0.892637205776
112 -0.200991814329 -4.68375338514e-17 0.892732349235
113 -2.34187669257e-17 -2.86229373536e-17 0.892769806182
114 0.200991814329 -1.90819582357e-17 0.892732349235
115 0.401969691535 -1.38777878078e-17 0.892637205776
116 -0.401968077139 0.200986281049 0.892598317371
117 -0.200990546219 0.200990546219 0.892693797216
118 -4.16333634234e-17 0.200991814329 0.892732349235
119 0.200990546219 0.200990546219 0.892693797216
120 0.401968077139 0.200986281049 0.892598317371
121 -0.401958851569 0.401958851569 0.892503942113
122 -0.200986281049 0.401968077139 0.892598317371
123 -7.4593109467e-17 0.401969691535 0.892637205776
124 0.200986281049 0.401968077139 0.892598317371
125 0.401958851569 0.401958851569 0.892503942113
*Step  = 2
*Time  = 0.2
*Data  = x;y;z
1 -0.401241211978 -0.401241211978 0.0990255304158
2 -0.200577067902 -0.401238240152 0.0991337538144
3 -2.60208521397e-18 -0.401266467176 0.0991414627918
4 0.200577067902 -0.401238240152 0.0991337538144
5 0.401241211978 -0.401241211978 0.0990255304158
6 -0.401238240152 -0.200577067902 0.0991337538144
7 -0.200577448435 -0.200577448435 0.0992405351903
8 1.73472347598e-18 -0.200588482684 0.0992493172479
9 0.200577448435 -0.200577448435 0.0992405351903
10 0.401238240152 -0.200577067902 0.0991337538144
11 -0.401266467176 -9.54097911787e-18 0.0991414627918
12 -0.200588482684 -8.67361737988e-18 0.0992493172479
13 -4.33680868994e-18 -6.07153216592e-18 0.0992605320639
14 0.200588482684 8.67361737988e-19 0.0992493172479
15 0.401266467176 -2.60208521397e-18 0.0991414627918
16 -0.401238240152 0.200577067902 0.0991337538144
17 -0.200577448435 0.200577448435 0.0992405351903
18 -6.93889390391e-18 0.200588482684 0.0992493172479
19 0.200577448435 0.200577448435 0.0992405351903
20 0.401238240152 0.200577067902 0.0991337538144
21 -0.401241211978 0.401241211978 0.0990255304158
22 -0.200577067902 0.401238240152 0.0991337538144
23 -6.93889390391e-18 0.401266467176 0.0991414627918
24 0.200577067902 0.401238240152 0.0991337538144
25 0.401241211978 0.401241211978 0.0990255304158
26 -0.402965059499 -0.402965059499 0.296324672761
27 -0.201430163366 -0.402978225984 0.296591517739
28 -7.8062556419e-18 -0.40300414411 0.296636524298
29 0.201430163366 -0.402978225984 0.296591517739
30 0.402965059499 -0.402965059499 0.296324672761
31 -0.402978225984 -0.201430163366 0.296591517739
32 -0.201437177628 -0.201437177628 0.296854699896
33 -6.07153216592e-18 -0.201448751577 0.296901936283
34 0.201437177628 -0.201437177628 0.296854699896
35 0.402978225984 -0.201430163366 0.296591517739
36 -0.40300414411 -8.67361737988e-18 0.296636524298
37 -0.201448751577 -2.60208521397e-18 0.296901936283
38 -2.08166817117e-17 -1.73472347598e-18 0.296955337496
39 0.201448751577 8.67361737988e-18 0.296901936283
40 0.40300414411 5.20417042793e-18 0.296636524298
41 -0.402978225984 0.201430163366 0.296591517739
42 -0.201437177628 0.201437177628 0.296854699896
43 -9.54097911787e-18 0.201448751577 0.296901936283
44 0.201437177628 0.201437177628 0.296854699896
45 0.402978225984 0.201430163366 0.296591517739
46 -0.402965059499 0.402965059499 0.296324672761
47 -0.201430163366 0.402978225984 0.296591517739
48 1.73472347598e-18 0.40300414411 0.296636524298
49 0.201430163366 0.402978225984 0.296591517739
50 0.402965059499 0.402965059499 0.296324672761
51 -0.403625021858 -0.403625021858 0.49267004268
52 -0.201807815767 -0.403664449283 0.492966205628
53 -8.67361737988e-19 -0.403663731991 0.493050923925
54 0.201807815767 -0.403664449283 0.492966205628
55 0.403625021858 -0.403625021858 0.49267004268
56 -0.403664449283 -0.201807815767 0.492966205628
57 -0.201824420139 -0.201824420139 0.493260113947
58 8.67361737988e-19 -0.201827168006 0.493346118091
59 0.201824420139 -0.201824420139 0.493260113947
60 0.403664449283 -0.201807815767 0.492966205628
61 -0.403663731991 -1.12757025938e-17 0.493050923925
62 -0.201827168006 -1.21430643318e-17 0.493346118091
63 -1.30104260698e-17 -3.46944695195e-18 0.493436329999
64 0.201827168006 1.12757025938e-17 0.493346118091
65 0.403663731991 5.20417042793e-18 0.493050923925
66 -0.403664449283 0.201807815767 0.492966205628
67 -0.201824420139 0.201824420139 0.493260113947
68 3.46944695195e-18 0.201827168006 0.493346118091
69 0.201824420139 0.201824420139 0.493260113947
70 0.403664449283 0.201807815767 0.492966205628
71 -0.403625021858 0.403625021858 0.49267004268
72 -0.201807815767 0.403664449283 0.492966205628
73 1.21430643318e-17 0.403663731991 0.493050923925
74 0.201807815767 0.403664449283 0.492966205628
75 0.403625021858 0.403625021858 0.49267004268
76 -0.40387255197 -0.40387255197 0.688716440832
77 -0.201945378306 -0.403912462642 0.688961672466
78 -7.8062556419e-18 -0.403918812537 0.689052822041
79 0.201945378306 -0.403912462642 0.688961672466
80 0.40387255197 -0.40387255197 0.688716440832
81 -0.403912462642 -0.201945378306 0.688961672466
82 -0.201962709641 -0.201962709641 0.689208278424
83 4.33680868994e-18 -0.20196778676 0.689299556942
84 0.201962709641 -0.201962709641 0.689208278424
85 0.403912462642 -0.201945378306 0.688961672466
86 -0.403918812537 -3.46944695195e-17 0.689052822041
87 -0.20196778676 -3.20923843056e-17 0.689299556942
88 2.60208521397e-18 -1.64798730218e-17 0.68939045503
89 0.20196778676 1.73472347598e-17 0.689299556942
90 0.403918812537 1.12757025938e-17 0.689052822041
91 -0.403912462642 0.201945378306 0.688961672466
92 -0.201962709641 0.201962709641 0.689208278424
93 0 0.20196778676 0.689299556942
94 0.201962709641 0.201962709641 0.689208278424
95 0.403912462642 0.201945378306 0.688961672466
96 -0.40387255197 0.40387255197 0.688716440832
97 -0.201945378306 0.403912462642 0.688961672466
98 -1.82145964978e-17 0.403918812537 0.689052822041
99 0.201945378306 0.403912462642 0.688961672466
100 0.40387255197 0.40387255197 0.688716440832
101 -0.403990067248 -0.403990067248 0.884611124031
102 -0.202008987591 -0.404009443108 0.884804290501
103 -2.25514051877e-17 -0.40401313424 0.884883796196
104 0.202008987591 -0.404009443108 0.884804290501
105 0.403990067248 -0.403990067248 0.884611124031
106 -0.404009443108 -0.202008987591 0.884804290501
107 -0.202017907847 -0.202017907847 0.885000135511
108 -1.47451495458e-17 -0.202020681547 0.885079077498
109 0.202017907847 -0.202017907847 0.885000135511
110 0.404009443108 -0.202008987591 0.884804290501
111 -0.40401313424 -5.20417042793e-17 0.884883796196
112 -0.202020681547 -4.51028103754e-17 0.885079077498
113 -1.99493199737e-17 -4.16333634234e-17 0.885155749299
114 0.202020681547 -3.64291929955e-17 0.885079077498
115 0.40401313424 -2.34187669257e-17 0.884883796196
116 -0.404009443108 0.202008987591 0.884804290501
117 -0.202017907847 0.202017907847 0.885000135511
118 -4.25007251614e-17 0.202020681547 0.885079077498
119 0.202017907847 0.202017907847 0.885000135511
120 0.404009443108 0.202008987591 0.884804290501
121 -0.403990067248 0.403990067248 0.884611124031
122 -0.202008987591 0.404009443108 0.884804290501
123 -7.3725747729e-17 0.40401313424 0.884883796196
124 0.202008987591 0.404009443108 0.884804290501
125 0.403990067248 0.403990067248 0.884611124031
*Step  = 3
*Time  = 0.3
*Data  = x;y;z
1 -0.401902580031 -0.401902580031 0.0984935461788
2 -0.200886175136 -0.401896514228 0.0986640267143
3 -8.67361737988e-19 -0.401938331942 0.0986766972273
4 0.200886175136 -0.401896514228 0.0986640267143
5 0.401902580031 -0.401902580031 0.0984935461788
6 -0.401896514228 -0.200886175136 0.0986640267143
7 -0.200886012474 -0.200886012474 0.0988321645621
8 -4.33680868994e-18 -0.200902287159 0.0988466227851
9 0.200886012474 -0.200886012474 0.0988321645621
10 0.401896514228 -0.200886175136 0.0986640267143
11 -0.401938331942 3.46944695195e-18 0.0986766972273
12 -0.200902287159 2.60208521397e-18 0.0988466227851
13 -3.46944695195e-18 -2.60208521397e-18 0.0988648833836
14 0.200902287159 -5.20417042793e-18 0.0988466227851
15 0.401938331942 -6.07153216592e-18 0.0986766972273
16 -0.401896514228 0.200886175136 0.0986640267143
17 -0.200886012474 0.200886012474 0.0988321645621
18 1.73472347598e-18 0.200902287159 0.0988466227851
19 0.200886012474 0.200886012474 0.0988321645621
20 0.401896514228 0.200886175136 0.0986640267143
21 -0.401902580031 0.401902580031 0.0984935461788
22 -0.200886175136 0.401896514228 0.0986640267143
23 3.46944695195e-18 0.401938331942 0.0986766972273
24 0.200886175136 0.401896514228 0.0986640267143
25 0.401902580031 0.401902580031 0.0984935461788
26 -0.404541539343 -0.404541539343 0.294328604191
27 -0.202192977165 -0.404560046698 0.294746087071
28 1.04083408559e-17 -0.40459776554 0.294816957782
29 0.202192977165 -0.404560046698 0.294746087071
30 0.404541539343 -0.404541539343 0.294328604191
31 -0.404560046698 -0.202192977165 0.294746087071
32 -0.202202899172 -0.202202899172 0.295157924053
33 -8.67361737988e-19 -0.202219704451 0.295232365719
34 0.202202899172 -0.202202899172 0.295157924053
35 0.404560046698 -0.202192977165 0.294746087071
36 -0.40459776554 1.90819582357e-17 0.294816957782
37 -0.202219704451 6.07153216592e-18 0.295232365719
38 8.67361737988e-19 -1.73472347598e-18 0.295316330153
39 0.202219704451 -1.73472347598e-18 0.295232365719
40 0.40459776554 5.20417042793e-18 0.294816957782
41 -0.404560046698 0.202192977165 0.294746087071
42 -0.202202899172 0.202202899172 0.295157924053
43 5.20417042793e-18 0.202219704451 0.295232365719
44 0.202202899172 0.202202899172 0.295157924053
45 0.404560046698 0.202192977165 0.294746087071
46 -0.404541539343 0.404541539343 0.294328604191
47 -0.202192977165 0.404560046698 0.294746087071
48 0 0.40459776554 0.294816957782
49 0.202192977165 0.404560046698 0.294746087071
50 0.404541539343 0.404541539343 0.294328604191
51 -0.405548051573 -0.405548051573 0.488698502639
52 -0.202768046431 -0.405608472754 0.489158556825
53 1.73472347598e-18 -0.405606812328 0.489290159296
54 0.202768046431 -0.405608472754 0.489158556825
55 0.405548051573 -0.405548051573 0.488698502639
56 -0.405608472754 -0.202768046431 0.489158556825
57 -0.202793483072 -0.202793483072 0.48961545513
58 -1.73472347598e-18 -0.202797387058 0.489749083852
59 0.202793483072 -0.202793483072 0.48961545513
60 0.405608472754 -0.202768046431 0.489158556825
61 -0.405606812328 1.47451495458e-17 0.489290159296
62 -0.202797387058 2.08166817117e-17 0.489749083852
63 3.46944695195e-18 2.08166817117e-17 0.489889136479
64 0.202797387058 1.38777878078e-17 0.489749083852
65 0.405606812328 3.03576608296e-17 0.489290159296
66 -0.405608472754 0.202768046431 0.489158556825
67 -0.202793483072 0.202793483072 0.48961545513
68 1.04083408559e-17 0.202797387058 0.489749083852
69 0.202793483072 0.202793483072 0.48961545513
70 0.405608472754 0.202768046431 0.489158556825
71 -0.405548051573 0.405548051573 0.488698502639
72 -0.202768046431 0.405608472754 0.489158556825
73 7.8062556419e-18 0.405606812328 0.489290159296
74 0.202768046431 0.405608472754 0.489158556825
75 0.405548051573 0.405548051573 0.488698502639
76 -0.405924593846 -0.405924593846 0.682604166582
77 -0.202976747481 -0.405986155351 0.682983143182
78 -2.42861286637e-17 -0.405996058565 0.683123855093
79 0.202976747481 -0.405986155351 0.682983143182
80 0.405924593846 -0.405924593846 0.682604166582
81 -0.405986155351 -0.202976747481 0.682983143182
82 -0.203003476237 -0.203003476237 0.683364692676
83 -1.04083408559e-17 -0.203011332036 0.68350572133
84 0.203003476237 -0.203003476237 0.683364692676
85 0.405986155351 -0.202976747481 0.682983143182
86 -0.405996058565 2.25514051877e-17 0.683123855093
87 -0.203011332036 3.38271077815e-17 0.68350572133
88 -8.67361737988e-19 3.64291929955e-17 0.683646109406
89 0.203011332036 2.77555756156e-17 0.68350572133
90 0.405996058565 4.07660016855e-17 0.683123855093
91 -0.405986155351 0.202976747481 0.682983143182
92 -0.203003476237 0.203003476237 0.683364692676
93 4.33680868994e-18 0.203011332036 0.68350572133
94 0.203003476237 0.203003476237 0.683364692676
95 0.405986155351 0.202976747481 0.682983143182
96 -0.405924593846 0.405924593846 0.682604166582
97 -0.202976747481 0.405986155351 0.682983143182
98 -6.07153216592e-18 0.405996058565 0.683123855093
99 0.202976747481 0.405986155351 0.682983143182
100 0.405924593846 0.405924593846 0.682604166582
101 -0.406101683494 -0.406101683494 0.876274099978
102 -0.203072177035 -0.406132250949 0.876571034902
103 -3.20923843056e-17 -0.406138537883 0.876693107286
104 0.203072177035 -0.406132250949 0.876571034902
105 0.406101683494 -0.406101683494 0.876274099978
106 -0.406132250949 -0.203072177035 0.876571034902
107 -0.203086189374 -0.203086189374 0.876872790253
108 -2.16840434497e-17 -0.203090735818 0.876994207391
109 0.203086189374 -0.203086189374 0.876872790253
110 0.406132250949 -0.203072177035 0.876571034902
111 -0.406138537883 1.56125112838e-17 0.876693107286
112 -0.203090735818 1.56125112838e-17 0.876994207391
113 -2.86229373536e-17 3.46944695195e-17 0.877112091234
114 0.203090735818 1.90819582357e-17 0.876994207391
115 0.406138537883 3.46944695195e-18 0.876693107286
116 -0.406132250949 0.203072177035 0.876571034902
117 -0.203086189374 0.203086189374 0.876872790253
118 -4.16333634234e-17 0.203090735818 0.876994207391
119 0.203086189374 0.203086189374 0.876872790253
120 0.406132250949 0.203072177035 0.876571034902
121 -0.406101683494 0.406101683494 0.876274099978
122 -0.203072177035 0.406132250949 0.876571034902
123 -5.11743425413e-17 0.406138537883 0.876693107286
124 0.203072177035 0.406132250949 0.876571034902
125 0.406101683494 0.406101683494 0.876274099978
*Step  = 4
*Time  = 0.4
*Data  = x;y;z
1 -0.402594990894 -0.402594990894 0.0979267632185
2 -0.201210955815 -0.402584508603 0.0981660366989
3 8.67361737988e-19 -0.402639458954 0.0981846103847
4 0.201210955815 -0.402584508603 0.0981660366989
5 0.402594990894 -0.402594990894 0.0979267632185
6 -0.402584508603 -0.201210955815 0.0981660366989
7 -0.201209641179 -0.201209641179 0.0984018768143
8 -1.73472347598e-18 -0.201230910706 0.0984230700545
9 0.201209641179 -0.201209641179 0.0984018768143
10 0.402584508603 -0.201210955815 0.0981660366989
11 -0.402639458954 -8.67361737988e-18 0.0981846103847
12 -0.201230910706 -7.8062556419e-18 0.0984230700545
13 -5.20417042793e-18 -9.54097911787e-18 0.098449545224
14 0.201230910706 -7.8062556419e-18 0.0984230700545
15 0.402639458954 -8.67361737988e-19 0.0981846103847
16 -0.402584508603 0.201210955815 0.0981660366989
17 -0.201209641179 0.201209641179 0.0984018768143
18 -6.07153216592e-18 0.201230910706 0.0984230700545
19 0.201209641179 0.201209641179 0.0984018768143
20 0.402584508603 0.201210955815 0.0981660366989
21 -0.402594990894 0.402594990894 0.0979267632185
22 -0.201210955815 0.402584508603 0.0981660366989
23 -4.33680868994e-18 0.402639458954 0.0981846103847
24 0.201210955815 0.402584508603 0.0981660366989
25 0.402594990894 0.402594990894 0.0979267632185
26 -0.406189759012 -0.406189759012 0.29220945899
27 -0.202992234382 -0.406212548264 0.292791409532
28 1.30104260698e-17 -0.406261130029 0.29289092281
29 0.202992234382 -0.406212548264 0.292791409532
30 0.406189759012 -0.406189759012 0.29220945899
31 -0.406212548264 -0.202992234382 0.292791409532
32 -0.203004548943 -0.203004548943 0.293365557056
33 2.60208521397e-18 -0.203026126343 0.293470130063
34 0.203004548943 -0.203004548943 0.293365557056
35 0.406212548264 -0.202992234382 0.292791409532
36 -0.406261130029 -1.99493199737e-17 0.29289092281
37 -0.203026126343 -2.08166817117e-17 0.293470130063
38 -1.64798730218e-17 -1.99493199737e-17 0.293587786214
39 0.203026126343 -2.60208521397e-18 0.293470130063
40 0.406261130029 8.67361737988e-19 0.29289092281
41 -0.406212548264 0.202992234382 0.292791409532
42 -0.203004548943 0.203004548943 0.293365557056
43 -1.12757025938e-17 0.203026126343 0.293470130063
44 0.203004548943 0.203004548943 0.293365557056
45 0.406212548264 0.202992234382 0.292791409532
46 -0.406189759012 0.406189759012 0.29220945899
47 -0.202992234382 0.406212548264 0.292791409532
48 -5.20417042793e-18 0.406261130029 0.29289092281
49 0.202992234382 0.406212548264 0.292791409532
50 0.406189759012 0.406189759012 0.29220945899
51 -0.407555903404 -0.407555903404 0.484488505146
52 -0.203771488413 -0.40763829021 0.485125199198
53 1.73472347598e-17 -0.407635257003 0.485307363759
54 0.203771488413 -0.40763829021 0.485125199198
55 0.407555903404 -0.407555903404 0.484488505146
56 -0.40763829021 -0.203771488413 0.485125199198
57 -0.20380615732 -0.20380615732 0.4857580131
58 1.56125112838e-17 -0.203811055462 0.485943013913
59 0.20380615732 -0.20380615732 0.4857580131
60 0.40763829021 -0.203771488413 0.485125199198
61 -0.407635257003 -2.16840434497e-17 0.485307363759
62 -0.203811055462 -2.86229373536e-17 0.485943013913
63 -3.46944695195e-18 -1.82145964978e-17 0.486136739833
64 0.203811055462 -1.73472347598e-18 0.485943013913
65 0.407635257003 2.60208521397e-18 0.485307363759
66 -0.40763829021 0.203771488413 0.485125199198
67 -0.20380615732 0.20380615732 0.4857580131
68 1.73472347598e-18 0.203811055462 0.485943013913
69 0.20380615732 0.20380615732 0.4857580131
70 0.40763829021 0.203771488413 0.485125199198
71 -0.407555903404 0.407555903404 0.484488505146
72 -0.203771488413 0.40763829021 0.485125199198
73 1.04083408559e-17 0.407635257003 0.485307363759
74 0.203771488413 0.40763829021 0.485125199198
75 0.407555903404 0.407555903404 0.484488505146
76 -0.408065923881 -0.408065923881 0.676125128406
77 -0.204053373314 -0.408150454782 0.676646868575
78 1.30104260698e-17 -0.408164218361 0.676840370063
79 0.204053373314 -0.408150454782 0.676646868575
80 0.408065923881 -0.408065923881 0.676125128406
81 -0.408150454782 -0.204053373314 0.676646868575
82 -0.204090067212 -0.204090067212 0.677172800097
83 3.64291929955e-17 -0.204100893128 0.677366908365
84 0.204090067212 -0.204090067212 0.677172800097
85 0.408150454782 -0.204053373314 0.676646868575
86 -0.408164218361 -1.99493199737e-17 0.676840370063
87 -0.204100893128 -1.64798730218e-17 0.677366908365
88 1.38777878078e-17 -9.54097911787e-18 0.677560063083
89 0.204100893128 2.60208521397e-18 0.677366908365
90 0.408164218361 2.42861286637e-17 0.676840370063
91 -0.408150454782 0.204053373314 0.676646868575
92 -0.204090067212 0.204090067212 0.677172800097
93 -2.60208521397e-18 0.204100893128 0.677366908365
94 0.204090067212 0.204090067212 0.677172800097
95 0.408150454782 0.204053373314 0.676646868575
96 -0.408065923881 0.408065923881 0.676125128406
97 -0.204053373314 0.408150454782 0.676646868575
98 -6.93889390391e-18 0.408164218361 0.676840370063
99 0.204053373314 0.408150454782 0.676646868575
100 0.408065923881 0.408065923881 0.676125128406
101 -0.408303491033 -0.408303491033 0.86743521958
102 -0.204180789397 -0.40834642097 0.867841745566
103 1.73472347598e-17 -0.408355887983 0.868008644267
104 0.204180789397 -0.40834642097 0.867841745566
105 0.408303491033 -0.408303491033 0.86743521958
106 -0.40834642097 -0.204180789397 0.867841745566
107 -0.204200383363 -0.204200383363 0.868255905267
108 3.81639164715e-17 -0.204207002659 0.868422223149
109 0.204200383363 -0.204200383363 0.868255905267
110 0.40834642097 -0.204180789397 0.867841745566
111 -0.408355887983 -2.68882138776e-17 0.868008644267
112 -0.204207002659 -3.98986399475e-17 0.868422223149
113 5.20417042793e-18 -3.12250225676e-17 0.868583648874
114 0.204207002659 1.12757025938e-17 0.868422223149
115 0.408355887983 2.34187669257e-17 0.868008644267
116 -0.40834642097 0.204180789397 0.867841745566
117 -0.204200383363 0.204200383363 0.868255905267
118 -3.12250225676e-17 0.204207002659 0.868422223149
119 0.204200383363 0.204200383363 0.868255905267
120 0.40834642097 0.204180789397 0.867841745566
121 -0.408303491033 0.408303491033 0.86743521958
122 -0.204180789397 0.40834642097 0.867841745566
123 -5.72458747072e-17 0.408355887983 0.868008644267
124 0.204180789397 0.40834642097 0.867841745566
125 0.408303491033 0.408303491033 0.86743521958
*Step  = 5
*Time  = 0.5
*Data  = x;y;z
1 -0.403322075697 -0.403322075697 0.0973204698123
2 -0.201553240991 -0.403305602944 0.0976361533285
3 7.8062556419e-18 -0.403373123632 0.0976617739363
4 0.201553240991 -0.403305602944 0.0976361533285
5 0.403322075697 -0.403322075697 0.0973204698123
6 -0.403305602944 -0.201553240991 0.0976361533285
7 -0.201550044032 -0.201550044032 0.0979470446478
8 6.93889390391e-18 -0.201576003361 0.0979762285701
9 0.201550044032 -0.201550044032 0.0979470446478
10 0.403305602944 -0.201553240991 0.0976361533285
11 -0.403373123632 -8.67361737988e-19 0.0976617739363
12 -0.201576003361 0 0.0979762285701
13 -2.60208521397e-18 -1.21430643318e-17 0.0980122900522
14 0.201576003361 -6.07153216592e-18 0.0979762285701
15 0.403373123632 -4.33680868994e-18 0.0976617739363
16 -0.403305602944 0.201553240991 0.0976361533285
17 -0.201550044032 0.201550044032 0.0979470446478
18 3.46944695195e-18 0.201576003361 0.0979762285701
19 0.201550044032 0.201550044032 0.0979470446478
20 0.403305602944 0.201553240991 0.0976361533285
21 -0.403322075697 0.403322075697 0.0973204698123
22 -0.201553240991 0.403305602944 0.0976361533285
23 2.60208521397e-18 0.403373123632 0.0976617739363
24 0.201553240991 0.403305602944 0.0976361533285
25 0.403322075697 0.403322075697 0.0973204698123
26 -0.407918337215 -0.407918337215 0.289950591713
27 -0.203832300399 -0.407944116498 0.290713157593
28 1.82145964978e-17 -0.408002468106 0.290844624937
29 0.203832300399 -0.407944116498 0.290713157593
30 0.407918337215 -0.407918337215 0.289950591713
31 -0.407944116498 -0.203832300399 0.290713157593
32 -0.203846374004 -0.203846374004 0.291465509279
33 8.67361737988e-18 -0.203872179355 0.291603665968
34 0.203846374004 -0.203846374004 0.291465509279
35 0.407944116498 -0.203832300399 0.290713157593
36 -0.408002468106 1.82145964978e-17 0.290844624937
37 -0.203872179355 8.67361737988e-19 0.291603665968
38 -2.08166817117e-17 -1.82145964978e-17 0.291758686469
39 0.203872179355 -4.33680868994e-18 0.291603665968
40 0.408002468106 3.46944695195e-18 0.290844624937
41 -0.407944116498 0.203832300399 0.290713157593
42 -0.203846374004 0.203846374004 0.291465509279
43 6.07153216592e-18 0.203872179355 0.291603665968
44 0.203846374004 0.203846374004 0.291465509279
45 0.407944116498 0.203832300399 0.290713157593
46 -0.407918337215 0.407918337215 0.289950591713
47 -0.203832300399 0.407944116498 0.290713157593
48 2.08166817117e-17 0.408002468106 0.290844624937
49 0.203832300399 0.407944116498 0.290713157593
50 0.407918337215 0.407918337215 0.289950591713
51 -0.409659234344 -0.409659234344 0.480007433573
52 -0.204823557247 -0.409764679712 0.480835703408
53 1.12757025938e-17 -0.409759810298 0.481072761336
54 0.204823557247 -0.409764679712 0.480835703408
55 0.409659234344 -0.409659234344 0.480007433573
56 -0.409764679712 -0.204823557247 0.480835703408
57 -0.204867905428 -0.204867905428 0.481659576959
58 3.46944695195e-18 -0.204873621766 0.481900357137
59 0.204867905428 -0.204867905428 0.481659576959
60 0.409764679712 -0.204823557247 0.480835703408
61 -0.409759810298 2.16840434497e-17 0.481072761336
62 -0.204873621766 1.04083408559e-17 0.481900357137
63 -1.64798730218e-17 -6.93889390391e-18 0.482152260953
64 0.204873621766 3.46944695195e-18 0.481900357137
65 0.409759810298 8.67361737988e-18 0.481072761336
66 -0.409764679712 0.204823557247 0.480835703408
67 -0.204867905428 0.204867905428 0.481659576959
68 4.33680868994e-18 0.204873621766 0.481900357137
69 0.204867905428 0.204867905428 0.481659576959
70 0.409764679712 0.204823557247 0.480835703408
71 -0.409659234344 0.409659234344 0.480007433573
72 -0.204823557247 0.409764679712 0.480835703408
73 2.16840434497e-17 0.409759810298 0.481072761336
74 0.204823557247 0.409764679712 0.480835703408
75 0.409659234344 0.409659234344 0.480007433573
76 -0.410308172783 -0.410308172783 0.669228336922
77 -0.205181155834 -0.410417183592 0.669903419715
78 -6.93889390391e-18 -0.41043516861 0.670153493505
79 0.205181155834 -0.410417183592 0.669903419715
80 0.410308172783 -0.410308172783 0.669228336922
81 -0.410417183592 -0.205181155834 0.669903419715
82 -0.205228463451 -0.205228463451 0.670584820731
83 -3.46944695195e-18 -0.205242482247 0.670835917084
84 0.205228463451 -0.205228463451 0.670584820731
85 0.410417183592 -0.205181155834 0.669903419715
86 -0.41043516861 1.21430643318e-17 0.670153493505
87 -0.205242482247 1.04083408559e-17 0.670835917084
88 -1.30104260698e-17 -2.60208521397e-18 0.671085689675
89 0.205242482247 0 0.670835917084
90 0.41043516861 2.08166817117e-17 0.670153493505
91 -0.410417183592 0.205181155834 0.669903419715
92 -0.205228463451 0.205228463451 0.670584820731
93 -5.20417042793e-18 0.205242482247 0.670835917084
94 0.205228463451 0.205228463451 0.670584820731
95 0.410417183592 0.205181155834 0.669903419715
96 -0.410308172783 0.410308172783 0.669228336922
97 -0.205181155834 0.410417183592 0.669903419715
98 -1.12757025938e-17 0.41043516861 0.670153493505
99 0.205181155834 0.410417183592 0.669903419715
100 0.410308172783 0.410308172783 0.669228336922
101 -0.410607453888 -0.410607453888 0.858023810177
102 -0.205340867818 -0.410664094281 0.858546706925
103 -1.21430643318e-17 -0.410677412703 0.858761053313
104 0.205340867818 -0.410664094281 0.858546706925
105 0.410607453888 -0.410607453888 0.858023810177
106 -0.410664094281 -0.205340867818 0.858546706925
107 -0.205366604895 -0.205366604895 0.85908087162
108 -1.73472347598e-17 -0.205375642131 0.859294920052
109 0.205366604895 -0.205366604895 0.85908087162
110 0.410664094281 -0.205340867818 0.858546706925
111 -0.410677412703 -8.67361737988e-19 0.858761053313
112 -0.205375642131 -1.90819582357e-17 0.859294920052
113 -2.16840434497e-17 -2.16840434497e-17 0.859502611254
114 0.205375642131 -1.64798730218e-17 0.859294920052
115 0.410677412703 1.04083408559e-17 0.858761053313
116 -0.410664094281 0.205340867818 0.858546706925
117 -0.205366604895 0.205366604895 0.85908087162
118 -2.34187669257e-17 0.205375642131 0.859294920052
119 0.205366604895 0.205366604895 0.85908087162
120 0.410664094281 0.205340867818 0.858546706925
121 -0.410607453888 0.410607453888 0.858023810177
122 -0.205340867818 0.410664094281 0.858546706925
123 -4.16333634234e-17 0.410677412703 0.858761053313
124 0.205340867818 0.410664094281 0.858546706925
125 0.410607453888 0.410607453888 0.858023810177
*Step  = 6
*Time  = 0.6
*Data  = x;y;z
1 -0.404088269616 -0.404088269616 0.0966688457314
2 -0.201915261142 -0.404063914311 0.0970699196019
3 4.33680868994e-18 -0.404143313229 0.0971039898977
4 0.201915261142 -0.404063914311 0.0970699196019
5 0.404088269616 -0.404088269616 0.0966688457314
6 -0.404063914311 -0.201915261142 0.0970699196019
7 -0.201909297439 -0.201909297439 0.097464468277
8 2.60208521397e-18 -0.20193956694 0.0975031474369
9 0.201909297439 -0.201909297439 0.097464468277
10 0.404063914311 -0.201915261142 0.0970699196019
11 -0.404143313229 -1.21430643318e-17 0.0971039898977
12 -0.20193956694 -1.56125112838e-17 0.0975031474369
13 -1.21430643318e-17 -9.54097911787e-18 0.097550421734
14 0.20193956694 -8.67361737988e-19 0.0975031474369
15 0.404143313229 1.73472347598e-18 0.0971039898977
16 -0.404063914311 0.201915261142 0.0970699196019
17 -0.201909297439 0.201909297439 0.097464468277
18 -8.67361737988e-19 0.20193956694 0.0975031474369
19 0.201909297439 0.201909297439 0.097464468277
20 0.404063914311 0.201915261142 0.0970699196019
21 -0.404088269616 0.404088269616 0.0966688457314
22 -0.201915261142 0.404063914311 0.0970699196019
23 2.60208521397e-18 0.404143313229 0.0971039898977
24 0.201915261142 0.404063914311 0.0970699196019
25 0.404088269616 0.404088269616 0.0966688457314
26 -0.409737863266 -0.409737863266 0.287531378856
27 -0.204718529245 -0.409765037546 0.288493653678
28 1.90819582357e-17 -0.409831872617 0.288661071736
29 0.204718529245 -0.409765037546 0.288493653678
30 0.409737863266 -0.409737863266 0.287531378856
31 -0.409765037546 -0.204718529245 0.288493653678
32 -0.204733574578 -0.204733574578 0.289442938712
33 1.30104260698e-17 -0.204762957018 0.289618803292
34 0.204733574578 -0.204733574578 0.289442938712
35 0.409765037546 -0.204718529245 0.288493653678
36 -0.409831872617 -2.25514051877e-17 0.288661071736
37 -0.204762957018 -9.54097911787e-18 0.289618803292
38 -1.04083408559e-17 -1.56125112838e-17 0.289815552764
39 0.204762957018 0 0.289618803292
40 0.409831872617 1.30104260698e-17 0.288661071736
41 -0.409765037546 0.204718529245 0.288493653678
42 -0.204733574578 0.204733574578 0.289442938712
43 6.07153216592e-18 0.204762957018 0.289618803292
44 0.204733574578 0.204733574578 0.289442938712
45 0.409765037546 0.204718529245 0.288493653678
46 -0.409737863266 0.409737863266 0.287531378856
47 -0.204718529245 0.409765037546 0.288493653678
48 7.8062556419e-18 0.409831872617 0.288661071736
49 0.204718529245 0.409765037546 0.288493653678
50 0.409737863266 0.409737863266 0.287531378856
51 -0.411871254382 -0.411871254382 0.475214720964
52 -0.205930961523 -0.412000991119 0.476252318805
53 1.56125112838e-17 -0.411993779528 0.476549445499
54 0.205930961523 -0.412000991119 0.476252318805
55 0.411871254382 -0.411871254382 0.475214720964
56 -0.412000991119 -0.205930961523 0.476252318805
57 -0.205985489532 -0.205985489532 0.477285249921
58 1.99493199737e-17 -0.205991829943 0.477587067394
59 0.205985489532 -0.205985489532 0.477285249921
60 0.412000991119 -0.205930961523 0.476252318805
61 -0.411993779528 -8.67361737988e-19 0.476549445499
62 -0.205991829943 -8.67361737988e-19 0.477587067394
63 1.30104260698e-17 1.21430643318e-17 0.477902519349
64 0.205991829943 2.34187669257e-17 0.477587067394
65 0.411993779528 3.12250225676e-17 0.476549445499
66 -0.412000991119 0.205930961523 0.476252318805
67 -0.205985489532 0.205985489532 0.477285249921
68 6.93889390391e-18 0.205991829943 0.477587067394
69 0.205985489532 0.205985489532 0.477285249921
70 0.412000991119 0.205930961523 0.476252318805
71 -0.411871254382 0.411871254382 0.475214720964
72 -0.205930961523 0.412000991119 0.476252318805
73 1.73472347598e-17 0.411993779528 0.476549445499
74 0.205930961523 0.412000991119 0.476252318805
75 0.411871254382 0.411871254382 0.475214720964
76 -0.412665859091 -0.412665859091 0.661850145237
77 -0.206367459562 -0.412801100448 0.662691183136
78 2.60208521397e-18 -0.412823736736 0.663002332946
79 0.206367459562 -0.412801100448 0.662691183136
80 0.412665859091 -0.412665859091 0.661850145237
81 -0.412801100448 -0.206367459562 0.662691183136
82 -0.206426130518 -0.206426130518 0.663541288326
83 9.54097911787e-18 -0.206443604473 0.663854032368
84 0.206426130518 -0.206426130518 0.663541288326
85 0.412801100448 -0.206367459562 0.662691183136
86 -0.412823736736 -2.60208521397e-18 0.663002332946
87 -0.206443604473 1.38777878078e-17 0.663854032368
88 4.33680868994e-18 4.25007251614e-17 0.664165020022
89 0.206443604473 5.03069808033e-17 0.663854032368
90 0.412823736736 6.24500451352e-17 0.663002332946
91 -0.412801100448 0.206367459562 0.662691183136
92 -0.206426130518 0.206426130518 0.663541288326
93 -2.60208521397e-18 0.206443604473 0.663854032368
94 0.206426130518 0.206426130518 0.663541288326
95 0.412801100448 0.206367459562 0.662691183136
96 -0.412665859091 0.412665859091 0.661850145237
97 -0.206367459562 0.412801100448 0.662691183136
98 -4.33680868994e-18 0.412823736736 0.663002332946
99 0.206367459562 0.412801100448 0.662691183136
100 0.412665859091 0.412665859091 0.661850145237
101 -0.413028564028 -0.413028564028 0.847951394801
102 -0.206559987452 -0.413100491581 0.848598699058
103 -1.21430643318e-17 -0.41311844482 0.848863582547
104 0.206559987452 -0.413100491581 0.848598699058
105 0.413028564028 -0.413028564028 0.847951394801
106 -0.413100491581 -0.206559987452 0.848598699058
107 -0.20659252173 -0.20659252173 0.849261922361
108 2.60208521397e-18 -0.206604379653 0.849527056155
109 0.20659252173 -0.20659252173 0.849261922361
110 0.413100491581 -0.206559987452 0.848598699058
111 -0.41311844482 8.67361737988e-19 0.848863582547
112 -0.206604379653 2.25514051877e-17 0.849527056155
113 -5.20417042793e-18 5.63785129692e-17 0.849784249492
114 0.206604379653 4.25007251614e-17 0.849527056155
115 0.41311844482 4.68375338514e-17 0.848863582547
116 -0.413100491581 0.206559987452 0.848598699058
117 -0.20659252173 0.20659252173 0.849261922361
118 -2.16840434497e-17 0.206604379653 0.849527056155
119 0.20659252173 0.20659252173 0.849261922361
120 0.413100491581 0.206559987452 0.848598699058
121 -0.413028564028 0.413028564028 0.847951394801
122 -0.206559987452 0.413100491581 0.848598699058
123 -4.33680868994e-17 0.41311844482 0.848863582547
124 0.206559987452 0.413100491581 0.848598699058
125 0.413028564028 0.413028564028 0.847951394801
*Step  = 7
*Time  = 0.7
*Data  = x;y;z
1 -0.404899293102 -0.404899293102 0.0959643912673
2 -0.202299875393 -0.404864748167 0.0964616153986
3 -2.60208521397e-18 -0.404955170572 0.0965058807842
4 0.202299875393 -0.404864748167 0.0964616153986
5 0.404899293102 -0.404899293102 0.0959643912673
6 -0.404864748167 -0.202299875393 0.0964616153986
7 -0.202290059174 -0.202290059174 0.0969500586294
8 1.73472347598e-18 -0.202324164439 0.0970000624326
9 0.202290059174 -0.202290059174 0.0969500586294
10 0.404864748167 -0.202299875393 0.0964616153986
11 -0.404955170572 -8.67361737988e-18 0.0965058807842
12 -0.202324164439 -8.67361737988e-18 0.0970000624326
13 8.67361737988e-19 -1.90819582357e-17 0.0970605059398
14 0.202324164439 -1.30104260698e-17 0.0970000624326
15 0.404955170572 6.07153216592e-18 0.0965058807842
16 -0.404864748167 0.202299875393 0.0964616153986
17 -0.202290059174 0.202290059174 0.0969500586294
18 1.73472347598e-18 0.202324164439 0.0970000624326
19 0.202290059174 0.202290059174 0.0969500586294
20 0.404864748167 0.202299875393 0.0964616153986
21 -0.404899293102 0.404899293102 0.0959643912673
22 -0.202299875393 0.404864748167 0.0964616153986
23 2.60208521397e-18 0.404955170572 0.0965058807842
24 0.202299875393 0.404864748167 0.0964616153986
25 0.404899293102 0.404899293102 0.0959643912673
26 -0.4116620751 -0.4116620751 0.284925112243
27 -0.205657837018 -0.411688635762 0.286110088535
28 3.46944695195e-18 -0.411762420502 0.286318373172
29 0.205657837018 -0.411688635762 0.286110088535
30 0.4116620751 -0.4116620751 0.284925112243
31 -0.411688635762 -0.205657837018 0.286110088535
32 -0.205672857656 -0.205672857656 0.287278777461
33 4.33680868994e-18 -0.205705028454 0.287497369508
34 0.205672857656 -0.205672857656 0.287278777461
35 0.411688635762 -0.205657837018 0.286110088535
36 -0.411762420502 -2.77555756156e-17 0.286318373172
37 -0.205705028454 -2.68882138776e-17 0.287497369508
38 -1.30104260698e-17 -2.25514051877e-17 0.287741130306
39 0.205705028454 -1.04083408559e-17 0.287497369508
40 0.411762420502 8.67361737988e-19 0.286318373172
41 -0.411688635762 0.205657837018 0.286110088535
42 -0.205672857656 0.205672857656 0.287278777461
43 -8.67361737988e-19 0.205705028454 0.287497369508
44 0.205672857656 0.205672857656 0.287278777461
45 0.411688635762 0.205657837018 0.286110088535
46 -0.4116620751 0.4116620751 0.284925112243
47 -0.205657837018 0.411688635762 0.286110088535
48 1.73472347598e-18 0.411762420502 0.286318373172
49 0.205657837018 0.411688635762 0.286110088535
50 0.4116620751 0.4116620751 0.284925112243
51 -0.414209233827 -0.414209233827 0.47005757548
52 -0.207102448102 -0.414364636578 0.47132608206
53 1.73472347598e-17 -0.414354514093 0.471689610251
54 0.207102448102 -0.414364636578 0.47132608206
55 0.414209233827 -0.414209233827 0.47005757548
56 -0.414364636578 -0.207102448102 0.47132608206
57 -0.207167708825 -0.207167708825 0.472589941992
58 1.47451495458e-17 -0.207174451084 0.472959217468
59 0.207167708825 -0.207167708825 0.472589941992
60 0.414364636578 -0.207102448102 0.47132608206
61 -0.414354514093 -3.03576608296e-17 0.471689610251
62 -0.207174451084 -3.20923843056e-17 0.472959217468
63 -3.46944695195e-18 -2.16840434497e-17 0.473344767976
64 0.207174451084 -4.33680868994e-18 0.472959217468
65 0.414354514093 -7.8062556419e-18 0.471689610251
66 -0.414364636578 0.207102448102 0.47132608206
67 -0.207167708825 0.207167708825 0.472589941992
68 -3.46944695195e-18 0.207174451084 0.472959217468
69 0.207167708825 0.207167708825 0.472589941992
70 0.414364636578 0.207102448102 0.47132608206
71 -0.414209233827 0.414209233827 0.47005757548
72 -0.207102448102 0.414364636578 0.47132608206
73 -8.67361737988e-19 0.414354514093 0.471689610251
74 0.207102448102 0.414364636578 0.47132608206
75 0.414209233827 0.414209233827 0.47005757548
76 -0.415158068987 -0.415158068987 0.653907397194
77 -0.207621940177 -0.41532155118 0.654929896607
78 3.20923843056e-17 -0.415349348389 0.655307645171
79 0.207621940177 -0.41532155118 0.654929896607
80 0.415158068987 -0.415158068987 0.653907397194
81 -0.41532155118 -0.207621940177 0.654929896607
82 -0.207692833653 -0.207692833653 0.655964981755
83 2.86229373536e-17 -0.20771406884 0.656345090986
84 0.207692833653 -0.207692833653 0.655964981755
85 0.41532155118 -0.207621940177 0.654929896607
86 -0.415349348389 -4.07660016855e-17 0.655307645171
87 -0.20771406884 -3.38271077815e-17 0.656345090986
88 1.12757025938e-17 -1.82145964978e-17 0.656722942353
89 0.20771406884 -8.67361737988e-18 0.656345090986
90 0.415349348389 -3.46944695195e-18 0.655307645171
91 -0.41532155118 0.207621940177 0.654929896607
92 -0.207692833653 0.207692833653 0.655964981755
93 4.33680868994e-18 0.20771406884 0.656345090986
94 0.207692833653 0.207692833653 0.655964981755
95 0.41532155118 0.207621940177 0.654929896607
96 -0.415158068987 0.415158068987 0.653907397194
97 -0.207621940177 0.41532155118 0.654929896607
98 -5.20417042793e-18 0.415349348389 0.655307645171
99 0.207621940177 0.41532155118 0.654929896607
100 0.415158068987 0.415158068987 0.653907397194
101 -0.415586697122 -0.415586697122 0.837101943834
102 -0.207848178397 -0.415675644457 0.83788366973
103 2.25514051877e-17 -0.415699116602 0.838202876681
104 0.207848178397 -0.415675644457 0.83788366973
105 0.415586697122 -0.415586697122 0.837101943834
106 -0.415675644457 -0.207848178397 0.83788366973
107 -0.207888225584 -0.207888225584 0.838687232486
108 2.94902990916e-17 -0.207903355037 0.839007578985
109 0.207888225584 -0.207888225584 0.838687232486
110 0.415675644457 -0.207848178397 0.83788366973
111 -0.415699116602 -5.37764277553e-17 0.838202876681
112 -0.207903355037 -5.63785129692e-17 0.839007578985
113 1.38777878078e-17 -4.42354486374e-17 0.83931827373
114 0.207903355037 -3.72965547335e-17 0.839007578985
115 0.415699116602 -2.86229373536e-17 0.838202876681
116 -0.415675644457 0.207848178397 0.83788366973
117 -0.207888225584 0.207888225584 0.838687232486
118 5.20417042793e-18 0.207903355037 0.839007578985
119 0.207888225584 0.207888225584 0.838687232486
120 0.415675644457 0.207848178397 0.83788366973
121 -0.415586697122 0.415586697122 0.837101943834
122 -0.207848178397 0.415675644457 0.83788366973
123 -4.25007251614e-17 0.415699116602 0.838202876681
124 0.207848178397 0.415675644457 0.83788366973
125 0.415586697122 0.415586697122 0.837101943834
*Step  = 8
*Time  = 0.8
*Data  = x;y;z
1 -0.405762059254 -0.405762059254 0.0951977676394
2 -0.202710541329 -0.40571445606 0.0958042171477
3 6.93889390391e-18 -0.405814829735 0.0958608731395
4 0.202710541329 -0.40571445606 0.0958042171477
5 0.405762059254 -0.405762059254 0.0951977676394
6 -0.40571445606 -0.202710541329 0.0958042171477
7 -0.202695512841 -0.202695512841 0.0963988953312
8 3.46944695195e-18 -0.202732851908 0.0964624737488
9 0.202695512841 -0.202695512841 0.0963988953312
10 0.40571445606 -0.202710541329 0.0958042171477
11 -0.405814829735 -1.21430643318e-17 0.0958608731395
12 -0.202732851908 -1.21430643318e-17 0.0964624737488
13 -1.73472347598e-18 -1.12757025938e-17 0.0965384677747
14 0.202732851908 -7.8062556419e-18 0.0964624737488
15 0.405814829735 -1.47451495458e-17 0.0958608731395
16 -0.40571445606 0.202710541329 0.0958042171477
17 -0.202695512841 0.202695512841 0.0963988953312
18 8.67361737988e-19 0.202732851908 0.0964624737488
19 0.202695512841 0.202695512841 0.0963988953312
20 0.40571445606 0.202710541329 0.0958042171477
21 -0.405762059254 0.405762059254 0.0951977676394
22 -0.202710541329 0.40571445606 0.0958042171477
23 -1.73472347598e-18 0.405814829735 0.0958608731395
24 0.202710541329 0.40571445606 0.0958042171477
25 0.405762059254 0.405762059254 0.0951977676394
26 -0.413707754574 -0.413707754574 0.282098428299
27 -0.206658684257 -0.413731132683 0.283534189931
28 1.47451495458e-17 -0.413810011452 0.283789455431
29 0.206658684257 -0.413731132683 0.283534189931
30 0.413707754574 -0.413707754574 0.282098428299
31 -0.413731132683 -0.206658684257 0.283534189931
32 -0.206672398168 -0.206672398168 0.284949621215
33 6.07153216592e-18 -0.206706386419 0.285217121397
34 0.206672398168 -0.206672398168 0.284949621215
35 0.413731132683 -0.206658684257 0.283534189931
36 -0.413810011452 -4.07660016855e-17 0.283789455431
37 -0.206706386419 -3.72965547335e-17 0.285217121397
38 0 -3.64291929955e-17 0.285514366761
39 0.206706386419 -2.77555756156e-17 0.285217121397
40 0.413810011452 -2.94902990916e-17 0.283789455431
41 -0.413731132683 0.206658684257 0.283534189931
42 -0.206672398168 0.206672398168 0.284949621215
43 3.46944695195e-18 0.206706386419 0.285217121397
44 0.206672398168 0.206672398168 0.284949621215
45 0.413731132683 0.206658684257 0.283534189931
46 -0.413707754574 0.413707754574 0.282098428299
47 -0.206658684257 0.413731132683 0.283534189931
48 -9.54097911787e-18 0.413810011452 0.283789455431
49 0.206658684257 0.413731132683 0.283534189931
50 0.413707754574 0.413707754574 0.282098428299
51 -0.416694615759 -0.416694615759 0.464469701526
52 -0.208348911701 -0.416877284012 0.465995657812
53 1.30104260698e-17 -0.416863614489 0.466433402425
54 0.208348911701 -0.416877284012 0.465995657812
55 0.416694615759 -0.416694615759 0.464469701526
56 -0.416877284012 -0.208348911701 0.465995657812
57 -0.208425540544 -0.208425540544 0.467517349517
58 6.07153216592e-18 -0.208432432084 0.467961998271
59 0.208425540544 -0.208425540544 0.467517349517
60 0.416877284012 -0.208348911701 0.465995657812
61 -0.416863614489 -6.24500451352e-17 0.466433402425
62 -0.208432432084 -5.46437894933e-17 0.467961998271
63 3.46944695195e-18 -4.59701721134e-17 0.468425722523
64 0.208432432084 -4.42354486374e-17 0.467961998271
65 0.416863614489 -4.68375338514e-17 0.466433402425
66 -0.416877284012 0.208348911701 0.465995657812
67 -0.208425540544 0.208425540544 0.467517349517
68 4.33680868994e-18 0.208432432084 0.467961998271
69 0.208425540544 0.208425540544 0.467517349517
70 0.416877284012 0.208348911701 0.465995657812
71 -0.416694615759 0.416694615759 0.464469701526
72 -0.208348911701 0.416877284012 0.465995657812
73 1.73472347598e-18 0.416863614489 0.466433402425
74 0.208348911701 0.416877284012 0.465995657812
75 0.416694615759 0.416694615759 0.464469701526
76 -0.417808765468 -0.417808765468 0.645295156614
77 -0.208956786989 -0.418002959713 0.646518158325
78 1.99493199737e-17 -0.418036553301 0.646969274224
79 0.208956786989 -0.418002959713 0.646518158325
80 0.417808765468 -0.417808765468 0.645295156614
81 -0.418002959713 -0.208956786989 0.646518158325
82 -0.209040953287 -0.209040953287 0.647758262399
83 2.51534904017e-17 -0.209066329627 0.648212762647
84 0.209040953287 -0.209040953287 0.647758262399
85 0.418002959713 -0.208956786989 0.646518158325
86 -0.418036553301 -9.10729824888e-17 0.646969274224
87 -0.209066329627 -8.50014503229e-17 0.648212762647
88 6.93889390391e-18 -6.76542155631e-17 0.648664430777
89 0.209066329627 -5.29090660173e-17 0.648212762647
90 0.418036553301 -4.07660016855e-17 0.646969274224
91 -0.418002959713 0.208956786989 0.646518158325
92 -0.209040953287 0.209040953287 0.647758262399
93 -3.46944695195e-18 0.209066329627 0.648212762647
94 0.209040953287 0.209040953287 0.647758262399
95 0.418002959713 0.208956786989 0.646518158325
96 -0.417808765468 0.417808765468 0.645295156614
97 -0.208956786989 0.418002959713 0.646518158325
98 -1.12757025938e-17 0.418036553301 0.646969274224
99 0.208956786989 0.418002959713 0.646518158325
100 0.417808765468 0.417808765468 0.645295156614
101 -0.418306696771 -0.418306696771 0.825328673201
102 -0.209218023739 -0.418414962409 0.826256807926
103 4.07660016855e-17 -0.418445088108 0.826634876224
104 0.209218023739 -0.418414962409 0.826256807926
105 0.418306696771 -0.418306696771 0.825328673201
106 -0.418414962409 -0.209218023739 0.826256807926
107 -0.209266527715 -0.209266527715 0.827214373059
108 4.51028103754e-17 -0.209285512077 0.827594931486
109 0.209266527715 -0.209266527715 0.827214373059
110 0.418414962409 -0.209218023739 0.826256807926
111 -0.418445088108 -1.30971622436e-16 0.826634876224
112 -0.209285512077 -1.35308431126e-16 0.827594931486
113 1.73472347598e-17 -1.21430643318e-16 0.827963978593
114 0.209285512077 -9.02056207508e-17 0.827594931486
115 0.418445088108 -6.50521303491e-17 0.826634876224
116 -0.418414962409 0.209218023739 0.826256807926
117 -0.209266527715 0.209266527715 0.827214373059
118 -1.64798730218e-17 0.209285512077 0.827594931486
119 0.209266527715 0.209266527715 0.827214373059
120 0.418414962409 0.209218023739 0.826256807926
121 -0.418306696771 0.418306696771 0.825328673201
122 -0.209218023739 0.418414962409 0.826256807926
123 -4.42354486374e-17 0.418445088108 0.826634876224
124 0.209218023739 0.418414962409 0.826256807926
125 0.418306696771 0.418306696771 0.825328673201
*Step  = 9
*Time  = 0.9
*Data  = x;y;z
1 -0.406686068862 -0.406686068862 0.0943561950983
2 -0.203151973919 -0.406621759942 0.095088155722
3 1.73472347598e-17 -0.406730724617 0.0951600280255
4 0.203151973919 -0.406621759942 0.095088155722
5 0.406686068862 -0.406686068862 0.0943561950983
6 -0.406621759942 -0.203151973919 0.095088155722
7 -0.203129992995 -0.203129992995 0.0958043053176
8 9.54097911787e-18 -0.20316979234 0.0958842894583
9 0.203129992995 -0.203129992995 0.0958043053176
10 0.406621759942 -0.203151973919 0.095088155722
11 -0.406730724617 -1.21430643318e-17 0.0951600280255
12 -0.20316979234 -1.12757025938e-17 0.0958842894583
13 -1.73472347598e-18 -1.12757025938e-17 0.0959787977242
14 0.20316979234 -9.54097911787e-18 0.0958842894583
15 0.406730724617 -8.67361737988e-19 0.0951600280255
16 -0.406621759942 0.203151973919 0.095088155722
17 -0.203129992995 0.203129992995 0.0958043053176
18 1.73472347598e-18 0.20316979234 0.0958842894583
19 0.203129992995 0.203129992995 0.0958043053176
20 0.406621759942 0.203151973919 0.095088155722
21 -0.406686068862 0.406686068862 0.0943561950983
22 -0.203151973919 0.406621759942 0.095088155722
23 2.60208521397e-18 0.406730724617 0.0951600280255
24 0.203151973919 0.406621759942 0.095088155722
25 0.406686068862 0.406686068862 0.0943561950983
26 -0.415898126783 -0.415898126783 0.279005357703
27 -0.207732718084 -0.415914935554 0.280727174151
28 2.86229373536e-17 -0.415996612632 0.281037248088
29 0.207732718084 -0.415914935554 0.280727174151
30 0.415898126783 -0.415898126783 0.279005357703
31 -0.415914935554 -0.207732718084 0.280727174151
32 -0.207743428433 -0.207743428433 0.282423533784
33 1.73472347598e-17 -0.207778011778 0.282747772198
34 0.207743428433 -0.207743428433 0.282423533784
35 0.415914935554 -0.207732718084 0.280727174151
36 -0.415996612632 -2.42861286637e-17 0.281037248088
37 -0.207778011778 -2.08166817117e-17 0.282747772198
38 8.67361737988e-18 -3.03576608296e-17 0.283106658794
39 0.207778011778 -2.16840434497e-17 0.282747772198
40 0.415996612632 2.60208521397e-18 0.281037248088
41 -0.415914935554 0.207732718084 0.280727174151
42 -0.207743428433 0.207743428433 0.282423533784
43 1.30104260698e-17 0.207778011778 0.282747772198
44 0.207743428433 0.207743428433 0.282423533784
45 0.415914935554 0.207732718084 0.280727174151
46 -0.415898126783 0.415898126783 0.279005357703
47 -0.207732718084 0.415914935554 0.280727174151
48 8.67361737988e-18 0.415996612632 0.281037248088
49 0.207732718084 0.415914935554 0.280727174151
50 0.415898126783 0.415898126783 0.279005357703
51 -0.419357347785 -0.419357347785 0.458359170858
52 -0.209685519011 -0.419569106328 0.460176346235
53 1.82145964978e-17 -0.419551141876 0.460698301996
54 0.209685519011 -0.419569106328 0.460176346235
55 0.419357347785 -0.419357347785 0.458359170858
56 -0.419569106328 -0.209685519011 0.460176346235
57 -0.209774228549 -0.209774228549 0.46199009233
58 1.21430643318e-17 -0.209780963985 0.462520220746
59 0.209774228549 -0.209774228549 0.46199009233
60 0.419569106328 -0.209685519011 0.460176346235
61 -0.419551141876 -2.94902990916e-17 0.460698301996
62 -0.209780963985 -3.12250225676e-17 0.462520220746
63 1.82145964978e-17 -4.51028103754e-17 0.463072422708
64 0.209780963985 -2.68882138776e-17 0.462520220746
65 0.419551141876 -9.54097911787e-18 0.460698301996
66 -0.419569106328 0.209685519011 0.460176346235
67 -0.209774228549 0.209774228549 0.46199009233
68 2.51534904017e-17 0.209780963985 0.462520220746
69 0.209774228549 0.209774228549 0.46199009233
70 0.419569106328 0.209685519011 0.460176346235
71 -0.419357347785 0.419357347785 0.458359170858
72 -0.209685519011 0.419569106328 0.460176346235
73 3.46944695195e-18 0.419551141876 0.460698301996
74 0.209685519011 0.419569106328 0.460176346235
75 0.419357347785 0.419357347785 0.458359170858
76 -0.420651634429 -0.420651634429 0.635867178339
77 -0.210389081412 -0.420879545451 0.63731515166
78 1.82145964978e-17 -0.420919727368 0.637848301883
79 0.210389081412 -0.420879545451 0.63731515166
80 0.420651634429 -0.420651634429 0.635867178339
81 -0.420879545451 -0.210389081412 0.63731515166
82 -0.210487792553 -0.210487792553 0.638786060946
83 2.60208521397e-17 -0.210517777509 0.639323963853
84 0.210487792553 -0.210487792553 0.638786060946
85 0.420879545451 -0.210389081412 0.63731515166
86 -0.420919727368 -3.20923843056e-17 0.637848301883
87 -0.210517777509 -3.12250225676e-17 0.639323963853
88 2.77555756156e-17 -2.60208521397e-17 0.639858383259
89 0.210517777509 -6.93889390391e-18 0.639323963853
90 0.420919727368 7.8062556419e-18 0.637848301883
91 -0.420879545451 0.210389081412 0.63731515166
92 -0.210487792553 0.210487792553 0.638786060946
93 1.99493199737e-17 0.210517777509 0.639323963853
94 0.210487792553 0.210487792553 0.638786060946
95 0.420879545451 0.210389081412 0.63731515166
96 -0.420651634429 0.420651634429 0.635867178339
97 -0.210389081412 0.420879545451 0.63731515166
98 -2.51534904017e-17 0.420919727368 0.637848301883
99 0.210389081412 0.420879545451 0.63731515166
100 0.420651634429 0.420651634429 0.635867178339
101 -0.421223814894 -0.421223814894 0.81242607125
102 -0.210687353957 -0.421354195775 0.813516041191
103 1.90819582357e-17 -0.42139236815 0.813958727556
104 0.210687353957 -0.421354195775 0.813516041191
105 0.421223814894 -0.421223814894 0.81242607125
106 -0.421354195775 -0.210687353957 0.813516041191
107 -0.210745456862 -0.210745456862 0.814645272814
108 2.77555756156e-17 -0.210769009709 0.815092434173
109 0.210745456862 -0.210745456862 0.814645272814
110 0.421354195775 -0.210687353957 0.813516041191
111 -0.42139236815 -7.02563007771e-17 0.813958727556
112 -0.210769009709 -5.55111512313e-17 0.815092434173
113 1.99493199737e-17 -2.68882138776e-17 0.815526060774
114 0.210769009709 -9.54097911787e-18 0.815092434173
115 0.42139236815 -4.33680868994e-18 0.813958727556
116 -0.421354195775 0.210687353957 0.813516041191
117 -0.210745456862 0.210745456862 0.814645272814
118 -8.67361737988e-18 0.210769009709 0.815092434173
119 0.210745456862 0.210745456862 0.814645272814
120 0.421354195775 0.210687353957 0.813516041191
121 -0.421223814894 0.421223814894 0.81242607125
122 -0.210687353957 0.421354195775 0.813516041191
123 -5.11743425413e-17 0.42139236815 0.813958727556
124 0.210687353957 0.421354195775 0.813516041191
125 0.421223814894 0.421223814894 0.81242607125
*Step  = 10
*Time  = 1
*Data  = x;y;z
1 -0.407684710815 -0.407684710815 0.0934216029992
2 -0.203630777577 -0.407598900885 0.094300006368
3 1.12757025938e-17 -0.407714688744 0.0943908376907
4 0.203630777577 -0.407598900885 0.094300006368
5 0.407684710815 -0.407684710815 0.0934216029992
6 -0.407598900885 -0.203630777577 0.094300006368
7 -0.203599542964 -0.203599542964 0.0951570196652
8 3.46944695195e-18 -0.203640783247 0.0952570748692
9 0.203599542964 -0.203599542964 0.0951570196652
10 0.407598900885 -0.203630777577 0.094300006368
11 -0.407714688744 1.73472347598e-18 0.0943908376907
12 -0.203640783247 -4.33680868994e-18 0.0952570748692
13 -6.93889390391e-18 -1.73472347598e-17 0.0953738912017
14 0.203640783247 -3.46944695195e-18 0.0952570748692
15 0.407714688744 1.04083408559e-17 0.0943908376907
16 -0.407598900885 0.203630777577 0.094300006368
17 -0.203599542964 0.203599542964 0.0951570196652
18 0 0.203640783247 0.0952570748692
19 0.203599542964 0.203599542964 0.0951570196652
20 0.407598900885 0.203630777577 0.094300006368
21 -0.407684710815 0.407684710815 0.0934216029992
22 -0.203630777577 0.407598900885 0.094300006368
23 -2.60208521397e-18 0.407714688744 0.0943908376907
24 0.203630777577 0.407598900885 0.094300006368
25 0.407684710815 0.407684710815 0.0934216029992
26 -0.418266212408 -0.418266212408 0.275580435917
27 -0.208896435268 -0.418271809033 0.277634148747
28 3.20923843056e-17 -0.418353349542 0.278009398648
29 0.208896435268 -0.418271809033 0.277634148747
30 0.418266212408 -0.418266212408 0.275580435917
31 -0.418271809033 -0.208896435268 0.277634148747
32 -0.208901810774 -0.208901810774 0.279655655569
33 2.08166817117e-17 -0.208935398504 0.280046891274
34 0.208901810774 -0.208901810774 0.279655655569
35 0.418271809033 -0.208896435268 0.277634148747
36 -0.418353349542 3.46944695195e-18 0.278009398648
37 -0.208935398504 -1.47451495458e-17 0.280046891274
38 -4.33680868994e-18 -2.60208521397e-17 0.280478045552
39 0.208935398504 -4.33680868994e-18 0.280046891274
40 0.418353349542 1.30104260698e-17 0.278009398648
41 -0.418271809033 0.208896435268 0.277634148747
42 -0.208901810774 0.208901810774 0.279655655569
43 3.46944695195e-18 0.208935398504 0.280046891274
44 0.208901810774 0.208901810774 0.279655655569
45 0.418271809033 0.208896435268 0.277634148747
46 -0.418266212408 0.418266212408 0.275580435917
47 -0.208896435268 0.418271809033 0.277634148747
48 2.60208521397e-18 0.418353349542 0.278009398648
49 0.208896435268 0.418271809033 0.277634148747
50 0.418266212408 0.418266212408 0.275580435917
51 -0.422240526498 -0.422240526498 0.451594113774
52 -0.211134058132 -0.422483444111 0.453747188685
53 3.12250225676e-17 -0.422460250839 0.454366656329
54 0.211134058132 -0.422483444111 0.453747188685
55 0.422240526498 -0.422240526498 0.451594113774
56 -0.422483444111 -0.211134058132 0.453747188685
57 -0.211235637443 -0.211235637443 0.455898235413
58 3.55618312575e-17 -0.211241821503 0.45652726081
59 0.211235637443 -0.211235637443 0.455898235413
60 0.422483444111 -0.211134058132 0.453747188685
61 -0.422460250839 -1.99493199737e-17 0.454366656329
62 -0.211241821503 -2.34187669257e-17 0.45652726081
63 2.68882138776e-17 -1.38777878078e-17 0.457181604851
64 0.211241821503 -5.20417042793e-18 0.45652726081
65 0.422460250839 1.73472347598e-18 0.454366656329
66 -0.422483444111 0.211134058132 0.453747188685
67 -0.211235637443 0.211235637443 0.455898235413
68 3.38271077815e-17 0.211241821503 0.45652726081
69 0.211235637443 0.211235637443 0.455898235413
70 0.422483444111 0.211134058132 0.453747188685
71 -0.422240526498 0.422240526498 0.451594113774
72 -0.211134058132 0.422483444111 0.453747188685
73 3.72965547335e-17 0.422460250839 0.454366656329
74 0.211134058132 0.422483444111 0.453747188685
75 0.422240526498 0.422240526498 0.451594113774
76 -0.42373552196 -0.42373552196 0.625412426024
77 -0.211943558709 -0.424000881722 0.627118288084
78 5.46437894933e-17 -0.424048664716 0.627745087007
79 0.211943558709 -0.424000881722 0.627118288084
80 0.42373552196 -0.42373552196 0.625412426024
81 -0.424000881722 -0.211943558709 0.627118288084
82 -0.212058394504 -0.212058394504 0.628854677238
83 5.11743425413e-17 -0.212093576846 0.629488058705
84 0.212058394504 -0.212058394504 0.628854677238
85 0.424000881722 -0.211943558709 0.627118288084
86 -0.424048664716 -4.25007251614e-17 0.627745087007
87 -0.212093576846 -2.77555756156e-17 0.629488058705
88 6.24500451352e-17 -1.82145964978e-17 0.630117217995
89 0.212093576846 -2.60208521397e-18 0.629488058705
90 0.424048664716 1.12757025938e-17 0.627745087007
91 -0.424000881722 0.211943558709 0.627118288084
92 -0.212058394504 0.212058394504 0.628854677238
93 5.98479599212e-17 0.212093576846 0.629488058705
94 0.212058394504 0.212058394504 0.628854677238
95 0.424000881722 0.211943558709 0.627118288084
96 -0.42373552196 0.42373552196 0.625412426024
97 -0.211943558709 0.424000881722 0.627118288084
98 6.33174068732e-17 0.424048664716 0.627745087007
99 0.211943558709 0.424000881722 0.627118288084
100 0.42373552196 0.42373552196 0.625412426024
101 -0.42438930734 -0.42438930734 0.79809623835
102 -0.212282081086 -0.424545195487 0.799369126763
103 1.03216046821e-16 -0.424593150724 0.799884136502
104 0.212282081086 -0.424545195487 0.799369126763
105 0.42438930734 -0.42438930734 0.79809623835
106 -0.424545195487 -0.212282081086 0.799369126763
107 -0.212351167024 -0.212351167024 0.800694099291
108 8.15320033709e-17 -0.212380168921 0.80121644233
109 0.212351167024 -0.212351167024 0.800694099291
110 0.424545195487 -0.212282081086 0.799369126763
111 -0.424593150724 -3.55618312575e-17 0.799884136502
112 -0.212380168921 -3.29597460436e-17 0.80121644233
113 6.76542155631e-17 -3.81639164715e-17 0.801723046118
114 0.212380168921 -2.51534904017e-17 0.80121644233
115 0.424593150724 -2.60208521397e-17 0.799884136502
116 -0.424545195487 0.212282081086 0.799369126763
117 -0.212351167024 0.212351167024 0.800694099291
118 6.41847686111e-17 0.212380168921 0.80121644233
119 0.212351167024 0.212351167024 0.800694099291
120 0.424545195487 0.212282081086 0.799369126763
121 -0.42438930734 0.42438930734 0.79809623835
122 -0.212282081086 0.424545195487 0.799369126763
123 5.29090660173e-17 0.424593150724 0.799884136502
124 0.212282081086 0.424545195487 0.799369126763
125 0.42438930734 0.42438930734 0.79809623835
