1,0.052640073001384735,-0.035850249230861664,0.07941672205924988
2,0.05592578649520874,-0.008529693819582462,0.08082912117242813
3,0.05944521352648735,0.021976009011268616,0.08192600309848785
4,0.0631965845823288,0.05567117780447006,0.08270256221294403
5,0.000964299775660038,-0.027174128219485283,0.07626651227474213
6,-0.006523280404508114,0.002000926062464714,0.0766645222902298
7,-0.014844442717730999,0.03454860299825668,0.07661716639995575
8,-0.024001004174351692,0.07047320902347565,0.07611928135156631
9,-0.047793082892894745,-0.01624637469649315,0.06827853620052338
10,-0.06541302055120468,0.014988260343670845,0.06690219789743423
11,-0.08486758917570114,0.049781590700149536,0.06489582359790802
12,-0.10615872591733932,0.08813760429620743,0.06225401163101196
13,-0.08593365550041199,-0.004564763978123665,0.0568370595574379
14,-0.11147572100162506,0.028636857867240906,0.053212832659482956
15,-0.1396348476409912,0.06555375456809998,0.048747166991233826
16,-0.17041291296482086,0.10618923604488373,0.0434347465634346
17,-0.1074393168091774,0.00652119517326355,0.043609291315078735
18,-0.13746680319309235,0.0413394495844841,0.03759865090250969
19,-0.17055584490299225,0.0799761563539505,0.030540693551301956
20,-0.20670846104621887,0.12243389338254929,0.02243031933903694
21,-0.1088966503739357,0.01599966362118721,0.030294589698314667
22,-0.13927654922008514,0.0519033707678318,0.022091977298259735
23,-0.17275677621364594,0.0916597992181778,0.012672850862145424
24,-0.20933958888053894,0.13527105748653412,0.0020325370132923126
25,-0.09002218395471573,0.023324349895119667,0.018377695232629776
26,-0.11656171083450317,0.05970360338687897,0.008458822034299374
27,-0.14582890272140503,0.09989643096923828,-0.0027834344655275345
28,-0.17782607674598694,0.1439039409160614,-0.015353252179920673
29,-0.05370749533176422,0.028463046997785568,0.008923539891839027
30,-0.07280037552118301,0.06474034488201141,-0.002046896144747734
31,-0.09389329701662064,0.1047246903181076,-0.014369386248290539
32,-0.1169888973236084,0.14841631054878235,-0.028047339990735054
33,0.10974100977182388,-0.03204001858830452,0.0943438857793808
34,0.11058559268712997,-0.0038581006228923798,0.09557200968265533
35,0.11165448278188705,0.027511440217494965,0.09648372232913971
36,0.11294516921043396,0.06207188218832016,0.097074493765831
37,0.05937648564577103,-0.01723271980881691,0.0937943235039711
38,0.04957418143749237,0.013397112488746643,0.09425967931747437
39,0.038929957896471024,0.04740465432405472,0.0942799523472786
40,0.027441080659627914,0.08479218184947968,0.09384991228580475
41,0.012854915112257004,-0.0007515177130699158,0.0883803442120552
42,-0.006863726768642664,0.03247533738613129,0.08732038736343384
43,-0.02842407114803791,0.06926832348108292,0.08563180267810822
44,-0.05182903632521629,0.10962855815887451,0.0833088606595993
45,-0.022211162373423576,0.015692289918661118,0.07938726246356964
46,-0.049554772675037384,0.05134717375040054,0.07631626725196838
47,-0.0795208215713501,0.09072653949260712,0.07240640372037888
48,-0.11211265623569489,0.13383039832115173,0.0676516443490982
49,-0.03992193192243576,0.030566252768039703,0.06838824599981308
50,-0.07138388603925705,0.0682043582201004,0.0631464272737503
51,-0.10591097176074982,0.10967180877923965,0.05686090514063835
52,-0.1435071974992752,0.15496718883514404,0.049525536596775055
53,-0.03700989484786987,0.04271307215094566,0.0569969117641449
54,-0.06840132921934128,0.08169487863779068,0.04974918067455292
55,-0.10289493203163147,0.12454131245613098,0.04128938168287277
56,-0.14049537479877472,0.17125020921230316,0.03161173313856125
57,-0.013359306380152702,0.051483605057001114,0.046624135226011276
58,-0.04044804722070694,0.09108100831508636,0.03780951350927353
59,-0.07026432454586029,0.13450446724891663,0.027676690369844437
60,-0.10281378030776978,0.1817505955696106,0.016220130026340485
61,0.027954615652561188,0.05679040029644966,0.03827549144625664
62,0.00879662111401558,0.09630215167999268,0.028516218066215515
63,-0.012359462678432465,0.1395334154367447,0.017410673201084137
64,-0.03552032262086868,0.18648001551628113,0.0049537234008312225
65,0.18137827515602112,-0.03217402100563049,0.09178821742534637
66,0.1797911375761032,-0.0031313449144363403,0.09282618761062622
67,0.17841890454292297,0.02910030633211136,0.09354639798402786
68,0.17725731432437897,0.06452327966690063,0.09394606202840805
69,0.13232682645320892,-0.011236704885959625,0.09383909404277802
70,0.12021908909082413,0.020847849547863007,0.0943661630153656
71,0.10726141184568405,0.05631382018327713,0.09444791078567505
72,0.09344929456710815,0.0951618105173111,0.09408056735992432
73,0.088042713701725,0.01079675555229187,0.09099908173084259
74,0.0662345215678215,0.046016331762075424,0.09025003015995026
75,0.042578376829624176,0.08480794727802277,0.08887331187725067
76,0.017069334164261818,0.1271701604127884,0.0868643969297409
77,0.05605214461684227,0.03200168162584305,0.0844545066356659
78,0.02691628970205784,0.07011067867279053,0.08193141967058182
79,-0.0048464019782841206,0.11195187270641327,0.078571617603302
80,-0.039241619408130646,0.15752224624156952,0.0743698924779892
81,0.04213663190603256,0.0506628081202507,0.07568436861038208
82,0.009249639697372913,0.09112216532230377,0.07120612263679504
83,-0.026704935356974602,0.1354198157787323,0.06568749994039536
84,-0.06573378294706345,0.18355108797550201,0.05912284553050995
85,0.04941757395863533,0.06547723710536957,0.06621655821800232
86,0.017024289816617966,0.10753874480724335,0.05991854518651962
87,-0.01847182773053646,0.15347528457641602,0.05241277441382408
88,-0.057078540325164795,0.20328012108802795,0.04369370639324188
89,0.0778428241610527,0.07569337636232376,0.05738801881670952
90,0.050215091556310654,0.1185106486082077,0.04967256262898445
91,0.019860871136188507,0.16516464948654175,0.040643949061632156
92,-0.013229375705122948,0.21564780175685883,0.030296731740236282
93,0.12415377795696259,0.08116845041513443,0.05014492943882942
94,0.10494150966405869,0.12391623854637146,0.041591815650463104
95,0.0837336853146553,0.17039434611797333,0.031697943806648254
96,0.06051905080676079,0.22059443593025208,0.020458359271287918
97,0.2675463557243347,-0.03625914454460144,0.0717555433511734
98,0.2635435461997986,-0.006357863545417786,0.07259289175271988
99,0.2597452700138092,0.026732653379440308,0.0731109231710434
100,0.256145715713501,0.06301421672105789,0.07330991327762604
101,0.21981236338615417,-0.009194642305374146,0.07640650868415833
102,0.20541536808013916,0.024343393743038177,0.07698512822389603
103,0.19015982747077942,0.06126527488231659,0.07711803168058395
104,0.17403961718082428,0.10157027840614319,0.07680417597293854
105,0.17776954174041748,0.01838827133178711,0.07614043354988098
106,0.15388815104961395,0.05560018867254257,0.07569244503974915
107,0.12815231084823608,0.09638847410678864,0.07461768388748169
108,0.10055525600910187,0.14074987173080444,0.07291392982006073
109,0.14885714650154114,0.04435192793607712,0.07204455137252808
110,0.11794562637805939,0.08491538465023041,0.07005983591079712
111,0.08440305292606354,0.12921693921089172,0.06724055111408234
112,0.048221394419670105,0.17725124955177307,0.06358356773853302
113,0.13873758912086487,0.06679833680391312,0.06550364941358566
114,0.10444271564483643,0.11007963865995407,0.06177978962659836
115,0.06707799434661865,0.15720660984516144,0.05701874569058418
116,0.02663421258330345,0.20817145705223083,0.05121694132685661
117,0.15038619935512543,0.08427901566028595,0.05795978754758835
118,0.11700878292322159,0.12942150235176086,0.05260248854756355
119,0.08052819967269897,0.17844699323177338,0.04604175314307213
120,0.04093322530388832,0.2313460260629654,0.03827357664704323
121,0.18358281254768372,0.09594026952981949,0.050675712525844574
122,0.15543457865715027,0.14197862148284912,0.04405059292912483
123,0.12456079572439194,0.1918625831604004,0.03611740097403526
124,0.09094821661710739,0.24558113515377045,0.026872210204601288
125,0.23488590121269226,0.10158315300941467,0.04453832283616066
126,0.21563860774040222,0.1475684940814972,0.037182651460170746
127,0.19439776241779327,0.19729307293891907,0.028491921722888947
128,0.17114771902561188,0.25074511766433716,0.018462345004081726
129,0.36824333667755127,-0.044306859374046326,0.034253865480422974
130,0.36184942722320557,-0.013551726937294006,0.0348723828792572
131,0.3556467890739441,0.02039242535829544,0.03517156094312668
132,0.3496299684047699,0.0575268417596817,0.03515420854091644
133,0.32183510065078735,-0.011120602488517761,0.04150407761335373
134,0.30517393350601196,0.02386721968650818,0.04211660474538803
135,0.2876429259777069,0.062240637838840485,0.0422845333814621
136,0.26923632621765137,0.1039978563785553,0.042008958756923676
137,0.28204062581062317,0.02200654149055481,0.04381176084280014
138,0.25611189007759094,0.061208128929138184,0.04364782199263573
139,0.2283196598291397,0.10398945212364197,0.042859289795160294
140,0.1986573487520218,0.1503458172082901,0.04144611209630966
141,0.25621098279953003,0.05272425711154938,0.042164940387010574
142,0.22355063259601593,0.09574037790298462,0.04070216789841652
143,0.188252255320549,0.1424994319677353,0.0384080670773983
144,0.15030807256698608,0.19299405813217163,0.035281676799058914
145,0.24988879263401031,0.07895201444625854,0.03785388544201851
146,0.21421366930007935,0.12505435943603516,0.03486836701631546
147,0.17546382546424866,0.17500822246074677,0.030850201845169067
148,0.13362964987754822,0.22880367934703827,0.02579745650291443
149,0.2659025490283966,0.09909634292125702,0.032234542071819305
150,0.2315695732831955,0.14731933176517487,0.027802377939224243
151,0.1941300630569458,0.19943201541900635,0.022172212600708008
152,0.15357229113578796,0.2554225027561188,0.015341773629188538
153,0.3038643002510071,0.11220115423202515,0.026495501399040222
154,0.27522486448287964,0.16146084666252136,0.020945392549037933
155,0.2438577264547348,0.21457308530807495,0.014093495905399323
156,0.20974859595298767,0.2715245187282562,0.0059373751282691956
157,0.3601500988006592,0.11801210045814514,0.021463975310325623
158,0.3408978581428528,0.1672351360321045,0.015290625393390656
159,0.3196505606174469,0.2202043980360031,0.0077889710664749146
160,0.2963912785053253,0.27690601348876953,-0.0010431855916976929
161,0.4834759831428528,-0.05633418262004852,-0.02070966362953186
162,0.4747264087200165,-0.024733662605285645,-0.020338408648967743
163,0.46614521741867065,0.010056540369987488,-0.020280703902244568
164,0.4577365517616272,0.04803702235221863,-0.020536452531814575
165,0.43840664625167847,-0.01703573763370514,-0.010861814022064209
166,0.41951772570610046,0.01939496397972107,-0.01024298369884491
167,0.3997383117675781,0.05921317636966705,-0.010062195360660553
168,0.3790717124938965,0.1024167388677597,-0.010320834815502167
169,0.40087178349494934,0.021626517176628113,-0.005980879068374634
170,0.3729334771633148,0.0628122091293335,-0.0058875977993011475
171,0.3431130647659302,0.10758066177368164,-0.006411440670490265
172,0.311413049697876,0.155926913022995,-0.007554873824119568
173,0.3781321942806244,0.057090118527412415,-0.005178384482860565
174,0.3437621295452118,0.10255444049835205,-0.006145395338535309
175,0.30673733353614807,0.15176568925380707,-0.007935084402561188
176,0.2670591175556183,0.2047165483236313,-0.010551154613494873
177,0.3756091594696045,0.08709275722503662,-0.007258899509906769
178,0.3385942280292511,0.13601253926753998,-0.009531408548355103
179,0.2984895706176758,0.18878856301307678,-0.012827090919017792
180,0.25529465079307556,0.24541114270687103,-0.01715049147605896
181,0.3959835171699524,0.10989618301391602,-0.010952837765216827
182,0.36073651909828186,0.16119691729545593,-0.014484696090221405
183,0.3223693072795868,0.21639245748519897,-0.019204169511795044
184,0.28087908029556274,0.2754715085029602,-0.025116220116615295
185,0.4386998414993286,0.1244421899318695,-0.015146255493164062
186,0.4096117317676544,0.17692063748836517,-0.01964569091796875
187,0.3777828514575958,0.23325729370117188,-0.025435879826545715
188,0.3432082235813141,0.29343897104263306,-0.03252193331718445
189,0.49995240569114685,0.13042095303535461,-0.01907166838645935
190,0.4807385802268982,0.18287967145442963,-0.024086788296699524
191,0.45951682329177856,0.2390899658203125,-0.030418723821640015
192,0.4362795948982239,0.29903867840766907,-0.038072481751441956
193,0.6132646799087524,-0.07236620783805847,-0.09313186258077621
194,0.602208137512207,-0.03993290662765503,-0.09304983913898468
195,0.5912706851959229,-0.004304870963096619,-0.09325763583183289
196,0.5804949998855591,0.03451573848724365,-0.0937771126627922
197,0.569553554058075,-0.026971057057380676,-0.08068933337926865
198,0.5484875440597534,0.010891720652580261,-0.0801050215959549
199,0.5264829397201538,0.05214734375476837,-0.07993486523628235
200,0.5035816431045532,0.0967925637960434,-0.08020137995481491
201,0.5342946648597717,0.017211496829986572,-0.07323642075061798
202,0.5043992400169373,0.06037220358848572,-0.07292569428682327
203,0.4725753962993622,0.10712100565433502,-0.07320763170719147
204,0.43886327743530273,0.15745380520820618,-0.07410566508769989
205,0.5146555304527283,0.05740782618522644,-0.06998466700315475
206,0.478630006313324,0.10531283915042877,-0.07049448788166046
207,0.4399048089981079,0.15697021782398224,-0.07180213928222656
208,0.39851903915405273,0.2123747020959854,-0.07393167912960052
209,0.5159333944320679,0.09117461740970612,-0.06983399391174316
210,0.47763487696647644,0.14290578663349152,-0.07143118977546692
211,0.43620243668556213,0.1984984129667282,-0.07402625679969788
212,0.3916740417480469,0.2579464316368103,-0.0776434987783432
213,0.5406607985496521,0.11662980914115906,-0.0716017633676529
214,0.5045576691627502,0.1710028350353241,-0.074270099401474
215,0.4652903079986572,0.22927626967430115,-0.0781002938747406
216,0.4228959083557129,0.29144272208213806,-0.08311690390110016
217,0.5881146192550659,0.13261325657367706,-0.07424890995025635
218,0.5586369037628174,0.18830598890781403,-0.07773394882678986
219,0.526374340057373,0.24786213040351868,-0.08248354494571686
220,0.49136337637901306,0.31127339601516724,-0.0885222852230072
221,0.6543093323707581,0.13875959813594818,-0.07706807553768158
222,0.6351937651634216,0.19444923102855682,-0.08096092939376831
223,0.6140255331993103,0.2538963556289673,-0.08614417910575867
224,0.5908406376838684,0.3170914649963379,-0.0926419347524643
225,0.757640540599823,-0.09244419634342194,-0.183009535074234
226,0.7443387508392334,-0.05918961763381958,-0.18327519297599792
227,0.7310507297515869,-0.02272479236125946,-0.18376532196998596
228,0.7179304957389832,0.01693323254585266,-0.18457630276679993
229,0.7153171300888062,-0.040978193283081055,-0.1679776906967163
230,0.6921361684799194,-0.0016911625862121582,-0.16748487949371338
231,0.66791170835495,0.041002094745635986,-0.16734161972999573
232,0.6427975296974182,0.08708816766738892,-0.16764305531978607
233,0.6823585033416748,0.008699864149093628,-0.1579558402299881
234,0.6505692005157471,0.0538310706615448,-0.1574830412864685
235,0.6167468428611755,0.10256198048591614,-0.1575390100479126
236,0.581044614315033,0.1548822969198227,-0.1582178920507431
237,0.6658342480659485,0.05360719561576843,-0.1522558182477951
238,0.6282182931900024,0.10395115613937378,-0.15236258506774902
239,0.5877978205680847,0.15805751085281372,-0.15320377051830292
240,0.5447263717651367,0.21591846644878387,-0.15487250685691833
241,0.6709146499633789,0.09112071990966797,-0.14987380802631378
242,0.6313996315002441,0.14566382765769958,-0.15084856748580933
243,0.588644802570343,0.20407696068286896,-0.15275831520557404
244,0.5428058505058289,0.2663545608520508,-0.15569491684436798
245,0.6999817490577698,0.11921516060829163,-0.14971473813056946
246,0.6630920171737671,0.17666327953338623,-0.1515716165304184
247,0.6229310035705566,0.23801922798156738,-0.1545277237892151
248,0.5796564817428589,0.3032782971858978,-0.15867392718791962
249,0.7521453499794006,0.13662967085838318,-0.15081526339054108
250,0.7223505973815918,0.19554010033607483,-0.15333721041679382
251,0.6896620988845825,0.25832128524780273,-0.15706144273281097
252,0.654240608215332,0.324968159198761,-0.1620776355266571
253,0.8232425451278687,0.14294332265853882,-0.15252840518951416
254,0.8043009638786316,0.2018682360649109,-0.1553499698638916
255,0.7831956744194031,0.2645571231842041,-0.15939964354038239
256,0.7600909471511841,0.3310052156448364,-0.16476623713970184
257,-0.005578603595495224,0.03186127915978432,0.002444039098918438
258,-0.01476158108562231,0.06759320944547653,-0.008842788636684418
259,-0.024972939863801003,0.10687505453824997,-0.02142805978655815
260,-0.03621554747223854,0.1497061550617218,-0.035314373672008514
261,0.046864286065101624,0.03432709723711014,-0.0011443328112363815
262,0.04852920025587082,0.06928103417158127,-0.012067594565451145
263,0.05023333802819252,0.10760194063186646,-0.024161972105503082
264,0.05197381228208542,0.14928783476352692,-0.037429213523864746
265,0.09539546072483063,0.03685677796602249,-0.0024666963145136833
266,0.10717131197452545,0.07105157524347305,-0.012514938600361347
267,0.11998764425516129,0.10843223333358765,-0.023553084582090378
268,0.13384118676185608,0.14899618923664093,-0.03558199852705002
269,0.13232514262199402,0.04043135419487953,-0.0025494778528809547
270,0.15190665423870087,0.07413288205862045,-0.011463058181107044
271,0.17331069707870483,0.11086978763341904,-0.0211595818400383
272,0.19653399288654327,0.1506384313106537,-0.03163888677954674
273,0.15168191492557526,0.04581373929977417,-0.0026170359924435616
274,0.17554166913032532,0.07948952168226242,-0.01042860746383667
275,0.20166775584220886,0.11610382795333862,-0.018822286278009415
276,0.2300572246313095,0.15565225481987,-0.027797019109129906
277,0.15013474225997925,0.05338297411799431,-0.003857813775539398
278,0.17405706644058228,0.08762013167142868,-0.010883590206503868
279,0.2002836912870407,0.12476775050163269,-0.018327821046113968
280,0.2288116067647934,0.16482099890708923,-0.02618868462741375
281,0.12751571834087372,0.06303031742572784,-0.007197143975645304
282,0.1472364217042923,0.09843121469020844,-0.013980625197291374
283,0.16888730227947235,0.13678817451000214,-0.021081509068608284
284,0.19246582686901093,0.17809587717056274,-0.028497125953435898
285,0.0868603065609932,0.07413557171821594,-0.01311374083161354
286,0.09871530532836914,0.11120735853910446,-0.020330699160695076
287,0.11177140474319458,0.1513478010892868,-0.027842320501804352
288,0.12602655589580536,0.19455115497112274,-0.03564523905515671
289,0.08111367374658585,0.05907243490219116,0.032420381903648376
290,0.07235287129878998,0.09793063253164291,0.022405117750167847
291,0.0625673234462738,0.14035090804100037,0.011097457259893417
292,0.0517493411898613,0.18632827699184418,-0.0015069544315338135
293,0.13842464983463287,0.05918038636445999,0.02895130217075348
294,0.14098317921161652,0.09703259915113449,0.019311178475618362
295,0.1435864120721817,0.13826274871826172,0.008505981415510178
296,0.14622557163238525,0.1828652024269104,-0.0034677572548389435
297,0.19147467613220215,0.05820167809724808,0.02723856084048748
298,0.20458193123340607,0.09495489299297333,0.018435724079608917
299,0.218736469745636,0.13490384817123413,0.00864880159497261
300,0.23392878472805023,0.17804226279258728,-0.0021247155964374542
301,0.232400581240654,0.057251594960689545,0.026270771399140358
302,0.2537004351615906,0.09307383000850677,0.01851695217192173
303,0.27683112025260925,0.1319391429424286,0.009985659271478653
304,0.30178236961364746,0.17384125292301178,0.000675395131111145
305,0.25507697463035583,0.05726711452007294,0.02485753409564495
306,0.28097665309906006,0.09254436194896698,0.018075548112392426
307,0.30915209650993347,0.1307654082775116,0.010716304183006287
308,0.3395930230617523,0.17192399501800537,0.0027793757617473602
309,0.2560459077358246,0.05883369967341423,0.021862193942070007
310,0.2822515070438385,0.09409130364656448,0.01569625735282898
311,0.31077197194099426,0.1322622299194336,0.009115887805819511
312,0.3415966331958771,0.17334049940109253,0.002121778205037117
313,0.2350422441959381,0.0620729960501194,0.016426855698227882
314,0.25720250606536865,0.09787431359291077,0.010300345718860626
315,0.281304270029068,0.13663175702095032,0.003859587013721466
316,0.3073371648788452,0.17833973467350006,-0.0028936564922332764
317,0.19503961503505707,0.0666114017367363,0.008153309114277363
318,0.20939703285694122,0.1034480482339859,0.0013652369379997253
319,0.22496753931045532,0.14335063099861145,-0.0057153478264808655
320,0.2417411059141159,0.18631403148174286,-0.013085678219795227
321,0.1823405772447586,0.08233434706926346,0.04491417855024338
322,0.17401330173015594,0.12432055175304413,0.03616553917527199
323,0.16466517746448517,0.16987916827201843,0.026130311191082
324,0.15428315103054047,0.21900123357772827,0.014804113656282425
325,0.24451687932014465,0.08008506149053574,0.041564323008060455
326,0.2479812353849411,0.12083683162927628,0.03320235013961792
327,0.25149524211883545,0.1649760901927948,0.023681219667196274
328,0.25504404306411743,0.21249325573444366,0.012997232377529144
329,0.30208319425582886,0.07559838145971298,0.039461106061935425
330,0.31653469800949097,0.11491143703460693,0.031898632645606995
331,0.33203941583633423,0.15742821991443634,0.023357748985290527
332,0.3485812246799469,0.20313918590545654,0.013835873454809189
333,0.3470030426979065,0.07012441009283066,0.037608206272125244
334,0.37003475427627563,0.10806817561388016,0.031009087339043617
335,0.39490437507629395,0.14906123280525208,0.023637715727090836
336,0.4215940535068512,0.19309461116790771,0.015492536127567291
337,0.3729979991912842,0.06477400660514832,0.03484930843114853
338,0.4009513556957245,0.10165281593799591,0.029091741889715195
339,0.43118858337402344,0.14147956669330597,0.022761497646570206
340,0.46369123458862305,0.1842460334300995,0.015858244150877
341,0.3764824867248535,0.060338541865348816,0.0300995334982872
342,0.4049854874610901,0.09661652147769928,0.024788085371255875
343,0.43581250309944153,0.1358092576265335,0.01906600594520569
344,0.46894434094429016,0.17790961265563965,0.012934301048517227
345,0.3570948839187622,0.057170551270246506,0.022568389773368835
346,0.3817085921764374,0.09337165206670761,0.017093388363718987
347,0.40827399492263794,0.13252751529216766,0.01130702719092369
348,0.4367722272872925,0.1746324747800827,0.005211632698774338
349,0.3177465498447418,0.055142536759376526,0.011938359588384628
350,0.33462008833885193,0.0917430967092514,0.0055734384804964066
351,0.3527178466320038,0.1314052939414978,-0.0010820217430591583
352,0.3720211386680603,0.17412486672401428,-0.008024400100111961
353,0.2980942726135254,0.10163375735282898,0.03993193432688713
354,0.2902206778526306,0.14674913883209229,0.03244117647409439
355,0.2813289761543274,0.19544555246829987,0.023669838905334473
356,0.27140122652053833,0.2477106899023056,0.01361469179391861
357,0.36512941122055054,0.09702835977077484,0.03670106828212738
358,0.3695204257965088,0.1406807154417038,0.029608551412820816
359,0.3739645779132843,0.1877281218767166,0.02136281132698059
360,0.37844130396842957,0.23815836012363434,0.011961452662944794
361,0.4272061586380005,0.08903507143259048,0.034207191318273544
362,0.4430232346057892,0.13090857863426208,0.027876295149326324
363,0.4598977565765381,0.17599189281463623,0.02057274430990219
364,0.4778071343898773,0.2242734134197235,0.01229502260684967
365,0.47611522674560547,0.07903893291950226,0.031468942761421204
366,0.5009006857872009,0.11910416930913925,0.02601560950279236
367,0.5275288820266724,0.16222339868545532,0.019795238971710205
368,0.5559751987457275,0.20838554203510284,0.012807555496692657
369,0.5054258108139038,0.06832414120435715,0.02736435830593109
370,0.5354552268981934,0.10680408775806427,0.02262202650308609
371,0.5677741765975952,0.14823423326015472,0.017311647534370422
372,0.6023569703102112,0.1926053911447525,0.011434212327003479
373,0.5114249587059021,0.05788831412792206,0.020860344171524048
374,0.5422481298446655,0.09518516063690186,0.016393985599279404
375,0.5754018425941467,0.13539686799049377,0.011520791798830032
376,0.6108594536781311,0.1785157024860382,0.006243310868740082
377,0.4936547577381134,0.048314645886421204,0.011234011501073837
378,0.5207449793815613,0.0849132090806961,0.006400775164365768
379,0.5497946739196777,0.12446395307779312,0.0012591145932674408
380,0.5807769298553467,0.16696122288703918,-0.004186864942312241
381,0.45496389269828796,0.03972157835960388,-0.0017515532672405243
382,0.4743766784667969,0.07608276605606079,-0.00770341232419014
383,0.4950225353240967,0.1155003160238266,-0.01394374668598175
384,0.5168750286102295,0.1579705774784088,-0.020466875284910202
385,0.4283684492111206,0.11694835126399994,0.017481818795204163
386,0.420979380607605,0.1651930809020996,0.011233918368816376
387,0.4125710427761078,0.21702560782432556,0.0037125125527381897
388,0.4031236469745636,0.2724314332008362,-0.0050842538475990295
389,0.5002503395080566,0.10998894274234772,0.014369688928127289
390,0.5055994391441345,0.1565416306257248,0.008531473577022552
391,0.5110006928443909,0.20649541914463043,0.0015471726655960083
392,0.516431450843811,0.25983601808547974,-0.006584420800209045
393,0.5668259859085083,0.09849196672439575,0.011484608054161072
394,0.5840408802032471,0.14292478561401367,0.006370022892951965
395,0.6023123860359192,0.19057244062423706,0.00028958916664123535
396,0.6216153502464294,0.24142158031463623,-0.006756961345672607
397,0.61971515417099,0.0839768648147583,0.007860727608203888
398,0.6462873816490173,0.12616193294525146,0.0035375431180000305
399,0.6747015714645386,0.1714041829109192,-0.0015462562441825867
400,0.704930305480957,0.21969161927700043,-0.007389716804027557
401,0.6523355841636658,0.06790120899677277,0.002410389482975006
402,0.6844743490219116,0.107979416847229,-0.0013326182961463928
403,0.7189028859138489,0.15100935101509094,-0.005637966096401215
404,0.7555918097496033,0.19698096811771393,-0.010503217577934265
405,0.6608479022979736,0.0514683723449707,-0.005847319960594177
406,0.6940250396728516,0.0897802785038948,-0.00948505848646164
407,0.7295335531234741,0.13100628554821014,-0.013524509966373444
408,0.7673434615135193,0.17513832449913025,-0.017961762845516205
409,0.6446976065635681,0.035491958260536194,-0.017567679286003113
410,0.6742984652519226,0.07248291373252869,-0.021776072680950165
411,0.7058608531951904,0.1124228984117508,-0.026288606226444244
412,0.7393545508384705,0.15530650317668915,-0.031099587678909302
413,0.6066704988479614,0.02033662050962448,-0.03290687873959541
414,0.6286569833755493,0.05645217001438141,-0.03846312314271927
415,0.6518798470497131,0.09561814367771149,-0.04430428147315979
416,0.67630934715271,0.1378321349620819,-0.05042295530438423
417,0.5731616616249084,0.12824487686157227,-0.02242979407310486
418,0.5663009285926819,0.1796167939901352,-0.027458876371383667
419,0.5584078431129456,0.2345815747976303,-0.033749744296073914
420,0.549472451210022,0.29312556982040405,-0.0413070023059845
421,0.6498697996139526,0.11893501877784729,-0.025423794984817505
422,0.6562215089797974,0.1683853268623352,-0.030031800270080566
423,0.6626118421554565,0.22124150395393372,-0.035774216055870056
424,0.6690284013748169,0.27748966217041016,-0.04265494644641876
425,0.720925509929657,0.10393941402435303,-0.028700731694698334
426,0.7395831346511841,0.1509283483028412,-0.032623521983623505
427,0.7592834830284119,0.20113596320152283,-0.03750060498714447
428,0.7800119519233704,0.25454944372177124,-0.04333500564098358
429,0.7777798175811768,0.084911048412323,-0.03321072459220886
430,0.8061837553977966,0.1292114555835724,-0.036428630352020264
431,0.8364158868789673,0.17657193541526794,-0.040395982563495636
432,0.8684594631195068,0.2269808053970337,-0.04511474072933197
433,0.8137004971504211,0.06348054111003876,-0.04000673443078995
434,0.8479945659637451,0.1051514595746994,-0.04277587682008743
435,0.8845642805099487,0.14977547526359558,-0.046096719801425934
436,0.9233920574188232,0.1973428726196289,-0.04996972531080246
437,0.8247230648994446,0.04105678200721741,-0.050017163157463074
438,0.8603004217147827,0.08037658035755157,-0.05285225808620453
439,0.8981960415840149,0.12261022627353668,-0.05607905983924866
440,0.9383912086486816,0.16774970293045044,-0.05969651788473129
441,0.8101965188980103,0.018683359026908875,-0.06382939964532852
442,0.8423550724983215,0.056057870388031006,-0.06743971258401871
443,0.8764631152153015,0.09637933224439621,-0.07134462893009186
444,0.9125014543533325,0.13964225351810455,-0.07554147392511368
445,0.772843062877655,-0.0030290931463241577,-0.08151894062757492
446,0.7974509596824646,0.032830238342285156,-0.08670692890882492
447,0.8232845664024353,0.07173590362071991,-0.09217087924480438
448,0.8503250479698181,0.1136852353811264,-0.0979064330458641
449,0.7324795722961426,0.13547426462173462,-0.07980270683765411
450,0.7262078523635864,0.18996864557266235,-0.08364875614643097
451,0.718858003616333,0.24806156754493713,-0.08873012661933899
452,0.7104657292366028,0.3097429871559143,-0.09507037699222565
453,0.8139827251434326,0.12382009625434875,-0.08267942070960999
454,0.8213980793952942,0.17616301774978638,-0.08609335124492645
455,0.8288049697875977,0.23191703855991364,-0.09061503410339355
456,0.8362393379211426,0.29107198119163513,-0.09626761078834534
457,0.8894891738891602,0.10533392429351807,-0.08634907007217407
458,0.9096510410308838,0.1548728346824646,-0.08911649882793427
459,0.9308075308799744,0.20763562619686127,-0.09281183779239655
460,0.9529942870140076,0.2636120319366455,-0.097457155585289
461,0.9502849578857422,0.08180180191993713,-0.09174573421478271
462,0.9805828332901001,0.12821048498153687,-0.09389543533325195
463,1.012660026550293,0.1776839792728424,-0.09676836431026459
464,1.0465517044067383,0.2302119880914688,-0.10038574039936066
465,0.9894906878471375,0.05502676963806152,-0.0998869314789772
466,1.0260026454925537,0.09828135371208191,-0.10172012448310852
467,1.0647413730621338,0.14449360966682434,-0.1040789783000946
468,1.1057416200637817,0.19365349411964417,-0.1069834977388382
469,1.0030186176300049,0.026622220873832703,-0.11164829134941101
470,1.041059970855713,0.06693914532661438,-0.11371954530477524
471,1.0813701152801514,0.11017370223999023,-0.1161566823720932
472,1.123984932899475,0.15631650388240814,-0.11897854506969452
473,0.9901213645935059,-0.0021384209394454956,-0.12754884362220764
474,1.0249022245407104,0.035606637597084045,-0.130600705742836
475,1.0615841150283813,0.07630196213722229,-0.13392148911952972
476,1.1002018451690674,0.11993885040283203,-0.13752901554107666
477,0.9534566402435303,-0.030398815870285034,-0.1475832462310791
478,0.9807513356208801,0.00518876314163208,-0.15244358777999878
479,1.009224534034729,0.04382532835006714,-0.1575542539358139
480,1.0389107465744019,0.08550338447093964,-0.1629321277141571
481,0.9063263535499573,0.13855403661727905,-0.1546403467655182
482,0.900722324848175,0.19617468118667603,-0.15735432505607605
483,0.893926739692688,0.2574008107185364,-0.16124142706394196
484,0.8861080408096313,0.3222259283065796,-0.1663895696401596
485,0.9925745725631714,0.12456527352333069,-0.1574011594057083
486,1.001135230064392,0.17980340123176575,-0.15967199206352234
487,1.0095717906951904,0.23846055567264557,-0.1629885584115982
488,1.0180567502975464,0.30052775144577026,-0.1674378514289856
489,1.0724855661392212,0.10260221362113953,-0.16146492958068848
490,1.094236135482788,0.15469226241111755,-0.1631285697221756
491,1.1168632507324219,0.21001502871513367,-0.1656578779220581
492,1.1405433416366577,0.2685588598251343,-0.16913913190364838
493,1.1371853351593018,0.07458281517028809,-0.16774873435497284
494,1.1694639921188354,0.123098224401474,-0.1688825786113739
495,1.2034021615982056,0.17468857765197754,-0.17067722976207733
496,1.239179015159607,0.229339137673378,-0.17321859300136566
497,1.1796520948410034,0.042480528354644775,-0.1772339791059494
498,1.2184709310531616,0.08731472492218018,-0.1781845986843109
499,1.259394884109497,0.13511833548545837,-0.17959795892238617
500,1.3026063442230225,0.18587267398834229,-0.18155992031097412
501,1.1956768035888672,0.008113235235214233,-0.19074271619319916
502,1.2362720966339111,0.04941964149475098,-0.19210481643676758
503,1.2790144681930542,0.09365734457969666,-0.19376927614212036
504,1.3240878582000732,0.14080369472503662,-0.19582225382328033
505,1.1844168901443481,-0.02701738476753235,-0.20872533321380615
506,1.2219105958938599,0.011087268590927124,-0.2112748920917511
507,1.2611836194992065,0.05215749144554138,-0.2140292227268219
508,1.302419900894165,0.09616675972938538,-0.21707485616207123
509,1.148463249206543,-0.061809614300727844,-0.23109543323516846
510,1.1785356998443604,-0.02650812268257141,-0.2356858253479004
511,1.209665298461914,0.011859416961669922,-0.24046149849891663
512,1.2420357465744019,0.053262874484062195,-0.24550995230674744
513,0.033961325883865356,0.08562911301851273,-0.02152877114713192
514,0.03544587641954422,0.12468454241752625,-0.02986840531229973
515,0.03715819492936134,0.16697116196155548,-0.03856206685304642
516,0.039096761494874954,0.21248312294483185,-0.047605834901332855
517,-0.023497728630900383,0.09613066911697388,-0.03178633376955986
518,-0.03334526717662811,0.13721612095832825,-0.04182735085487366
519,-0.04403473436832428,0.18172067403793335,-0.052355069667100906
520,-0.05556700751185417,0.22963854670524597,-0.0633651614189148
521,-0.07709836214780807,0.10414541512727737,-0.042729251086711884
522,-0.09754644334316254,0.14700812101364136,-0.054830435663461685
523,-0.11983942985534668,0.19347479939460754,-0.06760425865650177
524,-0.1439778059720993,0.24353981018066406,-0.08104617893695831
525,-0.11895587295293808,0.1082872748374939,-0.05285971239209175
526,-0.14768563210964203,0.15238802134990692,-0.0670824646949768
527,-0.17904424667358398,0.20024605095386505,-0.08218885213136673
528,-0.21303169429302216,0.25185614824295044,-0.09817423671483994
529,-0.1429094821214676,0.1074967309832573,-0.06056085228919983
530,-0.17636175453662872,0.1520662158727646,-0.07663638889789581
531,-0.21288840472698212,0.20049141347408295,-0.09379944950342178
532,-0.2524891197681427,0.25276774168014526,-0.1120455414056778
533,-0.14545173943042755,0.10121827572584152,-0.06434574723243713
534,-0.1793617457151413,0.14535056054592133,-0.08169285953044891
535,-0.2163856327533722,0.19336681067943573,-0.10029313713312149
536,-0.25652292370796204,0.24526318907737732,-0.1201423704624176
537,-0.12625733017921448,0.08951109647750854,-0.06309586763381958
538,-0.1562967151403427,0.1322801113128662,-0.08088738471269608
539,-0.18907737731933594,0.1788865029811859,-0.10003400593996048
540,-0.22459876537322998,0.2293272763490677,-0.12053204327821732
541,-0.08823024481534958,0.07307447493076324,-0.056252237409353256
542,-0.110658198595047,0.11365705728530884,-0.0735209584236145
543,-0.135099396109581,0.15796230733394623,-0.09216724336147308
544,-0.16155347228050232,0.20598821341991425,-0.11218807846307755
545,0.14180569350719452,0.0716312974691391,-0.002788984216749668
546,0.14575983583927155,0.10982517898082733,-0.010944359935820103
547,0.1499539464712143,0.15124472975730896,-0.019452638924121857
548,0.15437868237495422,0.1958855390548706,-0.028310135006904602
549,0.08303678035736084,0.07600142061710358,-0.015647009015083313
550,0.0755314901471138,0.11563201993703842,-0.025755515322089195
551,0.06719648092985153,0.15867355465888977,-0.03635063394904137
552,0.05802326649427414,0.2051224708557129,-0.04742787778377533
553,0.027201605960726738,0.07846248894929886,-0.029163694009184837
554,0.008879058994352818,0.11933304369449615,-0.04158151149749756
555,-0.011276752687990665,0.1637967973947525,-0.05467291548848152
556,-0.03327334299683571,0.21185128390789032,-0.06843278557062149
557,-0.017729556187987328,0.07784194499254227,-0.04174230620265007
558,-0.044631477445364,0.11948970705270767,-0.05651871860027313
559,-0.07415162026882172,0.16488198935985565,-0.07218064367771149
560,-0.1062965914607048,0.21401724219322205,-0.08872256428003311
561,-0.04547743499279022,0.07326330244541168,-0.051671937108039856
562,-0.07746925204992294,0.11501321941614151,-0.06851686537265778
563,-0.11252626031637192,0.16060440242290497,-0.08645206689834595
564,-0.15065427124500275,0.21003657579421997,-0.10547183454036713
565,-0.05238913744688034,0.06431656330823898,-0.05738000571727753
566,-0.08526156097650528,0.10537096858024597,-0.07568268477916718
567,-0.12124049663543701,0.15029390156269073,-0.09524201601743698
568,-0.16033099591732025,0.19908598065376282,-0.11605236679315567
569,-0.037971269339323044,0.05116349086165428,-0.05767412111163139
570,-0.06743516772985458,0.09071464091539383,-0.07657063752412796
571,-0.09963516891002655,0.13408714532852173,-0.09682639688253403
572,-0.13457557559013367,0.18128281831741333,-0.1184360459446907
573,-0.0049442402087152,0.03455891087651253,-0.05193595215678215
574,-0.02728034369647503,0.07190730422735214,-0.07041662931442261
575,-0.05162685364484787,0.11296231299638748,-0.09027950465679169
576,-0.07798773050308228,0.15772682428359985,-0.11151973158121109
577,0.2641797363758087,0.05368945375084877,-0.0015306249260902405
578,0.2706167995929718,0.09102027863264084,-0.009507723152637482
579,0.2773057222366333,0.13156971335411072,-0.017836719751358032
580,0.28422868251800537,0.17533496022224426,-0.026512697339057922
581,0.20410315692424774,0.05192858353257179,-0.016988443210721016
582,0.19895318150520325,0.09010249376296997,-0.027170665562152863
583,0.19298571348190308,0.13167744874954224,-0.03783942759037018
584,0.18618406355381012,0.17665238678455353,-0.048988696187734604
585,0.14603562653064728,0.04883645474910736,-0.033078137785196304
586,0.12985128164291382,0.08771248161792755,-0.045819103717803955
587,0.11184582859277725,0.13016951084136963,-0.05923449620604515
588,0.09200380742549896,0.1762080043554306,-0.0733172744512558
589,0.09803305566310883,0.04345398768782616,-0.048104170709848404
590,0.07297104597091675,0.0826459527015686,-0.0634409636259079
591,0.04530230909585953,0.12556815147399902,-0.07966498285531998
592,0.015012924559414387,0.1722228080034256,-0.09676842391490936
593,0.06649217009544373,0.035087645053863525,-0.06026161462068558
594,0.035972509533166885,0.07401484996080399,-0.07788290083408356
595,0.002397890668362379,0.11676757037639618,-0.09659694135189056
596,-0.03424420952796936,0.163349449634552,-0.11639544367790222
597,0.05521182715892792,0.023473069071769714,-0.06789235770702362
598,0.023388266563415527,0.06144636496901512,-0.08715774118900299
599,-0.011533313430845737,0.10327114164829254,-0.107682965695858
600,-0.049564044922590256,0.1489526778459549,-0.12945950031280518
601,0.06485311686992645,0.008874576538801193,-0.06973016262054443
602,0.035975661128759384,0.04520443454384804,-0.08973895013332367
603,0.0043683648109436035,0.08533818274736404,-0.11111076176166534
604,-0.029978614300489426,0.12928234040737152,-0.13383714854717255
605,0.0928792953491211,-0.007897505536675453,-0.06509741395711899
606,0.07064593583345413,0.02621316909790039,-0.08479737490415573
607,0.046405598521232605,0.06401312351226807,-0.10588382929563522
608,0.02014954760670662,0.10550990700721741,-0.1283486783504486
609,0.40106892585754395,0.03179659694433212,-0.017745893448591232
610,0.4100119471549988,0.06826035678386688,-0.025555171072483063
611,0.41921672224998474,0.10793457925319672,-0.03371516987681389
612,0.42865779995918274,0.15081796050071716,-0.04221857711672783
613,0.33969035744667053,0.023905839771032333,-0.03580189123749733
614,0.33691835403442383,0.06061811372637749,-0.04606868326663971
615,0.333339661359787,0.10072063654661179,-0.05682162567973137
616,0.3289301097393036,0.14421455562114716,-0.06805206090211868
617,0.27939602732658386,0.015261499211192131,-0.054462820291519165
618,0.2653721272945404,0.05213738605380058,-0.06753818690776825
619,0.2495381385087967,0.09258099645376205,-0.08128833770751953
620,0.23187178373336792,0.13659583032131195,-0.09570333361625671
621,0.228326678276062,0.005118048749864101,-0.07193451374769211
622,0.20512628555297852,0.041848074644804,-0.08784332871437073
623,0.17933014035224915,0.08229298144578934,-0.10464045405387878
624,0.15091758966445923,0.12645851075649261,-0.12231484055519104
625,0.19299624860286713,-0.007034906651824713,-0.086318239569664
626,0.16396979987621307,0.02906285971403122,-0.10472780466079712
627,0.13189834356307983,0.06896926462650299,-0.12423189729452133
628,0.09676332026720047,0.11269200593233109,-0.14481867849826813
629,0.1773488074541092,-0.021316230297088623,-0.0958704724907875
630,0.14659464359283447,0.0135686956346035,-0.11611074954271317
631,0.11275073140859604,0.05228731781244278,-0.13761325180530548
632,0.07580038905143738,0.09484906494617462,-0.16036565601825714
633,0.18221329152584076,-0.03735907003283501,-0.09925128519535065
634,0.15394224226474762,-0.0042579807341098785,-0.12038471549749374
635,0.12294726073741913,0.032628823071718216,-0.14288413524627686
636,0.08921344578266144,0.07331214845180511,-0.16673704981803894
637,0.20523683726787567,-0.054297566413879395,-0.09572385251522064
638,0.18312545120716095,-0.0234321691095829,-0.11665560305118561
639,0.15901021659374237,0.011104460805654526,-0.1389772742986679
640,0.13287772238254547,0.04932430759072304,-0.16267667710781097
641,0.552456259727478,0.005942203104496002,-0.05142401158809662
642,0.5639398694038391,0.04153133183717728,-0.05908343568444252
643,0.5756899118423462,0.08032238483428955,-0.06709069013595581
644,0.5876777172088623,0.12231576442718506,-0.07543671131134033
645,0.4897860884666443,-0.008076213300228119,-0.07207506895065308
646,0.4894266426563263,0.027165479958057404,-0.08244488388299942
647,0.4882664680480957,0.06578666716814041,-0.09329868108034134
648,0.48627805709838867,0.10779033601284027,-0.10462573915719986
649,0.42727532982826233,-0.022270679473876953,-0.09330389648675919
650,0.4154461920261383,0.012594930827617645,-0.10673253983259201
651,0.4018137753009796,0.05101532116532326,-0.12083441764116287
652,0.3863523304462433,0.09299612790346146,-0.1355973333120346
653,0.37314802408218384,-0.037173081189394,-0.11321789026260376
654,0.35184329748153687,-0.0029162531718611717,-0.12971805036067963
655,0.3279496431350708,0.03504073619842529,-0.14710551500320435
656,0.30144330859184265,0.07670611143112183,-0.1653667837381363
657,0.3340344727039337,-0.05311070382595062,-0.1298249214887619
658,0.30653461813926697,-0.01985425315797329,-0.14904247224330902
659,0.2759959399700165,0.017194539308547974,-0.16935409605503082
660,0.24239706993103027,0.05804634839296341,-0.1907452493906021
661,0.31402313709259033,-0.07005668431520462,-0.1412963718175888
662,0.2843708395957947,-0.038272567093372345,-0.1625315546989441
663,0.25163349509239197,-0.0026718080043792725,-0.18502900004386902
664,0.21579201519489288,0.03675799071788788,-0.20877353847026825
665,0.3141106069087982,-0.08754170686006546,-0.14621886610984802
666,0.28647738695144653,-0.057682160288095474,-0.1684972047805786
667,0.25612273812294006,-0.024054305627942085,-0.1921420395374298
668,0.22302962839603424,0.013355806469917297,-0.21713794767856598
669,0.33212828636169434,-0.10464467853307724,-0.14379650354385376
670,0.31016916036605835,-0.07703740894794464,-0.1659804880619049
671,0.28620579838752747,-0.04577600955963135,-0.189555361866951
672,0.2602231800556183,-0.010845445096492767,-0.2145058512687683
673,0.7183241844177246,-0.02388826012611389,-0.10255442559719086
674,0.73239666223526,0.010813809931278229,-0.11009199917316437
675,0.7467263340950012,0.04871171712875366,-0.11796894669532776
676,0.7612951993942261,0.08980550616979599,-0.12617935240268707
677,0.6543791890144348,-0.04403017461299896,-0.12579524517059326
678,0.6564810872077942,-0.010273091495037079,-0.13629671931266785
679,0.6577745676040649,0.02685544639825821,-0.14727409183979034
680,0.6582422256469727,0.06735815107822418,-0.1587199568748474
681,0.5896689891815186,-0.0637708306312561,-0.14958621561527252
682,0.5800835490226746,-0.030931178480386734,-0.16339731216430664
683,0.5686880946159363,0.00545351579785347,-0.17787395417690277
684,0.555466890335083,0.0453885942697525,-0.19300730526447296
685,0.5324987173080444,-0.08342847228050232,-0.17193686962127686
686,0.5131381750106812,-0.051661714911460876,-0.18905803561210632
687,0.4911825358867645,-0.01620611362159252,-0.20705905556678772
688,0.466617614030838,0.022946318611502647,-0.22593006491661072
689,0.4896126687526703,-0.103146992623806,-0.19076214730739594
690,0.46368736028671265,-0.07275005429983139,-0.21081776916980743
691,0.4347167909145355,-0.03857291862368584,-0.23196034133434296
692,0.4026888310909271,-0.0006055459380149841,-0.2541789710521698
693,0.46524301171302795,-0.12275390326976776,-0.20414894819259644
694,0.4367394745349884,-0.09408949315547943,-0.22640946507453918
695,0.4051433205604553,-0.0616212822496891,-0.249925434589386
696,0.37044471502304077,-0.025337524712085724,-0.2746853828430176
697,0.4605536460876465,-0.1416776180267334,-0.2106107771396637
698,0.4336036443710327,-0.1150788813829422,-0.2340647429227829
699,0.40392276644706726,-0.08472485840320587,-0.25887876749038696
700,0.3715032935142517,-0.05060230568051338,-0.28504109382629395
701,0.4735608398914337,-0.15894179046154022,-0.20929302275180817
702,0.4517975449562073,-0.13461196422576904,-0.23276010155677795
703,0.42801806330680847,-0.10664065182209015,-0.25761207938194275
704,0.4022167921066284,-0.07501376420259476,-0.28383731842041016
705,0.8986548781394958,-0.057714447379112244,-0.17112988233566284
706,0.9153825640678406,-0.023917391896247864,-0.17858704924583435
707,0.9323217272758484,0.013077542185783386,-0.1863580346107483
708,0.9495065808296204,0.05326385796070099,-0.19445878267288208
709,0.8334607481956482,-0.08397233486175537,-0.1969519853591919
710,0.8380911350250244,-0.05171995609998703,-0.2076273262500763
711,0.8418686389923096,-0.01609501987695694,-0.218752920627594
712,0.8448269963264465,0.022897489368915558,-0.23034411668777466
713,0.7665770649909973,-0.10925225913524628,-0.2232959121465683
714,0.7593026757240295,-0.07846073806285858,-0.23753242194652557
715,0.7501752972602844,-0.044123657047748566,-0.2524086833000183
716,0.7392286062240601,-0.00624484196305275,-0.26793959736824036
717,0.706386387348175,-0.13365845382213593,-0.2480742335319519
718,0.6890373826026917,-0.10440603643655777,-0.2658599317073822
719,0.6690511107444763,-0.07146453112363815,-0.2844995856285095
720,0.6464613676071167,-0.0348365381360054,-0.3040078580379486
721,0.659744918346405,-0.15715155005455017,-0.2691097855567932
722,0.6354604959487915,-0.1296396255493164,-0.2900475263595581
723,0.6080891489982605,-0.09834777563810349,-0.31204622983932495
724,0.5776652693748474,-0.06327727437019348,-0.335120290517807
725,0.6310263276100159,-0.1794133484363556,-0.2844056189060211
726,0.6037363409996033,-0.1538952738046646,-0.30773600935935974
727,0.5733118653297424,-0.12457369267940521,-0.3322957754135132
728,0.5397883057594299,-0.09144894778728485,-0.35809949040412903
729,0.6215612292289734,-0.19977009296417236,-0.29240307211875916
730,0.5953572988510132,-0.17645932734012604,-0.31707751750946045
731,0.5663796663284302,-0.14939343929290771,-0.34308600425720215
732,0.5346649289131165,-0.11857191473245621,-0.37044334411621094
733,0.6295519471168518,-0.21719056367874146,-0.2921888828277588
734,0.6080447435379028,-0.19616535305976868,-0.3169843256473541
735,0.5844771862030029,-0.17149853706359863,-0.34313878417015076
736,0.5588873624801636,-0.14318886399269104,-0.37066736817359924
737,1.0934120416641235,-0.09556671977043152,-0.2571413218975067
738,1.1128853559494019,-0.06269267201423645,-0.2645774483680725
739,1.1324498653411865,-0.026601850986480713,-0.27226147055625916
740,1.1522880792617798,0.012672021985054016,-0.28028184175491333
741,1.0270086526870728,-0.12792670726776123,-0.28553083539009094
742,1.0342566967010498,-0.09720070660114288,-0.29644104838371277
743,1.0405328273773193,-0.06308161467313766,-0.3077346086502075
744,1.0460180044174194,-0.025605924427509308,-0.31950142979621887
745,0.957991898059845,-0.15873315930366516,-0.31441283226013184
746,0.953116238117218,-0.13001464307308197,-0.32913729548454285
747,0.946270227432251,-0.09772850573062897,-0.3444336950778961
748,0.9376322031021118,-0.06191394850611687,-0.36039337515830994
749,0.894817054271698,-0.1878761351108551,-0.3416041433811188
750,0.8795650601387024,-0.16116555035114288,-0.36011838912963867
751,0.861560046672821,-0.13074250519275665,-0.3794178366661072
752,0.8409780859947205,-0.09664855897426605,-0.3995955288410187
753,0.844447135925293,-0.2151327133178711,-0.36483684182167053
754,0.8218868970870972,-0.1905357986688614,-0.38672205805778503
755,0.7961255311965942,-0.16213437914848328,-0.40959855914115906
756,0.7673365473747253,-0.12997151911258698,-0.4335609972476959
757,0.8113953471183777,-0.2400391399860382,-0.3820316195487976
758,0.7853997349739075,-0.2176991105079651,-0.40649813413619995
759,0.7561568021774292,-0.19153010845184326,-0.4321238100528717
760,0.7238377332687378,-0.16157618165016174,-0.4590047597885132
761,0.797158420085907,-0.2618197798728943,-0.3915582299232483
762,0.7717782855033875,-0.24182984232902527,-0.4175201952457428
763,0.7435129880905151,-0.21805867552757263,-0.4447455406188965
764,0.712531566619873,-0.19055067002773285,-0.4733317196369171
765,0.800125002861023,-0.27938899397850037,-0.39244580268859863
766,0.7789493799209595,-0.26170170307159424,-0.4186369776725769
767,0.7556023597717285,-0.24034637212753296,-0.44611623883247375
768,0.7302514910697937,-0.2153669148683548,-0.47498229146003723
769,-0.03706228733062744,0.05318295210599899,-0.04392930120229721
770,-0.04928739368915558,0.0909702330827713,-0.059698011726140976
771,-0.06255315244197845,0.1323142796754837,-0.07678350061178207
772,-0.07685944437980652,0.177214115858078,-0.0951835885643959
773,0.019629621878266335,0.03153952583670616,-0.02693314664065838
774,0.018662171438336372,0.06622015684843063,-0.04034964740276337
775,0.017723219469189644,0.1042652279138565,-0.054947733879089355
776,0.016812505200505257,0.14567483961582184,-0.07072615623474121
777,0.07345642149448395,0.010067285038530827,-0.006679907441139221
778,0.08311089873313904,0.04167032614350319,-0.01713693141937256
779,0.09379686415195465,0.07644782215356827,-0.028586063534021378
780,0.10551367700099945,0.1144009456038475,-0.041027095168828964
781,0.11652485281229019,-0.009330697357654572,0.014974826015532017
782,0.13457746803760529,0.019560419023036957,0.007752610370516777
783,0.1544458419084549,0.05146683007478714,-0.00024634948931634426
784,0.17612899839878082,0.08639056235551834,-0.009022876620292664
785,0.14262743294239044,-0.025008510798215866,0.035971298813819885
786,0.16560964286327362,0.0018229847773909569,0.0318862646818161
787,0.19085384905338287,0.03156505897641182,0.027233440428972244
788,0.21835875511169434,0.06422059237957001,0.022010987624526024
789,0.1481741964817047,-0.03577780723571777,0.054311662912368774
790,0.17190392315387726,-0.010155819356441498,0.052904386073350906
791,0.19793616235256195,0.0183420330286026,0.05110050365328789
792,0.22626927495002747,0.04971928894519806,0.048897236585617065
793,0.1327243447303772,-0.04104261100292206,0.06831802427768707
794,0.15294483304023743,-0.015696655958890915,0.06882908940315247
795,0.17509643733501434,0.012565333396196365,0.0690513402223587
796,0.19917738437652588,0.043747421354055405,0.06898115575313568
797,0.09903796017169952,-0.04084998741745949,0.07684512436389923
798,0.11206601560115814,-0.014886533841490746,0.07831843197345734
799,0.12629865109920502,0.014101657085120678,0.07953130453824997
800,0.14173410832881927,0.04611887410283089,0.08047940582036972
801,0.04119225963950157,0.015783850103616714,-0.04023748263716698
802,0.02857253886759281,0.050444863736629486,-0.05727851390838623
803,0.014912386424839497,0.08864718675613403,-0.07564128935337067
804,0.00020832009613513947,0.1303945779800415,-0.09532169997692108
805,0.09301479905843735,-0.0035016201436519623,-0.02336079068481922
806,0.09118196368217468,0.02828078158199787,-0.03806107118725777
807,0.08937530964612961,0.0634133368730545,-0.053948044776916504
808,0.08759159594774246,0.10190048813819885,-0.07101854681968689
809,0.14232148230075836,-0.021465076133608818,-0.002717401832342148
810,0.15067358314990997,0.007579167373478413,-0.014420325867831707
811,0.16005247831344604,0.039785221219062805,-0.027120426297187805
812,0.1704551726579666,0.07515807449817657,-0.04081561788916588
813,0.1813928484916687,-0.036338262259960175,0.019822096452116966
814,0.19775664806365967,-0.00956815481185913,0.01143974531441927
815,0.21592947840690613,0.020206591114401817,0.0022758219856768847
816,0.2359084039926529,0.052991267293691635,-0.007668743375688791
817,0.20417508482933044,-0.04664917290210724,0.04216397553682327
818,0.2251473069190979,-0.021419400349259377,0.037049148231744766
819,0.24837322533130646,0.006712684407830238,0.031362131237983704
820,0.2738499939441681,0.03775244578719139,0.025102661922574043
821,0.2072058618068695,-0.05141570419073105,0.062258705496788025
822,0.22868216037750244,-0.02681458741426468,0.059991512447595596
823,0.2524515390396118,0.0006567481905221939,0.05732398107647896
824,0.27851125597953796,0.031003475189208984,0.05425460264086723
825,0.19014102220535278,-0.050272587686777115,0.07836095243692398
826,0.2079516500234604,-0.02532738633453846,0.07821503281593323
827,0.227683424949646,0.0025309305638074875,0.07777734845876694
828,0.2493336796760559,0.03330717980861664,0.07704529911279678
829,0.15580272674560547,-0.04351314529776573,0.08924495428800583
830,0.16635757684707642,-0.017314910888671875,0.0902894139289856
831,0.17810696363449097,0.011907909065485,0.09107144176959991
832,0.1910485327243805,0.044159453362226486,0.09158739447593689
833,0.13398315012454987,-0.025555714964866638,-0.054023608565330505
834,0.12097949534654617,0.005975492298603058,-0.07234429568052292
835,0.10693599283695221,0.041031379252672195,-0.09199140220880508
836,0.09184486418962479,0.07962021976709366,-0.11295747756958008
837,0.1809348464012146,-0.04248299077153206,-0.0372668132185936
838,0.17824721336364746,-0.013602230697870255,-0.05325813591480255
839,0.17558340728282928,0.018613232299685478,-0.07044108211994171
840,0.17293643951416016,0.054172176867723465,-0.08880910277366638
841,0.22572006285190582,-0.056937552988529205,-0.0162339024245739
842,0.2327803075313568,-0.030455332249403,-0.029189856722950935
843,0.24086223542690277,-0.000825030729174614,-0.04314799606800079
844,0.24995963275432587,0.031962163746356964,-0.05810292065143585
845,0.2607933580875397,-0.06728605926036835,0.007189617957919836
846,0.275478720664978,-0.042639922350645065,-0.002359833102673292
847,0.29196566343307495,-0.015000780113041401,-0.01269574835896492
848,0.310248464345932,0.01563992351293564,-0.02381403185427189
849,0.2802547812461853,-0.07223042100667953,0.03087610751390457
850,0.2992273271083832,-0.04860495775938034,0.024724731221795082
851,0.3204443156719208,-0.022086411714553833,0.01799657568335533
852,0.3439006209373474,0.007333105430006981,0.010694346390664577
853,0.2807697057723999,-0.07099481672048569,0.05272441357374191
854,0.30000272393226624,-0.04741669446229935,0.049590807408094406
855,0.3215184509754181,-0.02097499370574951,0.046052757650613785
856,0.3453121483325958,0.008337201550602913,0.042111534625291824
857,0.262090802192688,-0.06344461441040039,0.0709218978881836
858,0.2775014638900757,-0.03890180215239525,0.07011271268129349
859,0.2948225736618042,-0.01144980639219284,0.06900838017463684
860,0.31404954195022583,0.018917039036750793,0.0676087737083435
861,0.22710205614566803,-0.05011937394738197,0.08416228741407394
862,0.23519323766231537,-0.023687440901994705,0.08477183431386948
863,0.24446870386600494,0.0057678185403347015,0.08511647582054138
864,0.25492414832115173,0.038250476121902466,0.08519472181797028
865,0.24130503833293915,-0.07083803415298462,-0.08527521044015884
866,0.22793613374233246,-0.042444080114364624,-0.10488808155059814
867,0.21352730691432953,-0.010542735457420349,-0.1258312314748764
868,0.1980666071176529,0.024878595024347305,-0.14809304475784302
869,0.2833824157714844,-0.08540643751621246,-0.0686393454670906
870,0.2798580825328827,-0.059434544295072556,-0.08593419939279556
871,0.27635428309440613,-0.03014387935400009,-0.10442487895488739
872,0.2728603780269623,0.002478230744600296,-0.12410058826208115
873,0.3236428499221802,-0.09635181725025177,-0.047218404710292816
874,0.3294287621974945,-0.07243844121694565,-0.06143976002931595
875,0.3362300992012024,-0.04539117217063904,-0.07666768878698349
876,0.3440372049808502,-0.015197660773992538,-0.0928926020860672
877,0.354715496301651,-0.10217586159706116,-0.02291262522339821
878,0.3677395284175873,-0.07965994626283646,-0.03364133834838867
879,0.3825562298297882,-0.05416311323642731,-0.04516094923019409
880,0.3991571068763733,-0.025673815980553627,-0.05746328830718994
881,0.3708549737930298,-0.10175444930791855,0.0021166186779737473
882,0.3878445029258728,-0.07973887026309967,-0.0050832368433475494
883,0.4070676863193512,-0.05483992025256157,-0.01286413986235857
884,0.4285169839859009,-0.02704736590385437,-0.021219441667199135
885,0.3688545525074005,-0.09451806545257568,0.025716722011566162
886,0.3858606517314911,-0.0719677209854126,0.021705064922571182
887,0.4051375389099121,-0.04656102508306503,0.017285089939832687
888,0.4266783595085144,-0.018289385363459587,0.012461742386221886
889,0.34856367111206055,-0.08056274056434631,0.04600788652896881
890,0.3615904748439789,-0.05642623081803322,0.04452412948012352
891,0.37651562690734863,-0.02938517928123474,0.04274195432662964
892,0.3933326303958893,0.0005669444799423218,0.0406646728515625
893,0.31292784214019775,-0.060674071311950684,0.06160345301032066
894,0.3185715079307556,-0.034011468291282654,0.061767153441905975
895,0.3253878057003021,-0.004327692091464996,0.06166347861289978
896,0.33337077498435974,0.02838151901960373,0.06129416450858116
897,0.36315545439720154,-0.12006568163633347,-0.13397394120693207
898,0.34945034980773926,-0.09482166171073914,-0.1548995077610016
899,0.33470168709754944,-0.06608652323484421,-0.17715680599212646
900,0.3188963234424591,-0.033844783902168274,-0.20073097944259644
901,0.4003521800041199,-0.1322740614414215,-0.1174609512090683
902,0.39601898193359375,-0.10922323912382126,-0.13607987761497498
903,0.3916994035243988,-0.08286865055561066,-0.15589639544487
904,0.3873817026615143,-0.05319491773843765,-0.1768966168165207
905,0.4360817074775696,-0.13970988988876343,-0.09565473347902298
906,0.4406200647354126,-0.11837686598300934,-0.11116192489862442
907,0.44616368412971497,-0.09392327070236206,-0.1276778280735016
908,0.45270249247550964,-0.06633434444665909,-0.14518961310386658
909,0.4631493389606476,-0.14101001620292664,-0.07047003507614136
910,0.47453773021698,-0.12063498795032501,-0.08239827305078506
911,0.48770612478256226,-0.09729033708572388,-0.09511971473693848
912,0.50264573097229,-0.07096254825592041,-0.1086229681968689
913,0.4759647250175476,-0.13522449135780334,-0.04410160332918167
914,0.4909963309764862,-0.11482842266559601,-0.05236988514661789
915,0.5082469582557678,-0.09155810624361038,-0.06122152507305145
916,0.5277089476585388,-0.06540170311927795,-0.0706467479467392
917,0.47144997119903564,-0.1219901293516159,-0.018753087148070335
918,0.4862535297870636,-0.10047603398561478,-0.023662419989705086
919,0.5033124685287476,-0.07611243426799774,-0.02898213639855385
920,0.5226198434829712,-0.048889629542827606,-0.034704264253377914
921,0.4495510458946228,-0.10163343697786331,0.0036287736147642136
922,0.460218220949173,-0.07791053503751755,0.0014512594789266586
923,0.4727681577205658,-0.05128759145736694,-0.0010262764990329742
924,0.4871947169303894,-0.021757513284683228,-0.0037976372987031937
925,0.41327470541000366,-0.07518604397773743,0.02157716639339924
926,0.41649502515792847,-0.04829881340265274,0.021276339888572693
927,0.42087322473526,-0.018392711877822876,0.02070721611380577
928,0.4264037609100342,0.014536559581756592,0.019874222576618195
929,0.4995388090610504,-0.17324073612689972,-0.20009788870811462
930,0.485539048910141,-0.15116560459136963,-0.22236724197864532
931,0.47048094868659973,-0.1256112903356552,-0.24596267938613892
932,0.45436084270477295,-0.09656324237585068,-0.2708730101585388
933,0.5318450927734375,-0.18308746814727783,-0.18371090292930603
934,0.5267425179481506,-0.1629759967327118,-0.20368503034114838
935,0.5216357111930847,-0.13957160711288452,-0.22485153377056122
936,0.5165229439735413,-0.11285986006259918,-0.24720004200935364
937,0.5630344748497009,-0.18701346218585968,-0.1615239828824997
938,0.5663628578186035,-0.16827812790870667,-0.1783481389284134
939,0.5706758499145508,-0.1464315801858902,-0.19617611169815063
940,0.5759733319282532,-0.12146017700433731,-0.21499857306480408
941,0.5860900282859802,-0.18379105627536774,-0.1354658156633377
942,0.5958788394927979,-0.16557301580905914,-0.14862456917762756
943,0.6074246764183044,-0.14439311623573303,-0.1625719517469406
944,0.6207289099693298,-0.12023888528347015,-0.1772998571395874
945,0.5955785512924194,-0.1726446896791458,-0.10776402056217194
946,0.6086869239807129,-0.15388278663158417,-0.11713151633739471
947,0.6239898204803467,-0.13225267827510834,-0.1270778924226761
948,0.6414896249771118,-0.10774357616901398,-0.13759663701057434
949,0.5885511040687561,-0.1534174382686615,-0.08067283779382706
950,0.6011865139007568,-0.13295277953147888,-0.08651016652584076
951,0.6160516142845154,-0.10964283347129822,-0.09275345504283905
952,0.6331501603126526,-0.08347893506288528,-0.0993976891040802
953,0.5650507807731628,-0.12666629254817963,-0.05620533972978592
954,0.5733925104141235,-0.10336854308843613,-0.059106405824422836
955,0.5835916996002197,-0.07717324048280716,-0.06230282783508301
956,0.595652163028717,-0.04807419329881668,-0.06579126417636871
957,0.5281444191932678,-0.09366850554943085,-0.03590816259384155
958,0.5289759635925293,-0.0665665715932846,-0.036702681332826614
959,0.5309410095214844,-0.03644669055938721,-0.03776037320494652
960,0.5340437889099121,-0.00330527126789093,-0.039079587906599045
961,0.6504694819450378,-0.23036377131938934,-0.28362318873405457
962,0.6362325549125671,-0.21148425340652466,-0.3072816729545593
963,0.6208913326263428,-0.18912489712238312,-0.3322407305240631
964,0.6044854521751404,-0.163284033536911,-0.35851582884788513
965,0.677871584892273,-0.23784692585468292,-0.267366886138916
966,0.6720543503761292,-0.22070060670375824,-0.28874167799949646
967,0.6661850810050964,-0.20026007294654846,-0.311283677816391
968,0.6603047251701355,-0.17652347683906555,-0.33500897884368896
969,0.7045077681541443,-0.23826338350772858,-0.24480614066123962
970,0.7066780924797058,-0.22215019166469574,-0.2629926800727844
971,0.7097835540771484,-0.20292381942272186,-0.2821583151817322
972,0.7138665914535522,-0.18058249354362488,-0.30231979489326477
973,0.7235418558120728,-0.23052150011062622,-0.2178829163312912
974,0.7317808270454407,-0.21448320150375366,-0.2323174625635147
975,0.7417258620262146,-0.19548040628433228,-0.24751628935337067
976,0.7534205317497253,-0.1735115349292755,-0.26349687576293945
977,0.7296995520591736,-0.21402017772197723,-0.18885686993598938
978,0.740932822227478,-0.19691339135169983,-0.19936847686767578
979,0.7543089389801025,-0.17693504691123962,-0.21043507754802704
980,0.769871711730957,-0.15408402681350708,-0.22207486629486084
981,0.7201629877090454,-0.18880897760391235,-0.16003191471099854
982,0.7306772470474243,-0.16941261291503906,-0.16684168577194214
983,0.7433693408966064,-0.14716702699661255,-0.1740337461233139
984,0.7582835555076599,-0.12207169830799103,-0.18162725865840912
985,0.6950713992118835,-0.1556749939918518,-0.1334867775440216
986,0.7011346817016602,-0.13281914591789246,-0.1371551752090454
987,0.7090036869049072,-0.10706130415201187,-0.14109542965888977
988,0.7187226414680481,-0.07840179651975632,-0.14532750844955444
989,0.6575507521629333,-0.11614048480987549,-0.1108473464846611
990,0.6560412049293518,-0.08883856236934662,-0.1121784970164299
991,0.6556143760681152,-0.05851389467716217,-0.11374930292367935
992,0.656313955783844,-0.02516743540763855,-0.11558069288730621
993,0.8159669637680054,-0.2914312481880188,-0.3845122754573822
994,0.8015655279159546,-0.2757803797721863,-0.4096274673938751
995,0.78594970703125,-0.25662320852279663,-0.4359722137451172
996,0.7692849040031433,-0.23400263488292694,-0.4636460542678833
997,0.8384456038475037,-0.29654863476753235,-0.36839377880096436
998,0.8319838643074036,-0.28239959478378296,-0.39123648405075073
999,0.8253604173660278,-0.26493018865585327,-0.4151757061481476
1000,0.8187393546104431,-0.24418160319328308,-0.440311461687088
1001,0.8605100512504578,-0.2934572696685791,-0.3454699218273163
1002,0.8615904450416565,-0.27999672293663025,-0.36508551239967346
1003,0.8634966015815735,-0.26339757442474365,-0.3856099843978882
1004,0.8663913011550903,-0.2436986267566681,-0.40714338421821594
1005,0.8755093812942505,-0.2812020778656006,-0.31769484281539917
1006,0.8822646737098694,-0.26737186312675476,-0.33347082138061523
1007,0.8906170725822449,-0.2505527436733246,-0.3499417006969452
1008,0.9007279872894287,-0.23078058660030365,-0.36720722913742065
1009,0.8783319592475891,-0.25935685634613037,-0.2873589098453522
1010,0.887754499912262,-0.24393072724342346,-0.29907917976379395
1011,0.8992116451263428,-0.22561000287532806,-0.31128570437431335
1012,0.9128627181053162,-0.20442716777324677,-0.3240779936313629
1013,0.8662919998168945,-0.2281775176525116,-0.25681445002555847
1014,0.8747481107711792,-0.2098718136548996,-0.2646598219871521
1015,0.8852744102478027,-0.1886955052614212,-0.2728196978569031
1016,0.8980294466018677,-0.16467727720737457,-0.2813928723335266
1017,0.8396252989768982,-0.1886807680130005,-0.22820469737052917
1018,0.8434723615646362,-0.1662856787443161,-0.2327021062374115
1019,0.8490181565284729,-0.14096909761428833,-0.23740436136722565
1020,0.856419563293457,-0.11275581270456314,-0.2424096167087555
1021,0.8015151619911194,-0.14263296127319336,-0.20323386788368225
1022,0.7977260947227478,-0.11514627933502197,-0.2051616907119751
1023,0.794913649559021,-0.08461922407150269,-0.20726311206817627
1024,0.7932332754135132,-0.0510726273059845,-0.20963524281978607
