*Step  = 0
*Time  = 0
*Data  = x;y;z
1 -1.1 0.5 0.1
2 -0.9 0.5 0.1
3 -0.7 0.5 0.1
4 -0.5 0.5 0.1
5 -0.3 0.5 0.1
6 -1.1 0.7 0.1
7 -0.9 0.7 0.1
8 -0.7 0.7 0.1
9 -0.5 0.7 0.1
10 -0.3 0.7 0.1
11 -1.1 0.9 0.1
12 -0.9 0.9 0.1
13 -0.7 0.9 0.1
14 -0.5 0.9 0.1
15 -0.3 0.9 0.1
16 -1.1 1.1 0.1
17 -0.9 1.1 0.1
18 -0.7 1.1 0.1
19 -0.5 1.1 0.1
20 -0.3 1.1 0.1
21 -1.1 1.3 0.1
22 -0.9 1.3 0.1
23 -0.7 1.3 0.1
24 -0.5 1.3 0.1
25 -0.3 1.3 0.1
26 -1.1 0.5 0.3
27 -0.9 0.5 0.3
28 -0.7 0.5 0.3
29 -0.5 0.5 0.3
30 -0.3 0.5 0.3
31 -1.1 0.7 0.3
32 -0.9 0.7 0.3
33 -0.7 0.7 0.3
34 -0.5 0.7 0.3
35 -0.3 0.7 0.3
36 -1.1 0.9 0.3
37 -0.9 0.9 0.3
38 -0.7 0.9 0.3
39 -0.5 0.9 0.3
40 -0.3 0.9 0.3
41 -1.1 1.1 0.3
42 -0.9 1.1 0.3
43 -0.7 1.1 0.3
44 -0.5 1.1 0.3
45 -0.3 1.1 0.3
46 -1.1 1.3 0.3
47 -0.9 1.3 0.3
48 -0.7 1.3 0.3
49 -0.5 1.3 0.3
50 -0.3 1.3 0.3
51 -1.1 0.5 0.5
52 -0.9 0.5 0.5
53 -0.7 0.5 0.5
54 -0.5 0.5 0.5
55 -0.3 0.5 0.5
56 -1.1 0.7 0.5
57 -0.9 0.7 0.5
58 -0.7 0.7 0.5
59 -0.5 0.7 0.5
60 -0.3 0.7 0.5
61 -1.1 0.9 0.5
62 -0.9 0.9 0.5
63 -0.7 0.9 0.5
64 -0.5 0.9 0.5
65 -0.3 0.9 0.5
66 -1.1 1.1 0.5
67 -0.9 1.1 0.5
68 -0.7 1.1 0.5
69 -0.5 1.1 0.5
70 -0.3 1.1 0.5
71 -1.1 1.3 0.5
72 -0.9 1.3 0.5
73 -0.7 1.3 0.5
74 -0.5 1.3 0.5
75 -0.3 1.3 0.5
76 -1.1 0.5 0.7
77 -0.9 0.5 0.7
78 -0.7 0.5 0.7
79 -0.5 0.5 0.7
80 -0.3 0.5 0.7
81 -1.1 0.7 0.7
82 -0.9 0.7 0.7
83 -0.7 0.7 0.7
84 -0.5 0.7 0.7
85 -0.3 0.7 0.7
86 -1.1 0.9 0.7
87 -0.9 0.9 0.7
88 -0.7 0.9 0.7
89 -0.5 0.9 0.7
90 -0.3 0.9 0.7
91 -1.1 1.1 0.7
92 -0.9 1.1 0.7
93 -0.7 1.1 0.7
94 -0.5 1.1 0.7
95 -0.3 1.1 0.7
96 -1.1 1.3 0.7
97 -0.9 1.3 0.7
98 -0.7 1.3 0.7
99 -0.5 1.3 0.7
100 -0.3 1.3 0.7
101 -1.1 0.5 0.9
102 -0.9 0.5 0.9
103 -0.7 0.5 0.9
104 -0.5 0.5 0.9
105 -0.3 0.5 0.9
106 -1.1 0.7 0.9
107 -0.9 0.7 0.9
108 -0.7 0.7 0.9
109 -0.5 0.7 0.9
110 -0.3 0.7 0.9
111 -1.1 0.9 0.9
112 -0.9 0.9 0.9
113 -0.7 0.9 0.9
114 -0.5 0.9 0.9
115 -0.3 0.9 0.9
116 -1.1 1.1 0.9
117 -0.9 1.1 0.9
118 -0.7 1.1 0.9
119 -0.5 1.1 0.9
120 -0.3 1.1 0.9
121 -1.1 1.3 0.9
122 -0.9 1.3 0.9
123 -0.7 1.3 0.9
124 -0.5 1.3 0.9
125 -0.3 1.3 0.9
*Step  = 1
*Time  = 0.1
*Data  = x;y;z
1 -1.10060186134 0.499398138661 0.0995312863082
2 -0.900279302758 0.499399157192 0.0995824259209
3 -0.7 0.499385043102 0.099585928986
4 -0.499720697242 0.499399157192 0.0995824259209
5 -0.299398138661 0.499398138661 0.0995312863082
6 -1.10060084281 0.699720697242 0.0995824259209
7 -0.900279697352 0.699720302648 0.0996328941706
8 -0.7 0.699714766648 0.0996368681796
9 -0.499720302648 0.699720302648 0.0996328941706
10 -0.299399157192 0.699720697242 0.0995824259209
11 -1.1006149569 0.9 0.099585928986
12 -0.900285233352 0.9 0.0996368681796
13 -0.7 0.9 0.0996419971461
14 -0.499714766648 0.9 0.0996368681796
15 -0.299385043102 0.9 0.099585928986
16 -1.10060084281 1.10027930276 0.0995824259209
17 -0.900279697352 1.10027969735 0.0996328941706
18 -0.7 1.10028523335 0.0996368681796
19 -0.499720302648 1.10027969735 0.0996328941706
20 -0.299399157192 1.10027930276 0.0995824259209
21 -1.10060186134 1.30060186134 0.0995312863082
22 -0.900279302758 1.30060084281 0.0995824259209
23 -0.7 1.3006149569 0.099585928986
24 -0.499720697242 1.30060084281 0.0995824259209
25 -0.299398138661 1.30060186134 0.0995312863082
26 -1.10143887316 0.498561126839 0.298228990892
27 -0.900693242061 0.498554310316 0.298356004668
28 -0.7 0.498541160367 0.298377334286
29 -0.499306757939 0.498554310316 0.298356004668
30 -0.298561126839 0.498561126839 0.298228990892
31 -1.10144568968 0.699306757939 0.298356004668
32 -0.900696862416 0.699303137584 0.298481228072
33 -0.7 0.699297257285 0.298503580499
34 -0.499303137584 0.699303137584 0.298481228072
35 -0.298554310316 0.699306757939 0.298356004668
36 -1.10145883963 0.9 0.298377334286
37 -0.900702742715 0.9 0.298503580499
38 -0.7 0.9 0.298528895526
39 -0.499297257285 0.9 0.298503580499
40 -0.298541160367 0.9 0.298377334286
41 -1.10144568968 1.10069324206 0.298356004668
42 -0.900696862416 1.10069686242 0.298481228072
43 -0.7 1.10070274271 0.298503580499
44 -0.499303137584 1.10069686242 0.298481228072
45 -0.298554310316 1.10069324206 0.298356004668
46 -1.10143887316 1.30143887316 0.298228990892
47 -0.900693242061 1.30144568968 0.298356004668
48 -0.7 1.30145883963 0.298377334286
49 -0.499306757939 1.30144568968 0.298356004668
50 -0.298561126839 1.30143887316 0.298228990892
51 -1.10176063853 0.498239361468 0.496464943123
52 -0.900877621195 0.498220326728 0.496607052653
53 -0.7 0.498220540269 0.4966477478
54 -0.499122378805 0.498220326728 0.496607052653
55 -0.298239361468 0.498239361468 0.496464943123
56 -1.10177967327 0.699122378805 0.496607052653
57 -0.900885644974 0.699114355026 0.496747936541
58 -0.7 0.699112946985 0.496789219343
59 -0.499114355026 0.699114355026 0.496747936541
60 -0.298220326728 0.699122378805 0.496607052653
61 -1.10177945973 0.9 0.4966477478
62 -0.900887053015 0.9 0.496789219343
63 -0.7 0.9 0.496832544247
64 -0.499112946985 0.9 0.496789219343
65 -0.298220540269 0.9 0.4966477478
66 -1.10177967327 1.10087762119 0.496607052653
67 -0.900885644974 1.10088564497 0.496747936541
68 -0.7 1.10088705301 0.496789219343
69 -0.499114355026 1.10088564497 0.496747936541
70 -0.298220326728 1.10087762119 0.496607052653
71 -1.10176063853 1.30176063853 0.496464943123
72 -0.900877621195 1.30177967327 0.496607052653
73 -0.7 1.30177945973 0.4966477478
74 -0.499122378805 1.30177967327 0.496607052653
75 -0.298239361468 1.30176063853 0.496464943123
76 -1.10188185038 0.498118149624 0.694557449418
77 -0.90094514539 0.498099003836 0.694675956843
78 -0.7 0.498096027266 0.694720072414
79 -0.49905485461 0.498099003836 0.694675956843
80 -0.298118149624 0.498118149624 0.694557449418
81 -1.10190099616 0.69905485461 0.694675956843
82 -0.900953474515 0.699046525485 0.694794888575
83 -0.7 0.699044111873 0.694838991654
84 -0.499046525485 0.699046525485 0.694794888575
85 -0.298099003836 0.69905485461 0.694675956843
86 -1.10190397273 0.9 0.694720072414
87 -0.900955888127 0.9 0.694838991654
88 -0.7 0.9 0.694882919986
89 -0.499044111873 0.9 0.694838991654
90 -0.298096027266 0.9 0.694720072414
91 -1.10190099616 1.10094514539 0.694675956843
92 -0.900953474515 1.10095347452 0.694794888575
93 -0.7 1.10095588813 0.694838991654
94 -0.499046525485 1.10095347452 0.694794888575
95 -0.298099003836 1.10094514539 0.694675956843
96 -1.10188185038 1.30188185038 0.694557449418
97 -0.90094514539 1.30190099616 0.694675956843
98 -0.7 1.30190397273 0.694720072414
99 -0.49905485461 1.30190099616 0.694675956843
100 -0.298118149624 1.30188185038 0.694557449418
101 -1.10194060295 0.498059397046 0.892577034952
102 -0.900977158144 0.498050562212 0.892671112148
103 -0.7 0.498049167591 0.892709867601
104 -0.499022841856 0.498050562212 0.892671112148
105 -0.298059397046 0.498059397046 0.892577034952
106 -1.10194943779 0.699022841856 0.892671112148
107 -0.900981268983 0.699018731017 0.892766054755
108 -0.7 0.699017574943 0.892804396533
109 -0.499018731017 0.699018731017 0.892766054755
110 -0.298050562212 0.699022841856 0.892671112148
111 -1.10195083241 0.9 0.892709867601
112 -0.900982425057 0.9 0.892804396533
113 -0.7 0.9 0.892841644032
114 -0.499017574943 0.9 0.892804396533
115 -0.298049167591 0.9 0.892709867601
116 -1.10194943779 1.10097715814 0.892671112148
117 -0.900981268983 1.10098126898 0.892766054755
118 -0.7 1.10098242506 0.892804396533
119 -0.499018731017 1.10098126898 0.892766054755
120 -0.298050562212 1.10097715814 0.892671112148
121 -1.10194060295 1.30194060295 0.892577034952
122 -0.900977158144 1.30194943779 0.892671112148
123 -0.7 1.30195083241 0.892709867601
124 -0.499022841856 1.30194943779 0.892671112148
125 -0.298059397046 1.30194060295 0.892577034952
*Step  = 2
*Time  = 0.2
*Data  = x;y;z
1 -1.10121613193 0.498783868073 0.0990454009488
2 -0.900565321705 0.498786852933 0.0991514418751
3 -0.7 0.498759214842 0.0991590235821
4 -0.499434678295 0.498786852933 0.0991514418751
5 -0.298783868073 0.498783868073 0.0990454009488
6 -1.10121314707 0.699434678295 0.0991514418751
7 -0.900565666016 0.699434333984 0.0992560606659
8 -0.7 0.699423534077 0.0992646850345
9 -0.499434333984 0.699434333984 0.0992560606659
10 -0.298786852933 0.699434678295 0.0991514418751
11 -1.10124078516 0.9 0.0991590235821
12 -0.900576465923 0.9 0.0992646850345
13 -0.7 0.9 0.0992756884571
14 -0.499423534077 0.9 0.0992646850345
15 -0.298759214842 0.9 0.0991590235821
16 -1.10121314707 1.10056532171 0.0991514418751
17 -0.900565666016 1.10056566602 0.0992560606659
18 -0.7 1.10057646592 0.0992646850345
19 -0.499434333984 1.10056566602 0.0992560606659
20 -0.298786852933 1.10056532171 0.0991514418751
21 -1.10121613193 1.30121613193 0.0990454009488
22 -0.900565321705 1.30121314707 0.0991514418751
23 -0.7 1.30124078516 0.0991590235821
24 -0.499434678295 1.30121314707 0.0991514418751
25 -0.298783868073 1.30121613193 0.0990454009488
26 -1.1029052885 0.497094711499 0.296399281929
27 -0.901401157796 0.497082044298 0.296661010761
28 -0.7 0.497056738 0.296705273658
29 -0.498598842204 0.497082044298 0.296661010761
30 -0.297094711499 0.497094711499 0.296399281929
31 -1.1029179557 0.698598842204 0.296661010761
32 -0.90140793858 0.69859206142 0.296919096079
33 -0.7 0.698580765926 0.296965514098
34 -0.49859206142 0.69859206142 0.296919096079
35 -0.297082044298 0.698598842204 0.296661010761
36 -1.102943262 0.9 0.296705273658
37 -0.901419234074 0.9 0.296965514098
38 -0.7 0.9 0.29701795802
39 -0.498580765926 0.9 0.296965514098
40 -0.297056738 0.9 0.296705273658
41 -1.1029179557 1.1014011578 0.296661010761
42 -0.90140793858 1.10140793858 0.296919096079
43 -0.7 1.10141923407 0.296965514098
44 -0.49859206142 1.10140793858 0.296919096079
45 -0.297082044298 1.1014011578 0.296661010761
46 -1.1029052885 1.3029052885 0.296399281929
47 -0.901401157796 1.3029179557 0.296661010761
48 -0.7 1.302943262 0.296705273658
49 -0.498598842204 1.3029179557 0.296661010761
50 -0.297094711499 1.3029052885 0.296399281929
51 -1.1035523175 0.496447682501 0.492818300853
52 -0.901771364801 0.496409423511 0.493109432937
53 -0.7 0.496410293666 0.49319287848
54 -0.498228635199 0.496409423511 0.493109432937
55 -0.296447682501 0.496447682501 0.492818300853
56 -1.10359057649 0.698228635199 0.493109432937
57 -0.901787498997 0.698212501003 0.493398177021
58 -0.7 0.698209889329 0.49348280435
59 -0.498212501003 0.698212501003 0.493398177021
60 -0.296409423511 0.698228635199 0.493109432937
61 -1.10358970633 0.9 0.49319287848
62 -0.901790110671 0.9 0.49348280435
63 -0.7 0.9 0.493571526274
64 -0.498209889329 0.9 0.49348280435
65 -0.296410293666 0.9 0.49319287848
66 -1.10359057649 1.1017713648 0.493109432937
67 -0.901787498997 1.101787499 0.493398177021
68 -0.7 1.10179011067 0.49348280435
69 -0.498212501003 1.101787499 0.493398177021
70 -0.296409423511 1.1017713648 0.493109432937
71 -1.1035523175 1.3035523175 0.492818300853
72 -0.901771364801 1.30359057649 0.493109432937
73 -0.7 1.30358970633 0.49319287848
74 -0.498228635199 1.30359057649 0.493109432937
75 -0.296447682501 1.3035523175 0.492818300853
76 -1.10379574687 0.496204253127 0.688943825117
77 -0.901906611917 0.496165531843 0.689185950823
78 -0.7 0.496159522235 0.689276041137
79 -0.498093388083 0.496165531843 0.689185950823
80 -0.296204253127 0.496204253127 0.688943825117
81 -1.10383446816 0.698093388083 0.689185950823
82 -0.901923484886 0.698076515114 0.689428977714
83 -0.7 0.698071648581 0.689519023935
84 -0.498076515114 0.698076515114 0.689428977714
85 -0.296165531843 0.698093388083 0.689185950823
86 -1.10384047777 0.9 0.689276041137
87 -0.901928351419 0.9 0.689519023935
88 -0.7 0.9 0.689608662702
89 -0.498071648581 0.9 0.689519023935
90 -0.296159522235 0.9 0.689276041137
91 -1.10383446816 1.10190661192 0.689185950823
92 -0.901923484886 1.10192348489 0.689428977714
93 -0.7 1.10192835142 0.689519023935
94 -0.498076515114 1.10192348489 0.689428977714
95 -0.296165531843 1.10190661192 0.689185950823
96 -1.10379574687 1.30379574687 0.688943825117
97 -0.901906611917 1.30383446816 0.689185950823
98 -0.7 1.30384047777 0.689276041137
99 -0.498093388083 1.30383446816 0.689185950823
100 -0.296204253127 1.30379574687 0.688943825117
101 -1.10391413323 0.496085866773 0.884919693319
102 -0.901971015723 0.496068094556 0.885111549406
103 -0.7 0.496065305298 0.885190478505
104 -0.498028984277 0.496068094556 0.885111549406
105 -0.296085866773 0.496085866773 0.884919693319
106 -1.10393190544 0.698028984277 0.885111549406
107 -0.901979302793 0.698020697207 0.885305080748
108 -0.7 0.698018382975 0.88538312139
109 -0.498020697207 0.698020697207 0.885305080748
110 -0.296068094556 0.698028984277 0.885111549406
111 -1.1039346947 0.9 0.885190478505
112 -0.901981617025 0.9 0.88538312139
113 -0.7 0.9 0.885458896042
114 -0.498018382975 0.9 0.88538312139
115 -0.296065305298 0.9 0.885190478505
116 -1.10393190544 1.10197101572 0.885111549406
117 -0.901979302793 1.10197930279 0.885305080748
118 -0.7 1.10198161702 0.88538312139
119 -0.498020697207 1.10197930279 0.885305080748
120 -0.296068094556 1.10197101572 0.885111549406
121 -1.10391413323 1.30391413323 0.884919693319
122 -0.901971015723 1.30393190544 0.885111549406
123 -0.7 1.3039346947 0.885190478505
124 -0.498028984277 1.30393190544 0.885111549406
125 -0.296085866773 1.30391413323 0.884919693319
*Step  = 3
*Time  = 0.3
*Data  = x;y;z
1 -1.1018435907 0.498156409299 0.0985410699426
2 -0.900858455948 0.498162399641 0.0987061226722
3 -0.7 0.49812187525 0.0987184364187
4 -0.499141544052 0.498162399641 0.0987061226722
5 -0.298156409299 0.498156409299 0.0985410699426
6 -1.10183760036 0.699141544052 0.0987061226722
7 -0.900858259908 0.699141740092 0.0988688894347
8 -0.7 0.699125975317 0.0988829115766
9 -0.499141740092 0.699141740092 0.0988688894347
10 -0.298162399641 0.699141544052 0.0987061226722
11 -1.10187812475 0.9 0.0987184364187
12 -0.900874024683 0.9 0.0988829115766
13 -0.7 0.9 0.0989006053852
14 -0.499125975317 0.9 0.0988829115766
15 -0.29812187525 0.9 0.0987184364187
16 -1.10183760036 1.10085845595 0.0987061226722
17 -0.900858259908 1.10085825991 0.0988688894347
18 -0.7 1.10087402468 0.0988829115766
19 -0.499141740092 1.10085825991 0.0988688894347
20 -0.298162399641 1.10085845595 0.0987061226722
21 -1.1018435907 1.3018435907 0.0985410699426
22 -0.900858455948 1.30183760036 0.0987061226722
23 -0.7 1.30187812475 0.0987184364187
24 -0.499141544052 1.30183760036 0.0987061226722
25 -0.298156409299 1.3018435907 0.0985410699426
26 -1.10440113466 0.495598865339 0.294506440081
27 -0.902124707259 0.495581406581 0.294911332252
28 -0.7 0.495544996446 0.294980323826
29 -0.497875292741 0.495581406581 0.294911332252
30 -0.295598865339 0.495598865339 0.294506440081
31 -1.10441859342 0.697875292741 0.294911332252
32 -0.902134140829 0.697865859171 0.295310627694
33 -0.7 0.697849647327 0.295383006402
34 -0.497865859171 0.697865859171 0.295310627694
35 -0.295581406581 0.697875292741 0.294911332252
36 -1.10445500355 0.9 0.294980323826
37 -0.902150352673 0.9 0.295383006402
38 -0.7 0.9 0.295464576158
39 -0.497849647327 0.9 0.295383006402
40 -0.295544996446 0.9 0.294980323826
41 -1.10441859342 1.10212470726 0.294911332252
42 -0.902134140829 1.10213414083 0.295310627694
43 -0.7 1.10215035267 0.295383006402
44 -0.497865859171 1.10213414083 0.295310627694
45 -0.295581406581 1.10212470726 0.294911332252
46 -1.10440113466 1.30440113466 0.294506440081
47 -0.902124707259 1.30441859342 0.294911332252
48 -0.7 1.30445500355 0.294980323826
49 -0.497875292741 1.30441859342 0.294911332252
50 -0.295598865339 1.30440113466 0.294506440081
51 -1.10537747637 0.494622523629 0.489051365805
52 -0.902682463698 0.494564829276 0.48949915918
53 -0.7 0.494566803338 0.489627639075
54 -0.497317536302 0.494564829276 0.48949915918
55 -0.294622523629 0.494622523629 0.489051365805
56 -1.10543517072 0.697317536302 0.48949915918
57 -0.902706803076 0.697293196924 0.489943466404
58 -0.7 0.697289588697 0.490073725248
59 -0.497293196924 0.697293196924 0.489943466404
60 -0.294564829276 0.697317536302 0.48949915918
61 -1.10543319666 0.9 0.489627639075
62 -0.902710411303 0.9 0.490073725248
63 -0.7 0.9 0.490210142295
64 -0.497289588697 0.9 0.490073725248
65 -0.294566803338 0.9 0.489627639075
66 -1.10543517072 1.1026824637 0.48949915918
67 -0.902706803076 1.10270680308 0.489943466404
68 -0.7 1.1027104113 0.490073725248
69 -0.497293196924 1.10270680308 0.489943466404
70 -0.294564829276 1.1026824637 0.48949915918
71 -1.10537747637 1.30537747637 0.489051365805
72 -0.902682463698 1.30543517072 0.48949915918
73 -0.7 1.30543319666 0.489627639075
74 -0.497317536302 1.30543517072 0.48949915918
75 -0.294622523629 1.30537747637 0.489051365805
76 -1.10574446413 0.494255535865 0.68314532701
77 -0.902885798413 0.494196754882 0.683516756136
78 -0.7 0.494187632664 0.683654889917
79 -0.497114201587 0.494196754882 0.683516756136
80 -0.294255535865 0.494255535865 0.68314532701
81 -1.10580324512 0.697114201587 0.683516756136
82 -0.902911455458 0.697088544542 0.683889621845
83 -0.7 0.697081173182 0.684027659139
84 -0.497088544542 0.697088544542 0.683889621845
85 -0.294196754882 0.697114201587 0.683516756136
86 -1.10581236734 0.9 0.683654889917
87 -0.902918826818 0.9 0.684027659139
88 -0.7 0.9 0.684164994564
89 -0.497081173182 0.9 0.684027659139
90 -0.294187632664 0.9 0.683654889917
91 -1.10580324512 1.10288579841 0.683516756136
92 -0.902911455458 1.10291145546 0.683889621845
93 -0.7 1.10291882682 0.684027659139
94 -0.497088544542 1.10291145546 0.683889621845
95 -0.294196754882 1.10288579841 0.683516756136
96 -1.10574446413 1.30574446413 0.68314532701
97 -0.902885798413 1.30580324512 0.683516756136
98 -0.7 1.30581236734 0.683654889917
99 -0.497114201587 1.30580324512 0.683516756136
100 -0.294255535865 1.30574446413 0.68314532701
101 -1.1059235758 0.494076424205 0.877008585334
102 -0.902983082877 0.494049582306 0.877302351677
103 -0.7 0.494045386013 0.877423034234
104 -0.497016917123 0.494049582306 0.877302351677
105 -0.294076424205 0.494076424205 0.877008585334
106 -1.10595041769 0.697016917123 0.877302351677
107 -0.902995626328 0.697004373672 0.877598543254
108 -0.7 0.697000892396 0.877717795976
109 -0.497004373672 0.697004373672 0.877598543254
110 -0.294049582306 0.697016917123 0.877302351677
111 -1.10595461399 0.9 0.877423034234
112 -0.902999107604 0.9 0.877717795976
113 -0.7 0.9 0.877833527483
114 -0.497000892396 0.9 0.877717795976
115 -0.294045386013 0.9 0.877423034234
116 -1.10595041769 1.10298308288 0.877302351677
117 -0.902995626328 1.10299562633 0.877598543254
118 -0.7 1.1029991076 0.877717795976
119 -0.497004373672 1.10299562633 0.877598543254
120 -0.294049582306 1.10298308288 0.877302351677
121 -1.1059235758 1.3059235758 0.877008585334
122 -0.902983082877 1.30595041769 0.877302351677
123 -0.7 1.30595461399 0.877423034234
124 -0.497016917123 1.30595041769 0.877302351677
125 -0.294076424205 1.3059235758 0.877008585334
*Step  = 4
*Time  = 0.4
*Data  = x;y;z
1 -1.10248510528 0.497514894722 0.098016861761
2 -0.901159147612 0.497525034061 0.0982454368694
3 -0.7 0.497472313707 0.0982632257187
4 -0.498840852388 0.497525034061 0.0982454368694
5 -0.297514894722 0.497514894722 0.098016861761
6 -1.10247496594 0.698840852388 0.0982454368694
7 -0.901157869285 0.698842130715 0.0984707078254
8 -0.7 0.698821730145 0.0984909561063
9 -0.498842130715 0.698842130715 0.0984707078254
10 -0.297525034061 0.698840852388 0.0982454368694
11 -1.10252768629 0.9 0.0982632257187
12 -0.901178269855 0.9 0.0984909561063
13 -0.7 0.9 0.0985162359824
14 -0.498821730145 0.9 0.0984909561063
15 -0.297472313707 0.9 0.0982632257187
16 -1.10247496594 1.10115914761 0.0982454368694
17 -0.901157869285 1.10115786928 0.0984707078254
18 -0.7 1.10117826986 0.0984909561063
19 -0.498842130715 1.10115786928 0.0984707078254
20 -0.297525034061 1.10115914761 0.0982454368694
21 -1.10248510528 1.30248510528 0.098016861761
22 -0.901159147612 1.30247496594 0.0982454368694
23 -0.7 1.30252768629 0.0982632257187
24 -0.498840852388 1.30247496594 0.0982454368694
25 -0.297514894722 1.30248510528 0.098016861761
26 -1.10592853622 0.494071463775 0.292545457236
27 -0.902864967214 0.494050381128 0.293102826957
28 -0.7 0.494003985247 0.293198565695
29 -0.497135032786 0.494050381128 0.293102826957
30 -0.294071463775 0.494071463775 0.292545457236
31 -1.10594961887 0.697135032786 0.293102826957
32 -0.902876490212 0.697123509788 0.293652500721
33 -0.7 0.697102918282 0.293752945904
34 -0.497123509788 0.697123509788 0.293652500721
35 -0.294050381128 0.697135032786 0.293102826957
36 -1.10599601475 0.9 0.293198565695
37 -0.902897081718 0.9 0.293752945904
38 -0.7 0.9 0.293865850017
39 -0.497102918282 0.9 0.293752945904
40 -0.294003985247 0.9 0.293198565695
41 -1.10594961887 1.10286496721 0.293102826957
42 -0.902876490212 1.10287649021 0.293652500721
43 -0.7 1.10289708172 0.293752945904
44 -0.497123509788 1.10287649021 0.293652500721
45 -0.294050381128 1.10286496721 0.293102826957
46 -1.10592853622 1.30592853622 0.292545457236
47 -0.902864967214 1.30594961887 0.293102826957
48 -0.7 1.30599601475 0.293198565695
49 -0.497135032786 1.30594961887 0.293102826957
50 -0.294071463775 1.30592853622 0.292545457236
51 -1.10723889394 0.492761106063 0.485154245973
52 -0.903612321729 0.492683743455 0.485767193517
53 -0.7 0.492687274273 0.485943260997
54 -0.496387678271 0.492683743455 0.485767193517
55 -0.292761106063 0.492761106063 0.485154245973
56 -1.10731625654 0.696387678271 0.485767193517
57 -0.903644969003 0.696355030997 0.486375621867
58 -0.7 0.696350636757 0.486554064368
59 -0.496355030997 0.696355030997 0.486375621867
60 -0.292683743455 0.696387678271 0.485767193517
61 -1.10731272573 0.9 0.485943260997
62 -0.903649363243 0.9 0.486554064368
63 -0.7 0.9 0.486740740804
64 -0.496350636757 0.9 0.486554064368
65 -0.292687274273 0.9 0.485943260997
66 -1.10731625654 1.10361232173 0.485767193517
67 -0.903644969003 1.103644969 0.486375621867
68 -0.7 1.10364936324 0.486554064368
69 -0.496355030997 1.103644969 0.486375621867
70 -0.292683743455 1.10361232173 0.485767193517
71 -1.10723889394 1.30723889394 0.485154245973
72 -0.903612321729 1.30731625654 0.485767193517
73 -0.7 1.30731272573 0.485943260997
74 -0.496387678271 1.30731625654 0.485767193517
75 -0.292761106063 1.30723889394 0.485154245973
76 -1.10773118531 0.492268814693 0.677146209235
77 -0.90388431028 0.492189427834 0.677653309687
78 -0.7 0.492177087514 0.67784180411
79 -0.49611568972 0.492189427834 0.677653309687
80 -0.292268814693 0.492268814693 0.677146209235
81 -1.10781057217 0.69611568972 0.677653309687
82 -0.903919020743 0.696080979257 0.678162447881
83 -0.7 0.696071037 0.678350770686
84 -0.496080979257 0.696080979257 0.678162447881
85 -0.292189427834 0.69611568972 0.677653309687
86 -1.10782291249 0.9 0.67784180411
87 -0.903928963 0.9 0.678350770686
88 -0.7 0.9 0.678538031313
89 -0.496071037 0.9 0.678350770686
90 -0.292177087514 0.9 0.67784180411
91 -1.10781057217 1.10388431028 0.677653309687
92 -0.903919020743 1.10391902074 0.678162447881
93 -0.7 1.103928963 0.678350770686
94 -0.496080979257 1.10391902074 0.678162447881
95 -0.292189427834 1.10388431028 0.677653309687
96 -1.10773118531 1.30773118531 0.677146209235
97 -0.90388431028 1.30781057217 0.677653309687
98 -0.7 1.30782291249 0.67784180411
99 -0.49611568972 1.30781057217 0.677653309687
100 -0.292268814693 1.30773118531 0.677146209235
101 -1.10797236735 0.492027632645 0.868821514248
102 -0.904015099428 0.491991554435 0.86922183488
103 -0.7 0.491985924686 0.869386042504
104 -0.495984900572 0.491991554435 0.86922183488
105 -0.292027632645 0.492027632645 0.868821514248
106 -1.10800844556 0.695984900572 0.86922183488
107 -0.904031996517 0.695968003483 0.869625265636
108 -0.7 0.695963338551 0.869787428896
109 -0.495968003483 0.695968003483 0.869625265636
110 -0.291991554435 0.695984900572 0.86922183488
111 -1.10801407531 0.9 0.869386042504
112 -0.904036661449 0.9 0.869787428896
113 -0.7 0.9 0.869944725149
114 -0.495963338551 0.9 0.869787428896
115 -0.291985924686 0.9 0.869386042504
116 -1.10800844556 1.10401509943 0.86922183488
117 -0.904031996517 1.10403199652 0.869625265636
118 -0.7 1.10403666145 0.869787428896
119 -0.495968003483 1.10403199652 0.869625265636
120 -0.291991554435 1.10401509943 0.86922183488
121 -1.10797236735 1.30797236735 0.868821514248
122 -0.904015099428 1.30800844556 0.86922183488
123 -0.7 1.30801407531 0.869386042504
124 -0.495984900572 1.30800844556 0.86922183488
125 -0.292027632645 1.30797236735 0.868821514248
*Step  = 5
*Time  = 0.5
*Data  = x;y;z
1 -1.10314165483 0.496858345172 0.0974711523827
2 -0.901467892948 0.496873897832 0.0977682224671
3 -0.7 0.496809730616 0.0977923332204
4 -0.498532107052 0.496873897832 0.0977682224671
5 -0.296858345172 0.496858345172 0.0974711523827
6 -1.10312610217 0.698532107052 0.0977682224671
7 -0.901464930264 0.698535069736 0.0980607658045
8 -0.7 0.698510396219 0.0980881614063
9 -0.498535069736 0.698535069736 0.0980607658045
10 -0.296873897832 0.698532107052 0.0977682224671
11 -1.10319026938 0.9 0.0977923332204
12 -0.901489603781 0.9 0.0980881614063
13 -0.7 0.9 0.0981220140138
14 -0.498510396219 0.9 0.0980881614063
15 -0.296809730616 0.9 0.0977923332204
16 -1.10312610217 1.10146789295 0.0977682224671
17 -0.901464930264 1.10146493026 0.0980607658045
18 -0.7 1.10148960378 0.0980881614063
19 -0.498535069736 1.10146493026 0.0980607658045
20 -0.296873897832 1.10146789295 0.0977682224671
21 -1.10314165483 1.30314165483 0.0974711523827
22 -0.901467892948 1.30312610217 0.0977682224671
23 -0.7 1.30319026938 0.0977923332204
24 -0.498532107052 1.30312610217 0.0977682224671
25 -0.296858345172 1.30314165483 0.0974711523827
26 -1.10748991369 0.492510086312 0.290510619939
27 -0.903623160742 0.492486675838 0.291230791634
28 -0.7 0.492431486564 0.291355556746
29 -0.496376839258 0.492486675838 0.291230791634
30 -0.292510086312 0.492510086312 0.290510619939
31 -1.10751332416 0.696376839258 0.291230791634
32 -0.903636143966 0.696363856034 0.291940966264
33 -0.7 0.696339464641 0.292071829079
34 -0.496363856034 0.696363856034 0.291940966264
35 -0.292486675838 0.696376839258 0.291230791634
36 -1.10756851344 0.9 0.291355556746
37 -0.903660535359 0.9 0.292071829079
38 -0.7 0.9 0.292218522131
39 -0.496339464641 0.9 0.292071829079
40 -0.292431486564 0.9 0.291355556746
41 -1.10751332416 1.10362316074 0.291230791634
42 -0.903636143966 1.10363614397 0.291940966264
43 -0.7 1.10366053536 0.292071829079
44 -0.496363856034 1.10363614397 0.291940966264
45 -0.292486675838 1.10362316074 0.291230791634
46 -1.10748991369 1.30748991369 0.290510619939
47 -0.903623160742 1.30751332416 0.291230791634
48 -0.7 1.30756851344 0.291355556746
49 -0.496376839258 1.30751332416 0.291230791634
50 -0.292510086312 1.30748991369 0.290510619939
51 -1.10913977324 0.490860226755 0.481115592618
52 -0.904562556358 0.490762941795 0.481903197774
53 -0.7 0.490768490256 0.482129724458
54 -0.495437443642 0.490762941795 0.481903197774
55 -0.290860226755 0.490860226755 0.481115592618
56 -1.1092370582 0.695437443642 0.481903197774
57 -0.904603621618 0.695396378382 0.482685316755
58 -0.7 0.695391413495 0.482914808538
59 -0.495396378382 0.695396378382 0.482685316755
60 -0.290762941795 0.695437443642 0.481903197774
61 -1.10923150974 0.9 0.482129724458
62 -0.904608586505 0.9 0.482914808538
63 -0.7 0.9 0.483154623475
64 -0.495391413495 0.9 0.482914808538
65 -0.290768490256 0.9 0.482129724458
66 -1.1092370582 1.10456255636 0.481903197774
67 -0.904603621618 1.10460362162 0.482685316755
68 -0.7 1.10460858651 0.482914808538
69 -0.495396378382 1.10460362162 0.482685316755
70 -0.290762941795 1.10456255636 0.481903197774
71 -1.10913977324 1.30913977324 0.481115592618
72 -0.904562556358 1.3092370582 0.481903197774
73 -0.7 1.30923150974 0.482129724458
74 -0.495437443642 1.3092370582 0.481903197774
75 -0.290860226755 1.30913977324 0.481115592618
76 -1.10975960414 0.490240395858 0.670928330182
77 -0.904904011045 0.49013978604 0.671578284473
78 -0.7 0.490124093223 0.671819752262
79 -0.495095988955 0.49013978604 0.671578284473
80 -0.290240395858 0.490240395858 0.670928330182
81 -1.10986021396 0.695095988955 0.671578284473
82 -0.904948077613 0.695051922387 0.672230952457
83 -0.7 0.695039327318 0.672472148586
84 -0.495051922387 0.695051922387 0.672230952457
85 -0.29013978604 0.695095988955 0.671578284473
86 -1.10987590678 0.9 0.671819752262
87 -0.904960672682 0.9 0.672472148586
88 -0.7 0.9 0.672711851601
89 -0.495039327318 0.9 0.672472148586
90 -0.290124093223 0.9 0.671819752262
91 -1.10986021396 1.10490401104 0.671578284473
92 -0.904948077613 1.10494807761 0.672230952457
93 -0.7 1.10496067268 0.672472148586
94 -0.495051922387 1.10494807761 0.672230952457
95 -0.29013978604 1.10490401104 0.671578284473
96 -1.10975960414 1.30975960414 0.670928330182
97 -0.904904011045 1.30986021396 0.671578284473
98 -0.7 1.30987590678 0.671819752262
99 -0.495095988955 1.30986021396 0.671578284473
100 -0.290240395858 1.30975960414 0.670928330182
101 -1.11006450897 0.489935491026 0.860332824418
102 -0.905069092029 0.48988996963 0.860844956192
103 -0.7 0.489882863948 0.861054688577
104 -0.494930907971 0.48988996963 0.860844956192
105 -0.289935491026 0.489935491026 0.860332824418
106 -1.11011003037 0.694930907971 0.860844956192
107 -0.905090460095 0.694909539905 0.861360812052
108 -0.7 0.694903665832 0.861567804714
109 -0.494909539905 0.694909539905 0.861360812052
110 -0.28988996963 0.694930907971 0.860844956192
111 -1.11011713605 0.9 0.861054688577
112 -0.905096334168 0.9 0.861567804714
113 -0.7 0.9 0.861768485805
114 -0.494903665832 0.9 0.861567804714
115 -0.289882863948 0.9 0.861054688577
116 -1.11011003037 1.10506909203 0.860844956192
117 -0.905090460095 1.1050904601 0.861360812052
118 -0.7 1.10509633417 0.861567804714
119 -0.494909539905 1.1050904601 0.861360812052
120 -0.28988996963 1.10506909203 0.860844956192
121 -1.11006450897 1.31006450897 0.860332824418
122 -0.905069092029 1.31011003037 0.860844956192
123 -0.7 1.31011713605 0.861054688577
124 -0.494930907971 1.31011003037 0.860844956192
125 -0.289935491026 1.31006450897 0.860332824418
*Step  = 6
*Time  = 0.6
*Data  = x;y;z
1 -1.10381435282 0.496185647181 0.0969020857346
2 -0.901785252989 0.49620801884 0.0972731613691
3 -0.7 0.496133220113 0.0973045617025
4 -0.498214747011 0.49620801884 0.0972731613691
5 -0.296185647181 0.496185647181 0.0969020857346
6 -1.10379198116 0.698214747011 0.0972731613691
7 -0.901779933429 0.698220066571 0.0976382221242
8 -0.7 0.698191521319 0.0976737934208
9 -0.498220066571 0.698220066571 0.0976382221242
10 -0.29620801884 0.698214747011 0.0972731613691
11 -1.10386677989 0.9 0.0973045617025
12 -0.901808478681 0.9 0.0976737934208
13 -0.7 0.9 0.0977173099857
14 -0.498191521319 0.9 0.0976737934208
15 -0.296133220113 0.9 0.0973045617025
16 -1.10379198116 1.10178525299 0.0972731613691
17 -0.901779933429 1.10177993343 0.0976382221242
18 -0.7 1.10180847868 0.0976737934208
19 -0.498220066571 1.10177993343 0.0976382221242
20 -0.29620801884 1.10178525299 0.0972731613691
21 -1.10381435282 1.30381435282 0.0969020857346
22 -0.901785252989 1.30379198116 0.0972731613691
23 -0.7 1.30386677989 0.0973045617025
24 -0.498214747011 1.30379198116 0.0972731613691
25 -0.296185647181 1.30381435282 0.0969020857346
26 -1.10908804728 0.490911952715 0.288395358023
27 -0.904400688261 0.4908876643 0.289289845564
28 -0.7 0.490824959169 0.289446223625
29 -0.495599311739 0.4908876643 0.289289845564
30 -0.290911952715 0.490911952715 0.288395358023
31 -1.1091123357 0.695599311739 0.289289845564
32 -0.904414423724 0.695585576276 0.290171764562
33 -0.7 0.695558014457 0.290335684467
34 -0.495585576276 0.695585576276 0.290171764562
35 -0.2908876643 0.695599311739 0.289289845564
36 -1.10917504083 0.9 0.289446223625
37 -0.904441985543 0.9 0.290335684467
38 -0.7 0.9 0.29051890976
39 -0.495558014457 0.9 0.290335684467
40 -0.290824959169 0.9 0.289446223625
41 -1.1091123357 1.10440068826 0.289289845564
42 -0.904414423724 1.10441442372 0.290171764562
43 -0.7 1.10444198554 0.290335684467
44 -0.495585576276 1.10441442372 0.290171764562
45 -0.2908876643 1.10440068826 0.289289845564
46 -1.10908804728 1.30908804728 0.288395358023
47 -0.904400688261 1.3091123357 0.289289845564
48 -0.7 1.30917504083 0.289446223625
49 -0.495599311739 1.3091123357 0.289289845564
50 -0.290911952715 1.30908804728 0.288395358023
51 -1.11108383924 0.488916160757 0.476922275189
52 -0.905535047614 0.488798679779 0.477895249371
53 -0.7 0.488806718305 0.478175487165
54 -0.494464952386 0.488798679779 0.477895249371
55 -0.288916160757 0.488916160757 0.476922275189
56 -1.11120132022 0.694464952386 0.477895249371
57 -0.905584647189 0.694415352811 0.478861837498
58 -0.7 0.694410039403 0.479145618594
59 -0.494415352811 0.694415352811 0.478861837498
60 -0.288798679779 0.694464952386 0.477895249371
61 -1.11119328169 0.9 0.478175487165
62 -0.905589960597 0.9 0.479145618594
63 -0.7 0.9 0.479441827393
64 -0.494410039403 0.9 0.479145618594
65 -0.288806718305 0.9 0.478175487165
66 -1.11120132022 1.10553504761 0.477895249371
67 -0.905584647189 1.10558464719 0.478861837498
68 -0.7 1.1055899606 0.479145618594
69 -0.494415352811 1.10558464719 0.478861837498
70 -0.288798679779 1.10553504761 0.477895249371
71 -1.11108383924 1.31108383924 0.476922275189
72 -0.905535047614 1.31120132022 0.477895249371
73 -0.7 1.31119328169 0.478175487165
74 -0.494464952386 1.31120132022 0.477895249371
75 -0.288916160757 1.31108383924 0.476922275189
76 -1.11183404744 0.488165952557 0.664470602395
77 -0.905947084226 0.488043420833 0.665271575637
78 -0.7 0.488024208593 0.665568984885
79 -0.494052915774 0.488043420833 0.665271575637
80 -0.288165952557 0.488165952557 0.664470602395
81 -1.11195657917 0.694052915774 0.665271575637
82 -0.906000848145 0.693999151855 0.66607602479
83 -0.7 0.693983804168 0.666373035015
84 -0.493999151855 0.693999151855 0.66607602479
85 -0.288043420833 0.694052915774 0.665271575637
86 -1.11197579141 0.9 0.665568984885
87 -0.906016195832 0.9 0.666373035015
88 -0.7 0.9 0.666668045207
89 -0.493983804168 0.9 0.666373035015
90 -0.288024208593 0.9 0.665568984885
91 -1.11195657917 1.10594708423 0.665271575637
92 -0.906000848145 1.10600084815 0.66607602479
93 -0.7 1.10601619583 0.666373035015
94 -0.493999151855 1.10600084815 0.66607602479
95 -0.288043420833 1.10594708423 0.665271575637
96 -1.11183404744 1.31183404744 0.664470602395
97 -0.905947084226 1.31195657917 0.665271575637
98 -0.7 1.31197579141 0.665568984885
99 -0.494052915774 1.31195657917 0.665271575637
100 -0.288165952557 1.31183404744 0.664470602395
101 -1.1122047045 0.487795295499 0.851512590142
102 -0.90614744462 0.487740076195 0.852142530693
103 -0.7 0.487731433399 0.852400061714
104 -0.49385255538 0.487740076195 0.852142530693
105 -0.287795295499 0.487795295499 0.851512590142
106 -1.11225992381 0.69385255538 0.852142530693
107 -0.906173424903 0.693826575097 0.852776731926
108 -0.7 0.693819456036 0.853030738018
109 -0.493826575097 0.693826575097 0.852776731926
110 -0.287740076195 0.69385255538 0.852142530693
111 -1.1122685666 0.9 0.852400061714
112 -0.906180543964 0.9 0.853030738018
113 -0.7 0.9 0.853276879574
114 -0.493819456036 0.9 0.853030738018
115 -0.287731433399 0.9 0.852400061714
116 -1.11225992381 1.10614744462 0.852142530693
117 -0.906173424903 1.1061734249 0.852776731926
118 -0.7 1.10618054396 0.853030738018
119 -0.493826575097 1.1061734249 0.852776731926
120 -0.287740076195 1.10614744462 0.852142530693
121 -1.1122047045 1.3122047045 0.851512590142
122 -0.90614744462 1.31225992381 0.852142530693
123 -0.7 1.3122685666 0.852400061714
124 -0.49385255538 1.31225992381 0.852142530693
125 -0.287795295499 1.3122047045 0.851512590142
*Step  = 7
*Time  = 0.7
*Data  = x;y;z
1 -1.10450447637 0.495495523632 0.0963075226154
2 -0.902111867202 0.495526287381 0.0967587467214
3 -0.7 0.495441748024 0.0967985463194
4 -0.497888132798 0.495526287381 0.0967587467214
5 -0.295495523632 0.495495523632 0.0963075226154
6 -1.10447371262 0.697888132798 0.0967587467214
7 -0.902103434738 0.697896565262 0.0972021269601
8 -0.7 0.697864593565 0.0972470271554
9 -0.497896565262 0.697896565262 0.0972021269601
10 -0.295526287381 0.697888132798 0.0967587467214
11 -1.10455825198 0.9 0.0967985463194
12 -0.902135406435 0.9 0.0972470271554
13 -0.7 0.9 0.0973014200862
14 -0.497864593565 0.9 0.0972470271554
15 -0.295441748024 0.9 0.0967985463194
16 -1.10447371262 1.1021118672 0.0967587467214
17 -0.902103434738 1.10210343474 0.0972021269601
18 -0.7 1.10213540644 0.0972470271554
19 -0.497896565262 1.10210343474 0.0972021269601
20 -0.295526287381 1.1021118672 0.0967587467214
21 -1.10450447637 1.30450447637 0.0963075226154
22 -0.902111867202 1.30447371262 0.0967587467214
23 -0.7 1.30455825198 0.0967985463194
24 -0.497888132798 1.30447371262 0.0967587467214
25 -0.295495523632 1.30450447637 0.0963075226154
26 -1.11072616016 0.489273839835 0.286192047556
27 -0.905199167799 0.489250310254 0.287273780049
28 -0.7 0.489181465937 0.287464723624
29 -0.494800832201 0.489250310254 0.287273780049
30 -0.289273839835 0.489273839835 0.286192047556
31 -1.11074968975 0.694800832201 0.287273780049
32 -0.905212851956 0.694787148044 0.288340017383
33 -0.7 0.694757103391 0.288539976037
34 -0.494787148044 0.694787148044 0.288340017383
35 -0.289250310254 0.694800832201 0.287273780049
36 -1.11081853406 0.9 0.287464723624
37 -0.905242896609 0.9 0.288539976037
38 -0.7 0.9 0.288762819156
39 -0.494757103391 0.9 0.288539976037
40 -0.289181465937 0.9 0.287464723624
41 -1.11074968975 1.1051991678 0.287273780049
42 -0.905212851956 1.10521285196 0.288340017383
43 -0.7 1.10524289661 0.288539976037
44 -0.494787148044 1.10521285196 0.288340017383
45 -0.289250310254 1.1051991678 0.287273780049
46 -1.11072616016 1.31072616016 0.286192047556
47 -0.905199167799 1.31074968975 0.287273780049
48 -0.7 1.31081853406 0.287464723624
49 -0.494800832201 1.31074968975 0.287273780049
50 -0.289273839835 1.31072616016 0.286192047556
51 -1.11307546765 0.486924532352 0.4725589548
52 -0.906532002618 0.486786565429 0.473729470361
53 -0.7 0.486797582926 0.474067130648
54 -0.493467997382 0.486786565429 0.473729470361
55 -0.286924532352 0.486924532352 0.4725589548
56 -1.11321343457 0.693467997382 0.473729470361
57 -0.906590257055 0.693409742945 0.474892768206
58 -0.7 0.693404312644 0.475234531023
59 -0.493409742945 0.693409742945 0.474892768206
60 -0.286786565429 0.693467997382 0.473729470361
61 -1.11320241707 0.9 0.474067130648
62 -0.906595687356 0.9 0.475234531023
63 -0.7 0.9 0.475590843912
64 -0.493404312644 0.9 0.475234531023
65 -0.286797582926 0.9 0.474067130648
66 -1.11321343457 1.10653200262 0.473729470361
67 -0.906590257055 1.10659025706 0.474892768206
68 -0.7 1.10659568736 0.475234531023
69 -0.493409742945 1.10659025706 0.474892768206
70 -0.286786565429 1.10653200262 0.473729470361
71 -1.11307546765 1.31307546765 0.4725589548
72 -0.906532002618 1.31321343457 0.473729470361
73 -0.7 1.31320241707 0.474067130648
74 -0.493467997382 1.31321343457 0.473729470361
75 -0.286924532352 1.31307546765 0.4725589548
76 -1.11395963818 0.486040361817 0.657748266509
77 -0.907016115755 0.485895113769 0.658709623917
78 -0.7 0.485872178188 0.659066375265
79 -0.492983884245 0.485895113769 0.658709623917
80 -0.286040361817 0.486040361817 0.657748266509
81 -1.11410488623 0.692983884245 0.658709623917
82 -0.907079963296 0.692920036704 0.659675320577
83 -0.7 0.69290181619 0.660031515616
84 -0.492920036704 0.692920036704 0.659675320577
85 -0.285895113769 0.692983884245 0.658709623917
86 -1.11412782181 0.9 0.659066375265
87 -0.90709818381 0.9 0.660031515616
88 -0.7 0.9 0.660385121635
89 -0.49290181619 0.9 0.660031515616
90 -0.285872178188 0.9 0.659066375265
91 -1.11410488623 1.10701611576 0.658709623917
92 -0.907079963296 1.1070799633 0.659675320577
93 -0.7 1.10709818381 0.660031515616
94 -0.492920036704 1.1070799633 0.659675320577
95 -0.285895113769 1.10701611576 0.658709623917
96 -1.11395963818 1.31395963818 0.657748266509
97 -0.907016115755 1.31410488623 0.658709623917
98 -0.7 1.31412782181 0.659066375265
99 -0.492983884245 1.31410488623 0.658709623917
100 -0.286040361817 1.31395963818 0.657748266509
101 -1.11439854593 0.48560145407 0.842325540029
102 -0.907252992817 0.485536224362 0.843080193988
103 -0.7 0.485525961064 0.843388131223
104 -0.492747007183 0.485536224362 0.843080193988
105 -0.28560145407 0.48560145407 0.842325540029
106 -1.11446377564 0.692747007183 0.843080193988
107 -0.907283755437 0.692716244563 0.843839560897
108 -0.7 0.692707832336 0.844143087503
109 -0.492716244563 0.692716244563 0.843839560897
110 -0.285536224362 0.692747007183 0.843080193988
111 -1.11447403894 0.9 0.843388131223
112 -0.907292167664 0.9 0.844143087503
113 -0.7 0.9 0.844437076819
114 -0.492707832336 0.9 0.844143087503
115 -0.285525961064 0.9 0.843388131223
116 -1.11446377564 1.10725299282 0.843080193988
117 -0.907283755437 1.10728375544 0.843839560897
118 -0.7 1.10729216766 0.844143087503
119 -0.492716244563 1.10728375544 0.843839560897
120 -0.285536224362 1.10725299282 0.843080193988
121 -1.11439854593 1.31439854593 0.842325540029
122 -0.907252992817 1.31446377564 0.843080193988
123 -0.7 1.31447403894 0.843388131223
124 -0.492747007183 1.31446377564 0.843080193988
125 -0.28560145407 1.31439854593 0.842325540029
*Step  = 8
*Time  = 0.8
*Data  = x;y;z
1 -1.10521348755 0.494786512454 0.0956849896023
2 -0.902448461874 0.494827441035 0.0962232561143
3 -0.7 0.494734138573 0.0962727332936
4 -0.497551538126 0.494827441035 0.0962232561143
5 -0.294786512454 0.494786512454 0.0956849896023
6 -1.10517255896 0.697551538126 0.0962232561143
7 -0.902436060477 0.697563939523 0.096751413187
8 -0.7 0.697529037731 0.0968069419208
9 -0.497563939523 0.697563939523 0.096751413187
10 -0.294827441035 0.697551538126 0.0962232561143
11 -1.10526586143 0.9 0.0962727332936
12 -0.902470962269 0.9 0.0968069419208
13 -0.7 0.9 0.0968735648544
14 -0.497529037731 0.9 0.0968069419208
15 -0.294734138573 0.9 0.0962727332936
16 -1.10517255896 1.10244846187 0.0962232561143
17 -0.902436060477 1.10243606048 0.096751413187
18 -0.7 1.10247096227 0.0968069419208
19 -0.497563939523 1.10243606048 0.096751413187
20 -0.294827441035 1.10244846187 0.0962232561143
21 -1.10521348755 1.30521348755 0.0956849896023
22 -0.902448461874 1.30517255896 0.0962232561143
23 -0.7 1.30526586143 0.0962727332936
24 -0.497551538126 1.30517255896 0.0962232561143
25 -0.294786512454 1.30521348755 0.0956849896023
26 -1.11240799407 0.487592005925 0.283891798025
27 -0.906020469654 0.487571101768 0.285175412846
28 -0.7 0.48749761101 0.28540431711
29 -0.493979530346 0.487571101768 0.285175412846
30 -0.287592005925 0.487592005925 0.283891798025
31 -1.11242889823 0.693979530346 0.285175412846
32 -0.906033181301 0.693966818699 0.286440142219
33 -0.7 0.693935047467 0.286679533299
34 -0.493966818699 0.693966818699 0.286440142219
35 -0.287571101768 0.693979530346 0.285175412846
36 -1.11250238899 0.9 0.28540431711
37 -0.906064952533 0.9 0.286679533299
38 -0.7 0.9 0.286945491185
39 -0.493935047467 0.9 0.286679533299
40 -0.28749761101 0.9 0.28540431711
41 -1.11242889823 1.10602046965 0.285175412846
42 -0.906033181301 1.1060331813 0.286440142219
43 -0.7 1.10606495253 0.286679533299
44 -0.493966818699 1.1060331813 0.286440142219
45 -0.287571101768 1.10602046965 0.285175412846
46 -1.11240799407 1.31240799407 0.283891798025
47 -0.906020469654 1.31242889823 0.285175412846
48 -0.7 1.31250238899 0.28540431711
49 -0.493979530346 1.31242889823 0.285175412846
50 -0.287592005925 1.31240799407 0.283891798025
51 -1.11511982757 0.484880172428 0.468007590806
52 -0.907556026388 0.484721420391 0.469389623051
53 -0.7 0.484735928551 0.469788984084
54 -0.492443973612 0.484721420391 0.469389623051
55 -0.284880172428 0.484880172428 0.468007590806
56 -1.11527857961 0.692443973612 0.469389623051
57 -0.90762305656 0.69237694344 0.47076367504
58 -0.7 0.692371641062 0.471167670064
59 -0.49237694344 0.69237694344 0.47076367504
60 -0.284721420391 0.692443973612 0.469389623051
61 -1.11526407145 0.9 0.469788984084
62 -0.907628358938 0.9 0.471167670064
63 -0.7 0.9 0.471588358726
64 -0.492371641062 0.9 0.471167670064
65 -0.284735928551 0.9 0.469788984084
66 -1.11527857961 1.10755602639 0.469389623051
67 -0.90762305656 1.10762305656 0.47076367504
68 -0.7 1.10762835894 0.471167670064
69 -0.49237694344 1.10762305656 0.47076367504
70 -0.284721420391 1.10755602639 0.469389623051
71 -1.11511982757 1.31511982757 0.468007590806
72 -0.907556026388 1.31527857961 0.469389623051
73 -0.7 1.31526407145 0.469788984084
74 -0.492443973612 1.31527857961 0.469389623051
75 -0.284880172428 1.31511982757 0.468007590806
76 -1.11614249395 0.48385750605 0.650732007732
77 -0.908114194203 0.483688634565 0.65186461812
78 -0.7 0.483661728417 0.652284651995
79 -0.491885805797 0.483688634565 0.65186461812
80 -0.28385750605 0.48385750605 0.650732007732
81 -1.11631136544 0.691885805797 0.65186461812
82 -0.908188565005 0.691811434995 0.653002551794
83 -0.7 0.691790197563 0.653421839331
84 -0.491811434995 0.691811434995 0.653002551794
85 -0.283688634565 0.691885805797 0.65186461812
86 -1.11633827158 0.9 0.652284651995
87 -0.908209802437 0.9 0.653421839331
88 -0.7 0.9 0.65383785994
89 -0.491790197563 0.9 0.653421839331
90 -0.283661728417 0.9 0.652284651995
91 -1.11631136544 1.1081141942 0.65186461812
92 -0.908188565005 1.10818856501 0.653002551794
93 -0.7 1.10820980244 0.653421839331
94 -0.491811434995 1.10818856501 0.653002551794
95 -0.283688634565 1.1081141942 0.65186461812
96 -1.11614249395 1.31614249395 0.650732007732
97 -0.908114194203 1.31631136544 0.65186461812
98 -0.7 1.31633827158 0.652284651995
99 -0.491885805797 1.31631136544 0.65186461812
100 -0.28385750605 1.31614249395 0.650732007732
101 -1.11665275086 0.483347249145 0.832729699199
102 -0.908389145394 0.483271625681 0.833617114981
103 -0.7 0.483259631429 0.833978483704
104 -0.491610854606 0.483271625681 0.833617114981
105 -0.283347249145 0.483347249145 0.832729699199
106 -1.11672837432 0.691610854606 0.833617114981
107 -0.908424896083 0.691575103917 0.834509603036
108 -0.7 0.691565335297 0.834865561708
109 -0.491575103917 0.691575103917 0.834509603036
110 -0.283271625681 0.691610854606 0.833617114981
111 -1.11674036857 0.9 0.833978483704
112 -0.908434664703 0.9 0.834865561708
113 -0.7 0.9 0.835210176867
114 -0.491565335297 0.9 0.834865561708
115 -0.283259631429 0.9 0.833978483704
116 -1.11672837432 1.10838914539 0.833617114981
117 -0.908424896083 1.10842489608 0.834509603036
118 -0.7 1.1084346647 0.834865561708
119 -0.491575103917 1.10842489608 0.834509603036
120 -0.283271625681 1.10838914539 0.833617114981
121 -1.11665275086 1.31665275086 0.832729699199
122 -0.908389145394 1.31672837432 0.833617114981
123 -0.7 1.31674036857 0.833978483704
124 -0.491610854606 1.31672837432 0.833617114981
125 -0.283347249145 1.31665275086 0.832729699199
*Step  = 9
*Time  = 0.9
*Data  = x;y;z
1 -1.10594314988 0.494056850119 0.0950315293734
2 -0.902795909097 0.494109963929 0.0956646366802
3 -0.7 0.494008979287 0.0957252714464
4 -0.497204090903 0.494109963929 0.0956646366802
5 -0.294056850119 0.494056850119 0.0950315293734
6 -1.10589003607 0.697204090903 0.0956646366802
7 -0.902778559745 0.697221440255 0.0962848175597
8 -0.7 0.697184165831 0.09635244957
9 -0.497221440255 0.697221440255 0.0962848175597
10 -0.294109963929 0.697204090903 0.0956646366802
11 -1.10599102071 0.9 0.0957252714464
12 -0.902815834169 0.9 0.09635244957
13 -0.7 0.9 0.0964328249877
14 -0.497184165831 0.9 0.09635244957
15 -0.294008979287 0.9 0.0957252714464
16 -1.10589003607 1.1027959091 0.0956646366802
17 -0.902778559745 1.10277855975 0.0962848175597
18 -0.7 1.10281583417 0.09635244957
19 -0.497221440255 1.10277855975 0.0962848175597
20 -0.294109963929 1.1027959091 0.0956646366802
21 -1.10594314988 1.30594314988 0.0950315293734
22 -0.902795909097 1.30589003607 0.0956646366802
23 -0.7 1.30599102071 0.0957252714464
24 -0.497204090903 1.30589003607 0.0956646366802
25 -0.294056850119 1.30594314988 0.0950315293734
26 -1.1141380895 0.485861910503 0.281483917866
27 -0.906866857987 0.485845789958 0.282986126676
28 -0.7 0.485769289076 0.283256922
29 -0.493133142013 0.485845789958 0.282986126676
30 -0.285861910503 0.485861910503 0.281483917866
31 -1.11415421004 0.693133142013 0.282986126676
32 -0.906877528281 0.693122471719 0.284465465478
33 -0.7 0.693089814755 0.28474818112
34 -0.493122471719 0.693122471719 0.284465465478
35 -0.285845789958 0.693133142013 0.282986126676
36 -1.11423071092 0.9 0.283256922
37 -0.906910185245 0.9 0.28474818112
38 -0.7 0.9 0.285061248699
39 -0.493089814755 0.9 0.28474818112
40 -0.285769289076 0.9 0.283256922
41 -1.11415421004 1.10686685799 0.282986126676
42 -0.906877528281 1.10687752828 0.284465465478
43 -0.7 1.10691018524 0.28474818112
44 -0.493122471719 1.10687752828 0.284465465478
45 -0.285845789958 1.10686685799 0.282986126676
46 -1.1141380895 1.3141380895 0.281483917866
47 -0.906866857987 1.31415421004 0.282986126676
48 -0.7 1.31423071092 0.283256922
49 -0.493133142013 1.31415421004 0.282986126676
50 -0.285861910503 1.3141380895 0.281483917866
51 -1.11722323574 0.482776764265 0.463246374917
52 -0.908610300664 0.482596926375 0.464856107936
53 -0.7 0.482615472145 0.465322140166
54 -0.491389699336 0.482596926375 0.464856107936
55 -0.282776764265 0.482776764265 0.463246374917
56 -1.11740307362 0.691389699336 0.464856107936
57 -0.908686223434 0.691313776566 0.466457168887
58 -0.7 0.691308866584 0.466928328356
59 -0.491313776566 0.691313776566 0.466457168887
60 -0.282596926375 0.691389699336 0.464856107936
61 -1.11738452786 0.9 0.465322140166
62 -0.908691133416 0.9 0.466928328356
63 -0.7 0.9 0.467418350759
64 -0.491308866584 0.9 0.466928328356
65 -0.282615472145 0.9 0.465322140166
66 -1.11740307362 1.10861030066 0.464856107936
67 -0.908686223434 1.10868622343 0.466457168887
68 -0.7 1.10869113342 0.466928328356
69 -0.491313776566 1.10868622343 0.466457168887
70 -0.282596926375 1.10861030066 0.464856107936
71 -1.11722323574 1.31722323574 0.463246374917
72 -0.908610300664 1.31740307362 0.464856107936
73 -0.7 1.31738452786 0.465322140166
74 -0.491389699336 1.31740307362 0.464856107936
75 -0.282776764265 1.31722323574 0.463246374917
76 -1.11839012371 0.48160987629 0.643386261174
77 -0.909245111211 0.481416339994 0.644702838569
78 -0.7 0.481385167865 0.645190755619
79 -0.490754888789 0.481416339994 0.644702838569
80 -0.28160987629 0.48160987629 0.643386261174
81 -1.11858366001 0.690754888789 0.644702838569
82 -0.909330508177 0.690669491823 0.646025870406
83 -0.7 0.690645066551 0.646512815824
84 -0.490669491823 0.690669491823 0.646025870406
85 -0.281416339994 0.690754888789 0.644702838569
86 -1.11861483213 0.9 0.645190755619
87 -0.909354933449 0.9 0.646512815824
88 -0.7 0.9 0.646995719469
89 -0.490645066551 0.9 0.646512815824
90 -0.281385167865 0.9 0.645190755619
91 -1.11858366001 1.10924511121 0.644702838569
92 -0.909330508177 1.10933050818 0.646025870406
93 -0.7 1.10935493345 0.646512815824
94 -0.490669491823 1.10933050818 0.646025870406
95 -0.281416339994 1.10924511121 0.644702838569
96 -1.11839012371 1.31839012371 0.643386261174
97 -0.909245111211 1.31858366001 0.644702838569
98 -0.7 1.31861483213 0.645190755619
99 -0.490754888789 1.31858366001 0.644702838569
100 -0.28160987629 1.31839012371 0.643386261174
101 -1.11897557948 0.481024420518 0.822674011476
102 -0.909560094821 0.480937931059 0.823703633904
103 -0.7 0.480924062349 0.824121966989
104 -0.490439905179 0.480937931059 0.823703633904
105 -0.281024420518 0.481024420518 0.822674011476
106 -1.11906206894 0.690439905179 0.823703633904
107 -0.909601083538 0.690398916462 0.824738589888
108 -0.7 0.690387709813 0.825150385619
109 -0.490398916462 0.690398916462 0.824738589888
110 -0.280937931059 0.690439905179 0.823703633904
111 -1.11907593765 0.9 0.824121966989
112 -0.909612290187 0.9 0.825150385619
113 -0.7 0.9 0.825548881858
114 -0.490387709813 0.9 0.825150385619
115 -0.280924062349 0.9 0.824121966989
116 -1.11906206894 1.10956009482 0.823703633904
117 -0.909601083538 1.10960108354 0.824738589888
118 -0.7 1.10961229019 0.825150385619
119 -0.490398916462 1.10960108354 0.824738589888
120 -0.280937931059 1.10956009482 0.823703633904
121 -1.11897557948 1.31897557948 0.822674011476
122 -0.909560094821 1.31906206894 0.823703633904
123 -0.7 1.31907593765 0.824121966989
124 -0.490439905179 1.31906206894 0.823703633904
125 -0.281024420518 1.31897557948 0.822674011476
*Step  = 10
*Time  = 1
*Data  = x;y;z
1 -1.10669550674 0.493304493258 0.0943436616722
2 -0.903155208485 0.493372116308 0.0950805120305
3 -0.7 0.493264652207 0.0951540303484
4 -0.496844791515 0.493372116308 0.0950805120305
5 -0.293304493258 0.493304493258 0.0943436616722
6 -1.10662788369 0.696844791515 0.0950805120305
7 -0.903131780317 0.696868219683 0.0958009143968
8 -0.7 0.696829202973 0.0958823345555
9 -0.496868219683 0.696868219683 0.0958009143968
10 -0.293372116308 0.696844791515 0.0950805120305
11 -1.10673534779 0.9 0.0951540303484
12 -0.903170797027 0.9 0.0958823345555
13 -0.7 0.9 0.0959781858442
14 -0.496829202973 0.9 0.0958823345555
15 -0.293264652207 0.9 0.0951540303484
16 -1.10662788369 1.10315520849 0.0950805120305
17 -0.903131780317 1.10313178032 0.0958009143968
18 -0.7 1.10317079703 0.0958823345555
19 -0.496868219683 1.10313178032 0.0958009143968
20 -0.293372116308 1.10315520849 0.0950805120305
21 -1.10669550674 1.30669550674 0.0943436616722
22 -0.903155208485 1.30662788369 0.0950805120305
23 -0.7 1.30673534779 0.0951540303484
24 -0.496844791515 1.30662788369 0.0950805120305
25 -0.293304493258 1.30669550674 0.0943436616722
26 -1.11592180705 0.484078192946 0.278955680256
27 -0.907740990527 0.484069385138 0.280695782177
28 -0.7 0.483991683575 0.281013068395
29 -0.492259009473 0.484069385138 0.280695782177
30 -0.284078192946 0.484078192946 0.278955680256
31 -1.11593061486 0.692259009473 0.280695782177
32 -0.907748362071 0.692251637929 0.282408259104
33 -0.7 0.692219039357 0.282738811479
34 -0.492251637929 0.692251637929 0.282408259104
35 -0.284069385138 0.692259009473 0.280695782177
36 -1.11600831642 0.9 0.281013068395
37 -0.907780960643 0.9 0.282738811479
38 -0.7 0.9 0.283103601655
39 -0.492219039357 0.9 0.282738811479
40 -0.283991683575 0.9 0.281013068395
41 -1.11593061486 1.10774099053 0.280695782177
42 -0.907748362071 1.10774836207 0.282408259104
43 -0.7 1.10778096064 0.282738811479
44 -0.492251637929 1.10774836207 0.282408259104
45 -0.284069385138 1.10774099053 0.280695782177
46 -1.11592180705 1.31592180705 0.278955680256
47 -0.907740990527 1.31593061486 0.280695782177
48 -0.7 1.31600831642 0.281013068395
49 -0.492259009473 1.31593061486 0.280695782177
50 -0.284078192946 1.31592180705 0.278955680256
51 -1.11939332682 0.48060667318 0.458249048204
52 -0.909698666003 0.480405466668 0.460105503279
53 -0.7 0.480428645066 0.460644066545
54 -0.490301333997 0.480405466668 0.460105503279
55 -0.28060667318 0.48060667318 0.458249048204
56 -1.11959453333 0.690301333997 0.460105503279
57 -0.909783584006 0.690216415994 0.461952665859
58 -0.7 0.690212190193 0.46249679787
59 -0.490216415994 0.690216415994 0.461952665859
60 -0.280405466668 0.690301333997 0.460105503279
61 -1.11957135493 0.9 0.460644066545
62 -0.909787809807 0.9 0.46249679787
63 -0.7 0.9 0.463061994143
64 -0.490212190193 0.9 0.46249679787
65 -0.280428645066 0.9 0.460644066545
66 -1.11959453333 1.109698666 0.460105503279
67 -0.909783584006 1.10978358401 0.461952665859
68 -0.7 1.10978780981 0.46249679787
69 -0.490216415994 1.10978358401 0.461952665859
70 -0.280405466668 1.109698666 0.460105503279
71 -1.11939332682 1.31939332682 0.458249048204
72 -0.909698666003 1.31959453333 0.460105503279
73 -0.7 1.31957135493 0.460644066545
74 -0.490301333997 1.31959453333 0.460105503279
75 -0.28060667318 1.31939332682 0.458249048204
76 -1.12071174016 0.479288259838 0.635667814345
77 -0.910413519201 0.479068854219 0.637183493126
78 -0.7 0.479033061315 0.637744756014
79 -0.489586480799 0.479068854219 0.637183493126
80 -0.279288259838 0.479288259838 0.635667814345
81 -1.12093114578 0.689586480799 0.637183493126
82 -0.910510522655 0.689489477345 0.638706940856
83 -0.7 0.689461660411 0.639266969095
84 -0.489489477345 0.689489477345 0.638706940856
85 -0.279068854219 0.689586480799 0.637183493126
86 -1.12096693869 0.9 0.637744756014
87 -0.910538339589 0.9 0.639266969095
88 -0.7 0.9 0.639822074855
89 -0.489461660411 0.9 0.639266969095
90 -0.279033061315 0.9 0.637744756014
91 -1.12093114578 1.1104135192 0.637183493126
92 -0.910510522655 1.11051052265 0.638706940856
93 -0.7 1.11053833959 0.639266969095
94 -0.489489477345 1.11051052265 0.638706940856
95 -0.279068854219 1.1104135192 0.637183493126
96 -1.12071174016 1.32071174016 0.635667814345
97 -0.910413519201 1.32093114578 0.637183493126
98 -0.7 1.32096693869 0.637744756014
99 -0.489586480799 1.32093114578 0.637183493126
100 -0.279288259838 1.32071174016 0.635667814345
101 -1.12137725371 0.478622746286 0.812096004788
102 -0.910771033808 0.478524805309 0.813279129885
103 -0.7 0.478508876175 0.813758627008
104 -0.489228966192 0.478524805309 0.813279129885
105 -0.278622746286 0.478622746286 0.812096004788
106 -1.12147519469 0.689228966192 0.813279129885
107 -0.910817567412 0.689182432588 0.814467743996
108 -0.7 0.689169682618 0.814939429806
109 -0.489182432588 0.689182432588 0.814467743996
110 -0.278524805309 0.689228966192 0.813279129885
111 -1.12149112383 0.9 0.813758627008
112 -0.910830317382 0.9 0.814939429806
113 -0.7 0.9 0.81539569021
114 -0.489169682618 0.9 0.814939429806
115 -0.278508876175 0.9 0.813758627008
116 -1.12147519469 1.11077103381 0.813279129885
117 -0.910817567412 1.11081756741 0.814467743996
118 -0.7 1.11083031738 0.814939429806
119 -0.489182432588 1.11081756741 0.814467743996
120 -0.278524805309 1.11077103381 0.813279129885
121 -1.12137725371 1.32137725371 0.812096004788
122 -0.910771033808 1.32147519469 0.813279129885
123 -0.7 1.32149112383 0.813758627008
124 -0.489228966192 1.32147519469 0.813279129885
125 -0.278622746286 1.32137725371 0.812096004788
