1,-0.10029581934213638,0.4593493640422821,0.11109130829572678
2,-0.11649256944656372,0.44573092460632324,0.1048746183514595
3,-0.12111464142799377,0.42733100056648254,0.10509995371103287
4,-0.11413250118494034,0.40414124727249146,0.11177165806293488
5,-0.09555234760046005,0.37616196274757385,0.12488546222448349
6,-0.06537505239248276,0.34339240193367004,0.14443999528884888
7,-0.023599805310368538,0.3058311939239502,0.1704346239566803
8,0.029776697978377342,0.2634756863117218,0.2028704732656479
9,0.09476601332426071,0.21631884574890137,0.24175302684307098
10,0.17136308550834656,0.16435489058494568,0.2871134877204895
11,-0.04885822534561157,0.43811294436454773,0.11594037711620331
12,-0.06920672953128815,0.4264591336250305,0.10190578550100327
13,-0.07796849310398102,0.41002053022384644,0.09431402385234833
14,-0.07512826472520828,0.38879239559173584,0.09316976368427277
15,-0.0606909804046154,0.36277464032173157,0.09846866130828857
16,-0.034657713025808334,0.33196672797203064,0.11020895838737488
17,0.0029724417254328728,0.29636716842651367,0.1283900886774063
18,0.05220299959182739,0.25597304105758667,0.1530134230852127
19,0.11304362118244171,0.21077874302864075,0.18408478796482086
20,0.1854962259531021,0.16077855229377747,0.2216218262910843
21,-0.007565399631857872,0.4143032431602478,0.124114990234375
22,-0.03206685185432434,0.4046129584312439,0.1022631973028183
23,-0.044970910996198654,0.3901352286338806,0.08685782551765442
24,-0.04627225548028946,0.37086763978004456,0.07790136337280273
25,-0.03597632050514221,0.3468104600906372,0.0753893032670021
26,-0.01408446952700615,0.3179629445075989,0.07931963354349136
27,0.01940431073307991,0.28432342410087585,0.08969180285930634
28,0.06449390947818756,0.24588899314403534,0.10650719702243805
29,0.12119415402412415,0.20265386998653412,0.1297711282968521
30,0.1895138919353485,0.15461036562919617,0.15949562191963196
31,0.02361597865819931,0.3879113793373108,0.13561926782131195
32,-0.005035909358412027,0.3801843523979187,0.1059524193406105
33,-0.02208312787115574,0.367667555809021,0.08273487538099289
34,-0.027526214718818665,0.3503603935241699,0.06596784293651581
35,-0.02137138321995735,0.3282634913921356,0.055646296590566635
36,-0.0036203390918672085,0.30137619376182556,0.0517679899930954
37,0.02572791278362274,0.26969683170318604,0.05433228239417076
38,0.06667745113372803,0.2332223802804947,0.06334029883146286
39,0.11923825740814209,0.19194698333740234,0.07879661023616791
40,0.18342173099517822,0.14586259424686432,0.10070842504501343
41,0.044693995267152786,0.3589359223842621,0.15045066177845
42,0.011893188580870628,0.35317203402519226,0.11297035217285156
43,-0.00929718092083931,0.3426160514354706,0.08194207400083542
44,-0.01888214237987995,0.3272693157196045,0.05736568570137024
45,-0.016868436709046364,0.3071328103542328,0.039235565811395645
46,-0.003258107928559184,0.2822060286998749,0.02754932828247547
47,0.021949758753180504,0.2524872422218323,0.022306114435195923
48,0.05875930190086365,0.21797344088554382,0.02350669540464878
49,0.10718022286891937,0.1786588728427887,0.031154725700616837
50,0.16722536087036133,0.1345350593328476,0.04525307938456535
51,0.05567250773310661,0.32737550139427185,0.16860829293727875
52,0.01872405596077442,0.32357457280158997,0.12331566214561462
53,-0.006609197240322828,0.31497934460639954,0.08447785675525665
54,-0.020336037501692772,0.3015931248664856,0.05209307745099068
55,-0.022463561967015266,0.28341707587242126,0.02615511044859886
56,-0.012994073331356049,0.26045116782188416,0.006661343853920698
57,0.008073246106505394,0.2326936423778534,-0.0063892812468111515
58,0.04074246808886528,0.20014137029647827,-0.012996390461921692
59,0.08502279222011566,0.16278865933418274,-0.013157262466847897
60,0.14092789590358734,0.12062644958496094,-0.006873006001114845
61,0.0565517358481884,0.2932286262512207,0.19009120762348175
62,0.01545696146786213,0.2913902997970581,0.13698744773864746
63,-0.0140188904479146,0.2847555875778198,0.0903412327170372
64,-0.03188765048980713,0.27332979440689087,0.05014893040060997
65,-0.038156602531671524,0.25711461901664734,0.01640363410115242
66,-0.03282817080616951,0.23610997200012207,-0.010897457599639893
67,-0.015901654958724976,0.2103143334388733,-0.03175555542111397
68,0.012626849114894867,0.1797245591878891,-0.046170637011528015
69,0.05276595056056976,0.1443348526954651,-0.0541408509016037
70,0.10452935099601746,0.1041354313492775,-0.05567117780447006
71,0.0473291277885437,0.2564927935600281,0.21489879488945007
72,0.002089562825858593,0.25661689043045044,0.15398551523685455
73,-0.03152882680296898,0.25194215774536133,0.09953206032514572
74,-0.05353984981775284,0.24247673153877258,0.051532771438360214
75,-0.06395061314105988,0.2282225489616394,0.009980323724448681
76,-0.06276358664035797,0.20917969942092896,-0.025128213688731194
77,-0.04997813329100609,0.18534664809703827,-0.05379408970475197
78,-0.025590604171156883,0.15672044456005096,-0.07601756602525711
79,0.010406795889139175,0.12329517304897308,-0.09179748594760895
80,0.0580265074968338,0.08506003767251968,-0.10114294290542603
81,0.02799871563911438,0.21716256439685822,0.24303404986858368
82,-0.02138293720781803,0.21924957633018494,0.17431338131427765
83,-0.059144679456949234,0.21653449535369873,0.11205285787582397
84,-0.08529895544052124,0.20902946591377258,0.056246317923069
85,-0.09985238313674927,0.1967366337776184,0.006885931361466646
86,-0.10280741751194,0.17965593934059143,-0.0360310934484005
87,-0.09416341781616211,0.15778613090515137,-0.07250583916902542
88,-0.073916956782341,0.1311243623495102,-0.10253867506980896
89,-0.0420612096786499,0.09966491907835007,-0.12612874805927277
90,0.0014107991009950638,0.06339597702026367,-0.14329035580158234
91,-0.0014307722449302673,0.1752239167690277,0.2745139002799988
92,-0.054963111877441406,0.17927734553813934,0.19797399640083313
93,-0.09687558561563492,0.1785217523574829,0.12790122628211975
94,-0.1271771490573883,0.17297805845737457,0.06428323686122894
95,-0.14587587118148804,0.16264741122722626,0.007110925391316414
96,-0.15297453105449677,0.1475297063589096,-0.04361824691295624
97,-0.14847256243228912,0.12762360274791718,-0.08790529519319534
98,-0.1323661506175995,0.10292661190032959,-0.12575064599514008
99,-0.10464689135551453,0.07343301922082901,-0.1571534276008606
100,-0.0653180405497551,0.039125487208366394,-0.18213489651679993
101,-0.027500800788402557,0.4498099684715271,0.14166748523712158
102,-0.04419509321451187,0.4347735643386841,0.1331378072500229
103,-0.04930442199110985,0.4149470925331116,0.13106580078601837
104,-0.042784154415130615,0.3903213441371918,0.13545949757099152
105,-0.02463754266500473,0.3608950078487396,0.14631180465221405
106,0.00513414666056633,0.3266666829586029,0.16361890733242035
107,0.046532656997442245,0.28763332962989807,0.18737958371639252
108,0.09956388175487518,0.24378974735736847,0.21759651601314545
109,0.16424250602722168,0.19512559473514557,0.2542843222618103
110,0.24055252969264984,0.1416385918855667,0.2974819242954254
111,0.01543409749865532,0.4301600456237793,0.14870841801166534
112,-0.005433935672044754,0.4170951843261719,0.13233014941215515
113,-0.014699514955282211,0.39923620223999023,0.12241137027740479
114,-0.01233462244272232,0.37657755613327026,0.11896008253097534
115,0.0016557089984416962,0.34911832213401794,0.12196933478116989
116,0.027269400656223297,0.3168570101261139,0.13143475353717804
117,0.06450840830802917,0.27979040145874023,0.14735516905784607
118,0.11337973922491074,0.2379128336906433,0.16973373293876648
119,0.1738983541727066,0.19121477007865906,0.19858318567276
120,0.2460576891899109,0.1396939903497696,0.2339298278093338
121,0.04815029352903366,0.4079376459121704,0.15908004343509674
122,0.023107200860977173,0.39684373140335083,0.1348559409379959
123,0.009683962911367416,0.380951464176178,0.11709583550691605
124,0.007893908768892288,0.360258549451828,0.10580533742904663
125,0.017730170860886574,0.33476462960243225,0.10097748786211014
126,0.03919006884098053,0.3044683039188385,0.10260781645774841
127,0.07227568328380585,0.2693661153316498,0.110695019364357
128,0.1169946938753128,0.22945214807987213,0.12524215877056122
129,0.17336267232894897,0.1847170889377594,0.1462596207857132
130,0.24138373136520386,0.13515619933605194,0.1737670600414276
131,0.07071036100387573,0.3831302523612976,0.17278887331485748
132,0.04149368405342102,0.3740071654319763,0.14072193205356598
133,0.02391037344932556,0.3600817024707794,0.1151232123374939
134,0.01796458102762699,0.3413541913032532,0.09599672257900238
135,0.023647110909223557,0.3178252875804901,0.08333481103181839
136,0.04095451533794403,0.2894936501979828,0.07713280618190765
137,0.0698888748884201,0.256355881690979,0.07738921791315079
138,0.11045828461647034,0.2184058427810669,0.0841064602136612
139,0.1626792848110199,0.17563393712043762,0.09729298949241638
140,0.22656095027923584,0.12803466618061066,0.11696197092533112
141,0.08312930166721344,0.3557341694831848,0.1898292452096939
142,0.04974217712879181,0.34858188033103943,0.14992298185825348
143,0.02799885720014572,0.3366232216358185,0.11648853868246078
144,0.017896894365549088,0.3198612630367279,0.0895286574959755
145,0.01942547969520092,0.2982977330684662,0.06903480738401413
146,0.03258054703474045,0.2719314992427826,0.05500201880931854
147,0.05736403167247772,0.2407592087984085,0.047428473830223083
148,0.09378416836261749,0.20477470755577087,0.046315886080265045
149,0.14185741543769836,0.1639682650566101,0.05167054384946823
150,0.20159533619880676,0.11833357810974121,0.06349945813417435
151,0.08541478216648102,0.3257467746734619,0.21019835770130157
152,0.04786008596420288,0.3205650746822357,0.16245558857917786
153,0.02195752039551735,0.31057295203208923,0.1211882010102272
154,0.007699304260313511,0.29577675461769104,0.08639726042747498
155,0.005073671694844961,0.2761790454387665,0.058073222637176514
156,0.01407613605260849,0.2517792880535126,0.03621072322130203
157,0.03470846265554428,0.2225741446018219,0.020807603374123573
158,0.06697869300842285,0.1885572075843811,0.011864830739796162
159,0.11090259253978729,0.14971864223480225,0.009386584162712097
160,0.16649308800697327,0.10605093091726303,0.013374180532991886
161,0.07756733894348145,0.29316484928131104,0.2338941991329193
162,0.03584793582558632,0.2899531126022339,0.17831763625144958
163,0.0057868920266628265,0.2819271981716156,0.12921997904777527
164,-0.01262769103050232,0.26909685134887695,0.08660012483596802
165,-0.01940794475376606,0.2514656186103821,0.050447266548871994
166,-0.014558527618646622,0.22903339564800262,0.020755784586071968
167,0.0019221454858779907,0.20179693400859833,-0.0024767685681581497
168,0.030041713267564774,0.16974994540214539,-0.019250135868787766
169,0.06981471180915833,0.13288190960884094,-0.02956209145486355
170,0.12125431001186371,0.09118371456861496,-0.03341672196984291
171,0.05958203971385956,0.25798332691192627,0.2609160542488098
172,0.013700835406780243,0.2567409574985504,0.19750933349132538
173,-0.02051844447851181,0.25068074464797974,0.14058376848697662
174,-0.043090060353279114,0.23981617391109467,0.09013634920120239
175,-0.05402570962905884,0.22415196895599365,0.04615538567304611
176,-0.0533299595117569,0.203688383102417,0.008634999394416809
177,-0.041001372039318085,0.17842231690883636,-0.02242734283208847
178,-0.017032885923981667,0.14834734797477722,-0.047031886875629425
179,0.01858808472752571,0.11345266550779343,-0.06517816334962845
180,0.06587319076061249,0.07372736930847168,-0.07687582820653915
181,0.031453050673007965,0.2201928049325943,0.29127368330955505
182,-0.018589172512292862,0.2209201157093048,0.22003790736198425
183,-0.056968942284584045,0.2168254256248474,0.15528354048728943
184,-0.08369998633861542,0.20792679488658905,0.09700776636600494
185,-0.09879282116889954,0.19423028826713562,0.04519723728299141
186,-0.10225185751914978,0.1757361888885498,-0.0001538572832942009
187,-0.0940757691860199,0.15244166553020477,-0.03904789686203003
188,-0.07425788044929504,0.12434040755033493,-0.07148529589176178
189,-0.042788248509168625,0.09142086654901505,-0.09746672213077545
190,0.0003399774432182312,0.053670693188905716,-0.1170084998011589
191,-0.006811387836933136,0.17977623641490936,0.32497987151145935
192,-0.06102485582232475,0.18247728049755096,0.2459040731191635
193,-0.10357433557510376,0.1803491860628128,0.17331545054912567
194,-0.13447123765945435,0.17341803014278412,0.10720589756965637
195,-0.15372531116008759,0.1616905927658081,0.04756002128124237
196,-0.1613413393497467,0.14516696333885193,-0.005627285689115524
197,-0.15731802582740784,0.12384442985057831,-0.052358027547597885
198,-0.1416482925415039,0.09771737456321716,-0.09263274818658829
199,-0.11432395875453949,0.06677330285310745,-0.1264529973268509
200,-0.07534679770469666,0.030994627624750137,-0.15384246408939362
201,0.048043739050626755,0.4388158321380615,0.16510751843452454
202,0.030859768390655518,0.4223810136318207,0.15424786508083344
203,0.025286003947257996,0.4011383056640625,0.14985720813274384
204,0.031346991658210754,0.375088095664978,0.1519419103860855
205,0.04904770106077194,0.34422895312309265,0.16049806773662567
206,0.07838817685842514,0.30855992436408997,0.17552180588245392
207,0.11936970800161362,0.26807892322540283,0.19701190292835236
208,0.17199572920799255,0.22278253734111786,0.22497166693210602
209,0.23626887798309326,0.17266759276390076,0.2594147026538849
210,0.31216689944267273,0.11774343252182007,0.3003498911857605
211,0.0823449119925499,0.42078521847724915,0.17429690062999725
212,0.06098153814673424,0.4063214957714081,0.1555790901184082
213,0.05123807489871979,0.3870493173599243,0.14333097636699677
214,0.05313458293676376,0.3629688024520874,0.13755974173545837
215,0.06667172908782959,0.334079384803772,0.1382613331079483
216,0.0918482095003128,0.30037981271743774,0.14543166756629944
217,0.12866570055484772,0.26186734437942505,0.15906943380832672
218,0.1771296262741089,0.21853792667388916,0.17917831242084503
219,0.2372463345527649,0.1703873723745346,0.20576953887939453
220,0.30900025367736816,0.11742399632930756,0.23885594308376312
221,0.10642135888338089,0.40016886591911316,0.18682748079299927
222,0.08087839186191559,0.3876781761646271,0.16025511920452118
223,0.06696650385856628,0.37037649750709534,0.14015254378318787
224,0.06469856947660446,0.34826529026031494,0.12652762234210968
225,0.07407300919294357,0.32134443521499634,0.11937704682350159
226,0.09508784115314484,0.28961288928985596,0.11869683861732483
227,0.1277448683977127,0.2530677914619446,0.12448588758707047
228,0.17205016314983368,0.21170489490032196,0.1367473006248474
229,0.22801122069358826,0.16552038490772247,0.15549024939537048
230,0.2956186830997467,0.11452218145132065,0.1807263195514679
231,0.12031785398721695,0.37696242332458496,0.20270222425460815
232,0.09059370309114456,0.36644530296325684,0.1682768613100052
233,0.07251082360744476,0.351114422082901,0.14032183587551117
234,0.06607715785503387,0.3309723436832428,0.11884583532810211
235,0.07128868997097015,0.30602002143859863,0.10384544730186462
236,0.08814282715320587,0.2762565612792969,0.09531690925359726
237,0.11664140969514847,0.24167902767658234,0.09325902909040451
238,0.15679095685482025,0.2022830992937088,0.0976744294166565
239,0.20860037207603455,0.1580645889043808,0.10857044160366058
240,0.2720639407634735,0.10903098434209824,0.12595629692077637
241,0.12404883652925491,0.35116228461265564,0.2219146341085434
242,0.09014586359262466,0.34261900186538696,0.17963917553424835
243,0.0678916648030281,0.32925906777381897,0.14383460581302643
244,0.05729138106107712,0.3110865652561188,0.11451003700494766
245,0.05833951756358147,0.2881033420562744,0.0916619598865509
246,0.07103300094604492,0.2603089213371277,0.0752866119146347
247,0.09537361562252045,0.2277003824710846,0.06538266688585281
248,0.13136813044548035,0.19027315080165863,0.06195219233632088
249,0.17902572453022003,0.14802272617816925,0.0650007575750351
250,0.2383420616388321,0.1009560376405716,0.0745348259806633
251,0.11762157082557678,0.32276585698127747,0.24446000158786774
252,0.07954274863004684,0.3161963224411011,0.19433747231960297
253,0.05311806499958038,0.30480727553367615,0.15068639814853668
254,0.038350947201251984,0.2886047065258026,0.11351604759693146
255,0.03523528203368187,0.2675914764404297,0.08282236754894257
256,0.04376780986785889,0.24176745116710663,0.05860155448317528
257,0.06395027041435242,0.21112975478172302,0.04085216671228409
258,0.09578920155763626,0.17567361891269684,0.02957567386329174
259,0.1392933875322342,0.13539402186870575,0.02477603405714035
260,0.19445882737636566,0.090296670794487,0.02645714394748211
261,0.10103794932365417,0.29177016019821167,0.2703355550765991
262,0.058786023408174515,0.2871738076210022,0.21236903965473175
263,0.028191767632961273,0.277755469083786,0.160874605178833
264,0.009257759898900986,0.26352307200431824,0.11586099117994308
265,0.0019779130816459656,0.24448063969612122,0.07732363045215607
266,0.0063491277396678925,0.22062841057777405,0.04525859281420708
267,0.022373061627149582,0.1919635534286499,0.01966431736946106
268,0.050055745989084244,0.15848100185394287,0.0005417587235569954
269,0.08940491080284119,0.1201750636100769,-0.01210666075348854
270,0.14041641354560852,0.07704977691173553,-0.018279090523719788
271,0.07429683208465576,0.2581711411476135,0.2995413541793823
272,0.027873262763023376,0.25554707646369934,0.23373420536518097
273,-0.006890330463647842,0.24809925258159637,0.17439872026443481
274,-0.02999178320169449,0.23583729565143585,0.12154367566108704
275,-0.04143637791275978,0.21876627206802368,0.07516393810510635
276,-0.041226863861083984,0.19688695669174194,0.03525540605187416
277,-0.029361654072999954,0.17019665241241455,0.001816493459045887
278,-0.005835350602865219,0.13868989050388336,-0.02515217661857605
279,0.029357999563217163,0.10236015915870667,-0.045649610459804535
280,0.07621410489082336,0.061209872364997864,-0.059675607830286026
281,0.03740129619836807,0.22196324169635773,0.33208590745925903
282,-0.013197764754295349,0.22131069004535675,0.25843799114227295
283,-0.05213255435228348,0.21583367884159088,0.19126078486442566
284,-0.07940322905778885,0.20554237067699432,0.13056421279907227
285,-0.09501385688781738,0.19044338166713715,0.07634168863296509
286,-0.098966583609581,0.1705377846956253,0.028588954359292984
287,-0.09125988185405731,0.1458229273557663,-0.012695405632257462
288,-0.07188910990953445,0.11629317700862885,-0.04751087725162506
289,-0.04085070267319679,0.08194071054458618,-0.07585763186216354
290,0.001854129135608673,0.04276655614376068,-0.09773685783147812
291,-0.009643033146858215,0.18314304947853088,0.36795660853385925
292,-0.06441895663738251,0.1844620406627655,0.28647494316101074
293,-0.10752564668655396,0.18095794320106506,0.2114575356245041
294,-0.1389683037996292,0.17263850569725037,0.14291836321353912
295,-0.15874673426151276,0.15951213240623474,0.08085068315267563
296,-0.16686223447322845,0.14158019423484802,0.025251325219869614
297,-0.16331321001052856,0.11884041130542755,-0.023880401626229286
298,-0.14809595048427582,0.09128759056329727,-0.0665438175201416
299,-0.12121236324310303,0.05891323462128639,-0.10274004936218262
300,-0.08265586197376251,0.021719537675380707,-0.13246962428092957
301,0.12634027004241943,0.4264069199562073,0.1814735233783722
302,0.10865700989961624,0.408576637506485,0.16827383637428284
303,0.10260960459709167,0.385927677154541,0.1615528166294098
304,0.10820607841014862,0.35846254229545593,0.16131357848644257
305,0.12544991075992584,0.3261823058128357,0.1675548255443573
306,0.15434135496616364,0.28908711671829224,0.180274099111557
307,0.19488069415092468,0.2471766322851181,0.1994703710079193
308,0.24706849455833435,0.20045070350170135,0.22514605522155762
309,0.31090205907821655,0.14891111850738525,0.2573067247867584
310,0.3863690495491028,0.09256651997566223,0.29595285654067993
311,0.1519404500722885,0.4100036919116974,0.19278936088085175
312,0.13007763028144836,0.39414456486701965,0.17172887921333313
313,0.11985582113265991,0.3734671473503113,0.15714658796787262
314,0.12128247320652008,0.3479735851287842,0.1490468978881836
315,0.13435839116573334,0.3176647126674652,0.1474284529685974
316,0.1590827852487564,0.28254052996635437,0.152288556098938
317,0.19545644521713257,0.2425999790430069,0.16362640261650085
318,0.24348190426826477,0.19784174859523773,0.18144463002681732
319,0.3031601309776306,0.14826641976833344,0.2057492733001709
320,0.37448304891586304,0.09388172626495361,0.2365470677614212
321,0.16733306646347046,0.3910056948661804,0.20745836198329926
322,0.14128948748111725,0.3771200180053711,0.1785389930009842
323,0.1268930435180664,0.35841503739356995,0.15609575808048248
324,0.12414926290512085,0.33489277958869934,0.14013534784317017
325,0.13305717706680298,0.3065545856952667,0.13065692782402039
326,0.1536155343055725,0.2734003961086273,0.12765826284885406
327,0.18582530319690704,0.23542891442775726,0.1311386525630951
328,0.2296898514032364,0.1926385760307312,0.14110063016414642
329,0.28521186113357544,0.14503000676631927,0.15755005180835724
330,0.35238519310951233,0.09261175245046616,0.18049372732639313
331,0.17253470420837402,0.3694119155406952,0.22547724843025208
332,0.14230942726135254,0.35750073194503784,0.1887003481388092
333,0.12373688817024231,0.3407685160636902,0.15839791297912598
334,0.1168212890625,0.31921786069869995,0.13457804918289185
335,0.12156052887439728,0.29285064339637756,0.11724068224430084
336,0.13795305788516998,0.26166674494743347,0.10638396441936493
337,0.16599999368190765,0.22566500306129456,0.10200750827789307
338,0.20570510625839233,0.18484362959861755,0.10411369800567627
339,0.25707197189331055,0.1392032951116562,0.11270768195390701
340,0.3200952410697937,0.0887526273727417,0.12779513001441956
341,0.16755616664886475,0.3452204465866089,0.24684040248394012
342,0.13315044343471527,0.3352842628955841,0.20220771431922913
343,0.11040127277374268,0.32052522897720337,0.16404834389686584
344,0.09931278973817825,0.30094674229621887,0.13237115740776062
345,0.09988263249397278,0.27655118703842163,0.10717649757862091
346,0.11210915446281433,0.24733881652355194,0.08846287429332733
347,0.1359935998916626,0.21330827474594116,0.07623010873794556
348,0.17153985798358917,0.17445771396160126,0.07048041373491287
349,0.21875154972076416,0.13078735768795013,0.0712183341383934
350,0.27762269973754883,0.08230575919151306,0.07844806462526321
351,0.1524035632610321,0.31842952966690063,0.27154213190078735
352,0.11381982266902924,0.31046828627586365,0.2190561294555664
353,0.08689458668231964,0.29768258333206177,0.1730426847934723
354,0.07163289934396744,0.2800767719745636,0.1335107535123825
355,0.0680328756570816,0.25765395164489746,0.10046084225177765
356,0.07609307765960693,0.2304145097732544,0.07389169931411743
357,0.09581490606069565,0.19835707545280457,0.05380329117178917
358,0.12720206379890442,0.16147954761981964,0.04019775614142418
359,0.17025737464427948,0.11978164315223694,0.03307897225022316
360,0.22497352957725525,0.07327115535736084,0.03245009854435921
361,0.12708070874214172,0.28903713822364807,0.2995789349079132
362,0.08432096242904663,0.28305041790008545,0.23924240469932556
363,0.05322035029530525,0.2722378969192505,0.18537792563438416
364,0.03378542140126228,0.2566052973270416,0.1379939466714859
365,0.0260152705013752,0.23615598678588867,0.0970909371972084
366,0.02990899607539177,0.21089084446430206,0.06266781687736511
367,0.04546802118420601,0.18080845475196838,0.03472471237182617
368,0.07269565761089325,0.1459062397480011,0.013263591565191746
369,0.11159360408782959,0.10618333518505096,-0.001712057739496231
370,0.16215282678604126,0.061646148562431335,-0.010199650190770626
371,0.09159129112958908,0.2570412755012512,0.33095023036003113
372,0.04465562105178833,0.2530280649662018,0.2627660036087036
373,0.00937960296869278,0.2441886067390442,0.2010529786348343
374,-0.0142287015914917,0.23052926361560822,0.14581924676895142
375,-0.02616911754012108,0.21205425262451172,0.0970650315284729
376,-0.02644190937280655,0.18876448273658752,0.054789330810308456
377,-0.015045568346977234,0.1606585830450058,0.018992401659488678
378,0.008022606372833252,0.12773360311985016,-0.010323777794837952
379,0.042763300240039825,0.08998773992061615,-0.03315596655011177
380,0.08916638046503067,0.047425977885723114,-0.049501556903123856
381,0.04594234377145767,0.22244028747081757,0.3656567633152008
382,-0.005172081291675568,0.22039927542209625,0.2896279990673065
383,-0.04462389647960663,0.21353285014629364,0.22006855905056
384,-0.07240577042102814,0.20184725522994995,0.1569865345954895
385,-0.08851666003465652,0.18534676730632782,0.10038205981254578
386,-0.0929558277130127,0.16403283178806305,0.05025438219308853
387,-0.0857217013835907,0.13790398836135864,0.006604177877306938
388,-0.06681248545646667,0.10695715248584747,-0.03056643344461918
389,-0.03622829169034958,0.07118991017341614,-0.06125444918870926
390,0.00602305680513382,0.030605686828494072,-0.08545641601085663
391,-0.009854495525360107,0.18523553013801575,0.4036898910999298
392,-0.06514681130647659,0.18516530096530914,0.3198278844356537
393,-0.10877271741628647,0.18027333915233612,0.24242562055587769
394,-0.14072829484939575,0.17056219279766083,0.1714957058429718
395,-0.16100989282131195,0.15603633224964142,0.10704025626182556
396,-0.1696150302886963,0.1366974264383316,0.04905980825424194
397,-0.16654208302497864,0.11254459619522095,-0.0024439506232738495
398,-0.1517908275127411,0.08357507735490799,-0.047468289732933044
399,-0.12536360323429108,0.04978714510798454,-0.08601008355617523
400,-0.08726082742214203,0.011185694485902786,-0.11806343495845795
401,0.20734596252441406,0.41260817646980286,0.19077207148075104
402,0.18916206061840057,0.3933817148208618,0.17523285746574402
403,0.18263307213783264,0.36933088302612305,0.16617712378501892
404,0.1877574920654297,0.3404582738876343,0.163607656955719
405,0.20453530550003052,0.3067660331726074,0.16752469539642334
406,0.23296567797660828,0.2682558298110962,0.17792725563049316
407,0.2730480134487152,0.22492891550064087,0.1948148012161255
408,0.32478177547454834,0.17678691446781158,0.2181878536939621
409,0.3881646394729614,0.12383314967155457,0.24804723262786865
410,0.4631943702697754,0.06607241928577423,0.28439128398895264
411,0.22421793639659882,0.3978334963321686,0.2042090743780136
412,0.2018556296825409,0.3805788457393646,0.1808083951473236
413,0.19115129113197327,0.3585004508495331,0.16389012336730957
414,0.1921035349369049,0.33160048723220825,0.15345829725265503
415,0.20471104979515076,0.2998810112476349,0.1495131552219391
416,0.22897270321846008,0.263342946767807,0.15205377340316772
417,0.26488837599754333,0.2219870388507843,0.16107967495918274
418,0.31245893239974976,0.1758139282464981,0.17659205198287964
419,0.3716849684715271,0.1248258426785469,0.19859346747398376
420,0.44256657361984253,0.06902723759412766,0.2270866185426712
421,0.23089884221553802,0.3804592192173004,0.22100555896759033
422,0.2043563425540924,0.36517828702926636,0.18974372744560242
423,0.18947483599185944,0.3450731635093689,0.16496194899082184
424,0.18625357747077942,0.3201458156108856,0.1466662734746933
425,0.1946902722120285,0.2903982996940613,0.13485753536224365
426,0.2147834748029709,0.25583159923553467,0.12953519821166992
427,0.24653345346450806,0.21644598245620728,0.13069915771484375
428,0.28994181752204895,0.1722419410943985,0.13835103809833527
429,0.34501075744628906,0.12322138249874115,0.15249380469322205
430,0.4117397665977478,0.06939001381397247,0.17313045263290405
431,0.2273869663476944,0.36048540472984314,0.24115699529647827
432,0.19666394591331482,0.34717923402786255,0.2020348608493805
433,0.17760440707206726,0.32904791831970215,0.16939052939414978
434,0.17020830512046814,0.30609360337257385,0.1432313174009323
435,0.17447321116924286,0.27831849455833435,0.12355902045965195
436,0.19039775431156158,0.2457236349582672,0.1103735938668251
437,0.21798239648342133,0.2083091139793396,0.10367544740438461
438,0.257229208946228,0.16607531905174255,0.10346639901399612
439,0.30814048647880554,0.11902427673339844,0.10974946618080139
440,0.37071478366851807,0.06716227531433105,0.12252665311098099
441,0.21368715167045593,0.3379112482070923,0.2646578550338745
442,0.17878462374210358,0.3265804052352905,0.21767662465572357
443,0.15554670989513397,0.3104233741760254,0.17717158794403076
444,0.14397475123405457,0.2894427478313446,0.1431504786014557
445,0.14406706392765045,0.2636408805847168,0.11561574786901474
446,0.15582256019115448,0.23301899433135986,0.09456787258386612
447,0.17924195528030396,0.197577103972435,0.08000771701335907
448,0.2143273800611496,0.15731534361839294,0.0719374418258667
449,0.26108047366142273,0.1122356727719307,0.07035984843969345
450,0.3194979429244995,0.062344469130039215,0.07527612894773483
451,0.18980464339256287,0.3127358555793762,0.2915028929710388
452,0.150724396109581,0.30338042974472046,0.23666442930698395
453,0.1233084499835968,0.2891979217529297,0.18830105662345886
454,0.10756028443574905,0.27019158005714417,0.14642035961151123
455,0.1034795343875885,0.246364027261734,0.11102496832609177
456,0.11106574535369873,0.21771644055843353,0.08211589604616165
457,0.13031980395317078,0.1842488795518875,0.059694379568099976
458,0.16124366223812103,0.14596113562583923,0.04376288130879402
459,0.20383775234222412,0.1028549000620842,0.034324150532484055
460,0.258096307516098,0.05493602529168129,0.03137896582484245
461,0.15574489533901215,0.2849580943584442,0.321688175201416
462,0.11248824745416641,0.2775777280330658,0.2589947581291199
463,0.08089474588632584,0.2653697729110718,0.202775776386261
464,0.06097044050693512,0.24833819270133972,0.15303806960582733
465,0.052716512233018875,0.2264857292175293,0.10978424549102783
466,0.056133370846509933,0.1998138129711151,0.07301563024520874
467,0.07122214138507843,0.16832219064235687,0.042733870446681976
468,0.09798424690961838,0.13201048970222473,0.018941614776849747
469,0.1364189088344574,0.09087967872619629,0.0016419179737567902
470,0.18651755154132843,0.044934868812561035,-0.009164527989923954
471,0.111514613032341,0.25457730889320374,0.355211079120636
472,0.0640815868973732,0.24917125701904297,0.28466567397117615
473,0.028310701251029968,0.23893766105175018,0.22059406340122223
474,0.004210427403450012,0.22388094663619995,0.16300193965435028
475,-0.008216425776481628,0.2040042281150818,0.11189190298318863
476,-0.008968673646450043,0.17930877208709717,0.06726554036140442
477,0.001954987645149231,0.14979436993598938,0.029124807566404343
478,0.024555638432502747,0.11546024680137634,-0.002527182921767235
479,0.05883122235536575,0.07630673050880432,-0.02768716774880886
480,0.10477110743522644,0.032337699085474014,-0.04635382071137428
481,0.05712403357028961,0.22159382700920105,0.39206987619400024
482,0.005513131618499756,0.21816067397594452,0.3136770725250244
483,-0.034434929490089417,0.20990124344825745,0.2417561113834381
484,-0.06271066516637802,0.19681954383850098,0.17631173133850098
485,-0.07930999994277954,0.178918719291687,0.11734701693058014
486,-0.08423082530498505,0.1561998724937439,0.06486411392688751
487,-0.07747168838977814,0.12866294384002686,0.018865657970309258
488,-0.05903206765651703,0.09630712121725082,-0.020644858479499817
489,-0.028914570808410645,0.05913247913122177,-0.053663626313209534
490,0.01287032663822174,0.01714146137237549,-0.0801883339881897
491,-0.007411733269691467,0.18600964546203613,0.432262659072876
492,-0.06319998949766159,0.1845480501651764,0.3460320234298706
493,-0.10732380300760269,0.17826329171657562,0.26626482605934143
494,-0.13977423310279846,0.16715705394744873,0.1929686963558197
495,-0.16054555773735046,0.15123163163661957,0.1261490136384964
496,-0.16963432729244232,0.13048841059207916,0.06580938398838043
497,-0.16703887283802032,0.10492758452892303,0.01195354014635086
498,-0.1527595967054367,0.07454890012741089,-0.03541427478194237
499,-0.12679976224899292,0.03935330733656883,-0.07628936320543289
500,-0.08916646242141724,-0.0006559975445270538,-0.11066752672195435
501,0.29103291034698486,0.39743340015411377,0.1930071860551834
502,0.27235135436058044,0.3768097460269928,0.17513176798820496
503,0.26533734798431396,0.3513590693473816,0.16374152898788452
504,0.2699846029281616,0.32108357548713684,0.15884001553058624
505,0.28629016876220703,0.2859858572483063,0.16042868793010712
506,0.31425192952156067,0.2460683137178421,0.168507918715477
507,0.35386887192726135,0.2013331949710846,0.18307746946811676
508,0.4051406681537628,0.1517828106880188,0.20413663983345032
509,0.46806758642196655,0.09741982072591782,0.23168396949768066
510,0.5426537990570068,0.03824576362967491,0.2657167315483093
511,0.2991681694984436,0.38428694009780884,0.20856580138206482
512,0.2763093411922455,0.3656359910964966,0.18282866477966309
513,0.2651199996471405,0.34215861558914185,0.16357555985450745
514,0.26559409499168396,0.3138566017150879,0.15081094205379486
515,0.2777281403541565,0.2807324528694153,0.14453643560409546
516,0.30152028799057007,0.24278795719146729,0.1447523534297943
517,0.33696988224983215,0.2000247836112976,0.15145866572856903
518,0.3840775191783905,0.15244457125663757,0.1646556556224823
519,0.4428451955318451,0.1000492200255394,0.1843433976173401
520,0.5132784247398376,0.04284030199050903,0.21052157878875732
521,0.2971228063106537,0.36853864789009094,0.22748561203479767
522,0.2700851857662201,0.3518616855144501,0.1938861906528473
523,0.25471848249435425,0.33035799860954285,0.16676881909370422
524,0.25101789832115173,0.3040294051170349,0.14613929390907288
525,0.258979856967926,0.27287814021110535,0.13199979066848755
526,0.27860233187675476,0.236906036734581,0.12435096502304077
527,0.30988502502441406,0.19611427187919617,0.12319336831569672
528,0.35282930731773376,0.15050414204597473,0.1285277009010315
529,0.4074380397796631,0.10007759928703308,0.14035475254058838
530,0.4737151563167572,0.04483714699745178,0.15867428481578827
531,0.28488701581954956,0.350188672542572,0.24976329505443573
532,0.25367051362991333,0.33548659086227417,0.20830193161964417
533,0.23412565886974335,0.3159571886062622,0.1733207106590271
534,0.22624924778938293,0.2916024625301361,0.14482612907886505
535,0.23003807663917542,0.2624245882034302,0.1228211522102356
536,0.2454904466867447,0.22842520475387573,0.10730709880590439
537,0.27260637283325195,0.1896055042743683,0.09828494489192963
538,0.31138747930526733,0.14596666395664215,0.09575589746236801
539,0.3618362843990326,0.09751062095165253,0.09972089529037476
540,0.42395493388175964,0.04424077272415161,0.11017915606498718
541,0.26246076822280884,0.3292369842529297,0.275394469499588
542,0.2270662635564804,0.31651026010513306,0.22607193887233734
543,0.2033432275056839,0.29895567893981934,0.18322816491127014
544,0.19129011034965515,0.27657550573349,0.14686964452266693
545,0.19090503454208374,0.249371737241745,0.11699997633695602
546,0.20218688249588013,0.21734614670276642,0.09362097829580307
547,0.22513599693775177,0.18049980700016022,0.07673416286706924
548,0.2597538232803345,0.13883380591869354,0.06634128838777542
549,0.3060418665409088,0.0923500657081604,0.062443383038043976
550,0.3640000522136688,0.041052114218473434,0.06503903120756149
551,0.2298482358455658,0.3056831359863281,0.3043743073940277
552,0.19027714431285858,0.29493194818496704,0.24719209969043732
553,0.1623760312795639,0.2793525457382202,0.1964876651763916
554,0.14614596962928772,0.25894737243652344,0.15226717293262482
555,0.14158658683300018,0.23371870815753937,0.11453429609537125
556,0.14869771897792816,0.20366810262203217,0.08329138904809952
557,0.16747994720935822,0.16879664361476898,0.05854048207402229
558,0.1979343146085739,0.12910515069961548,0.04028382524847984
559,0.24006101489067078,0.08459533005952835,0.028522692620754242
560,0.2938570976257324,0.03527061268687248,0.02325545810163021
561,0.18705573678016663,0.27952665090560913,0.3366988003253937
562,0.1433091163635254,0.27075082063674927,0.27165892720222473
563,0.11123031377792358,0.2571466863155365,0.21309621632099152
564,0.09082338213920593,0.23871693015098572,0.1610160619020462
565,0.08208972215652466,0.21546407043933868,0.11542200297117233
566,0.08503018319606781,0.18738962709903717,0.07631675899028778
567,0.09964555501937866,0.15449440479278564,0.04370290786027908
568,0.12593653798103333,0.11677896231412888,0.017583059147000313
569,0.16390171647071838,0.0742446780204773,-0.002041017636656761
570,0.21353504061698914,0.026894543319940567,-0.015170728787779808
571,0.13409185409545898,0.25076746940612793,0.37236469984054565
572,0.08616974949836731,0.24396635591983795,0.29946988821029663
573,0.049913644790649414,0.23233720660209656,0.23305177688598633
574,0.025330156087875366,0.21588315069675446,0.17311444878578186
575,0.012422613799571991,0.19460657238960266,0.11966139078140259
576,0.011192746460437775,0.16850894689559937,0.07269559800624847
577,0.021641656756401062,0.13759085536003113,0.032220155000686646
578,0.043769508600234985,0.10185278952121735,-0.0017617344856262207
579,0.07757362723350525,0.06129561364650726,-0.029247794300317764
580,0.12304536998271942,0.015921369194984436,-0.050238922238349915
581,0.07096821069717407,0.21940621733665466,0.4113696813583374
582,0.018869876861572266,0.21457883715629578,0.3306242823600769
583,-0.021563246846199036,0.20492440462112427,0.2563539743423462
584,-0.05032260715961456,0.19044601917266846,0.1885615736246109
585,-0.06740337610244751,0.1711457222700119,0.1272510588169098
586,-0.07280294597148895,0.14702481031417847,0.07242608815431595
587,-0.06651999056339264,0.11808402091264725,0.024090414866805077
588,-0.0485546812415123,0.08432376384735107,-0.01775215193629265
589,-0.018910527229309082,0.0457448810338974,-0.05309855192899704
590,0.022402524948120117,0.002348322421312332,-0.08194904029369354
591,-0.0023005902767181396,0.18544445931911469,0.45371538400650024
592,-0.05857512354850769,0.18258970975875854,0.36512595415115356
593,-0.10318442434072495,0.17491021752357483,0.28300565481185913
594,-0.1361187994480133,0.16240741312503815,0.2073584944009781
595,-0.15737219154834747,0.14508283138275146,0.13819029927253723
596,-0.166940838098526,0.1229376345872879,0.07550607621669769
597,-0.16482315957546234,0.09597280621528625,0.01931057870388031
598,-0.1510199010372162,0.06418927013874054,-0.03039153292775154
599,-0.12553486227989197,0.027588507160544395,-0.07359631359577179
600,-0.08837737143039703,-0.013828258961439133,-0.11030270159244537
601,0.3773871660232544,0.38089078664779663,0.18818382918834686
602,0.358212411403656,0.3588692247867584,0.1679752916097641
603,0.3507131338119507,0.33201953768730164,0.1542523056268692
604,0.35488075017929077,0.30034369230270386,0.14701902866363525
605,0.37071049213409424,0.26384449005126953,0.14627805352210999
606,0.3981994390487671,0.2225244641304016,0.15203067660331726
607,0.4373463988304138,0.1763860434293747,0.16427698731422424
608,0.4881521463394165,0.12543150782585144,0.18301580846309662
609,0.5506190657615662,0.06966225057840347,0.2082446962594986
610,0.6247550249099731,0.009077690541744232,0.23995988070964813
611,0.3767850399017334,0.3693721294403076,0.20586568117141724
612,0.3534339964389801,0.349324107170105,0.1777951568365097
613,0.3417595624923706,0.3244483470916748,0.15620924532413483
614,0.3417535722255707,0.2947466969490051,0.14111271500587463
615,0.3534112572669983,0.2602214813232422,0.13250814378261566
616,0.3767300844192505,0.220875084400177,0.13039682805538177
617,0.411709189414978,0.17670948803424835,0.13477924466133118
618,0.4583498239517212,0.1277262568473816,0.14565490186214447
619,0.5166553258895874,0.07392656803131104,0.16302256286144257
620,0.5866337418556213,0.015309907495975494,0.18687967956066132
621,0.3660079836845398,0.35525038838386536,0.226907879114151
622,0.33847957849502563,0.337176650762558,0.19097447395324707
623,0.3226284384727478,0.3142750561237335,0.16152435541152954
624,0.3184477388858795,0.28654736280441284,0.1385628879070282
625,0.3259328007698059,0.2539958357810974,0.12209302186965942
626,0.3450813293457031,0.2166224867105484,0.11211651563644409
627,0.3758928179740906,0.17442907392978668,0.10863422602415085
628,0.41836875677108765,0.12741707265377045,0.11164618283510208
629,0.47251299023628235,0.07558755576610565,0.12115156650543213
630,0.538331925868988,0.01894088089466095,0.13714808225631714
631,0.3450435996055603,0.3385261297225952,0.25130903720855713
632,0.3133379817008972,0.32242733240127563,0.20751288533210754
633,0.29330962896347046,0.3015003204345703,0.17019855976104736
634,0.28495317697525024,0.2757469713687897,0.13937179744243622
635,0.28826484084129333,0.24516940116882324,0.11503612995147705
636,0.30324265360832214,0.20976948738098145,0.09719377756118774
637,0.32988640666007996,0.1695488840341568,0.08584602177143097
638,0.3681977689266205,0.12450893223285675,0.08099355548620224
639,0.41817981004714966,0.07465097308158875,0.08263570070266724
640,0.47983720898628235,0.019975826144218445,0.09076958894729614
641,0.31388938426971436,0.3191995620727539,0.279066264629364
642,0.2780073881149292,0.3050760328769684,0.22740787267684937
643,0.2538016438484192,0.28612416982650757,0.18223023414611816
644,0.24126887321472168,0.26234573125839233,0.1435389369726181
645,0.24040643870830536,0.23374275863170624,0.11133790016174316
646,0.2512131631374359,0.20031708478927612,0.08562982082366943
647,0.2736891210079193,0.16207033395767212,0.06641656160354614
648,0.3078356981277466,0.11900380253791809,0.05369919538497925
649,0.3536548614501953,0.07111869007349014,0.047477319836616516
650,0.41114896535873413,0.018416298553347588,0.04774780198931694
651,0.2725484073162079,0.29727065563201904,0.3101758062839508
652,0.23249101638793945,0.2851225733757019,0.25065621733665466
653,0.20410814881324768,0.2681461274623871,0.19761675596237183
654,0.18739880621433258,0.24634304642677307,0.15106241405010223
655,0.18236203491687775,0.2197154462337494,0.11099722981452942
656,0.18899749219417572,0.18826508522033691,0.07742428779602051
657,0.20730562508106232,0.15199333429336548,0.05034594237804413
658,0.2372872233390808,0.11090144515037537,0.02976381778717041
659,0.2789430618286133,0.06499054282903671,0.015677805989980698
660,0.3322726786136627,0.014261966571211815,0.00808473490178585
661,0.2210271954536438,0.2727389931678772,0.34463387727737427
662,0.17679530382156372,0.26256635785102844,0.27725476026535034
663,0.14423564076423645,0.2475653737783432,0.21635541319847107
664,0.12334983795881271,0.22773809731006622,0.16193993389606476
665,0.11413878947496414,0.2030864953994751,0.11401228606700897
666,0.11660312861204147,0.17361226677894592,0.07257583737373352
667,0.13074347376823425,0.13931666314601898,0.037633415311574936
668,0.1565602719783783,0.1002005934715271,0.009187130257487297
669,0.19405263662338257,0.05626516044139862,-0.012762589380145073
670,0.24321746826171875,0.007511351257562637,-0.028218751773238182
671,0.15933509171009064,0.2456044703722,0.382437139749527
672,0.11092883348464966,0.23740695416927338,0.30720072984695435
673,0.07419268786907196,0.22438140213489532,0.23844385147094727
674,0.049130797386169434,0.20653006434440613,0.17616939544677734
675,0.03574588894844055,0.1838548481464386,0.12038113176822662
676,0.034039437770843506,0.15635722875595093,0.07108272612094879
677,0.0440123975276947,0.12403836846351624,0.028277505189180374
678,0.06566470861434937,0.08689914643764496,-0.008031871169805527
679,0.0989941656589508,0.044940270483493805,-0.03784440830349922
680,0.14399488270282745,-0.0018376894295215607,-0.06116265431046486
681,0.08748337626457214,0.21586766839027405,0.4235835075378418
682,0.03490234911441803,0.20964452624320984,0.34049320220947266
683,-0.006009966135025024,0.19859419763088226,0.26388120651245117
684,-0.03524729609489441,0.18271872401237488,0.19374948740005493
685,-0.05280546844005585,0.1620197743177414,0.13010187447071075
686,-0.05868212878704071,0.13649871945381165,0.07294271886348724
687,-0.05287611484527588,0.10615663230419159,0.022275876253843307
688,-0.0353877991437912,0.07099449634552002,-0.021895363926887512
689,-0.0062203556299209595,0.031013013795018196,-0.05956926941871643
690,0.03461848199367523,-0.01378796249628067,-0.09074795246124268
691,0.005484104156494141,0.1835293471813202,0.46807509660720825
692,-0.051271915435791016,0.1792798936367035,0.37713491916656494
693,-0.09635987877845764,0.17020468413829803,0.29266929626464844
694,-0.12977197766304016,0.15630486607551575,0.2146802842617035
695,-0.1515028476715088,0.13758164644241333,0.1431731879711151
696,-0.16154921054840088,0.11403621733188629,0.07815318554639816
697,-0.1599096953868866,0.08566991984844208,0.01962503045797348
698,-0.14658503234386444,0.05248395353555679,-0.03240719437599182
699,-0.12157884240150452,0.014479532837867737,-0.07794110476970673
700,-0.08489944040775299,-0.028343424201011658,-0.11697791516780853
701,0.4664037227630615,0.36298543214797974,0.17630738019943237
702,0.4467405676841736,0.33956533670425415,0.1537674367427826
703,0.438757061958313,0.31131696701049805,0.13771331310272217
704,0.4424443542957306,0.2782420814037323,0.12814922630786896
705,0.45779672265052795,0.24034328758716583,0.12507852911949158
706,0.48481082916259766,0.197623148560524,0.12850314378738403
707,0.5234857201576233,0.150083988904953,0.13842375576496124
708,0.5738230347633362,0.09772739559412003,0.15483906865119934
709,0.6358269453048706,0.040553878992795944,0.17774581909179688
710,0.7095062136650085,-0.021438490599393845,0.2071399986743927
711,0.45706701278686523,0.3530939519405365,0.19611337780952454
712,0.4332282841205597,0.331648051738739,0.16571134328842163
713,0.42106980085372925,0.3053742051124573,0.14179442822933197
714,0.42058321833610535,0.27427399158477783,0.12436710298061371
715,0.4317631125450134,0.23834969103336334,0.11343264579772949
716,0.4546067714691162,0.19760358333587646,0.10899317264556885
717,0.48911362886428833,0.15203765034675598,0.11104942858219147
718,0.5352850556373596,0.10165338218212128,0.11960078775882721
719,0.593125581741333,0.04645099863409996,0.1346447765827179
720,0.662643551826477,-0.013571109622716904,0.1561778485774994
721,0.43755754828453064,0.34059879183769226,0.21927818655967712
722,0.4095427691936493,0.3211275637149811,0.1810131072998047
723,0.3932085335254669,0.2968282699584961,0.14923228323459625
724,0.38854750990867615,0.26770246028900146,0.12394026666879654
725,0.3955548107624054,0.23375225067138672,0.10514074563980103
726,0.4142279028892517,0.19497977197170258,0.09283611178398132
727,0.44456636905670166,0.15138685703277588,0.08702737838029861
728,0.4865719676017761,0.10297483205795288,0.08771438896656036
729,0.5402489304542542,0.04974397271871567,0.09489503502845764
730,0.6056044101715088,-0.008306784555315971,0.10856563597917557
731,0.407863587141037,0.3255009055137634,0.24580194056034088
732,0.37567296624183655,0.3080046772956848,0.19967378675937653
733,0.355162650346756,0.28568020462989807,0.1600288450717926
734,0.3463265895843506,0.25852900743484497,0.12687185406684875
735,0.34916067123413086,0.22655314207077026,0.10020679980516434
736,0.3636627793312073,0.18975460529327393,0.08003640919923782
737,0.3898327946662903,0.14813515543937683,0.06636213511228561
738,0.4276723861694336,0.10169597715139389,0.05918416753411293
739,0.47718510031700134,0.05043759196996689,0.058500729501247406
740,0.5383765697479248,-0.005640747025609016,0.06430777162313461
741,0.367981493473053,0.30780062079429626,0.2756834030151367
742,0.3316156566143036,0.2922796607017517,0.22169248759746552
743,0.30692926049232483,0.27193036675453186,0.1741839349269867
744,0.2939176559448242,0.24675428867340088,0.1331624835729599
745,0.2925780415534973,0.21675331890583038,0.09863214194774628
746,0.3029089570045471,0.18192943930625916,0.07059606909751892
747,0.32491040229797363,0.14228412508964539,0.049056168645620346
748,0.35858380794525146,0.09781868010759354,0.034012965857982635
749,0.40393176674842834,0.04853375628590584,0.025465037673711777
750,0.4609580636024475,-0.005571282468736172,0.02340802550315857
751,0.31791359186172485,0.2874979078769684,0.3089199662208557
752,0.27737340331077576,0.2739524245262146,0.24706701934337616
753,0.24851104617118835,0.2555786371231079,0.1916959583759308
754,0.23132382333278656,0.23237811028957367,0.14281105995178223
755,0.22581033408641815,0.20435264706611633,0.10041636228561401
756,0.23196987807750702,0.17150402069091797,0.06451524794101715
757,0.24980278313159943,0.13383375108242035,0.03511008620262146
758,0.279310017824173,0.0913429856300354,0.012201870791614056
759,0.3204928934574127,0.04403238371014595,-0.004210545681416988
760,0.3733530640602112,-0.008098469115793705,-0.014131412841379642
761,0.2576664388179779,0.2645925283432007,0.34550851583480835
762,0.21295258402824402,0.2530224621295929,0.2757946252822876
763,0.1799144446849823,0.23662444949150085,0.21256253123283386
764,0.15855173766613007,0.21539980173110962,0.15581560134887695
765,0.14886440336704254,0.18935026228427887,0.10555783659219742
766,0.15085278451442719,0.1584775447845459,0.06179279088973999
767,0.16451726853847504,0.12278303503990173,0.024523193016648293
768,0.18985846638679504,0.08226782828569412,-0.006249533966183662
769,0.22687628865242004,0.036932408809661865,-0.030525991693139076
770,0.2755701243877411,-0.013223564252257347,-0.04831012338399887
771,0.18724912405014038,0.23908419907093048,0.38544586300849915
772,0.13836170732975006,0.22948941588401794,0.3078727722167969
773,0.10114812850952148,0.2150670289993286,0.2367812842130661
774,0.07561025023460388,0.19581837952136993,0.17217391729354858
775,0.06174951791763306,0.17174509167671204,0.11405443400144577
776,0.05956698954105377,0.1428486704826355,0.06242666020989418
777,0.06906342506408691,0.10913044214248657,0.0172936599701643
778,0.09023874998092651,0.07059137523174286,-0.02134259045124054
779,0.12309198081493378,0.027231896296143532,-0.0534823015332222
780,0.1676199734210968,-0.020948482677340508,-0.0791289359331131
781,0.10667169094085693,0.2109728902578354,0.4287298023700714
782,0.053610578179359436,0.20335307717323303,0.34329962730407715
783,0.012221872806549072,0.1909061223268509,0.2643505334854126
784,-0.017490684986114502,0.17363344132900238,0.19188399612903595
785,-0.03552427887916565,0.15153634548187256,0.12590384483337402
786,-0.04187723994255066,0.1246161088347435,0.0664142519235611
787,-0.03654864430427551,0.09287412464618683,0.013418823480606079
788,-0.019538670778274536,0.05631135776638985,-0.03308001160621643
789,0.009150490164756775,0.014928353950381279,-0.07308193296194077
790,0.04951402544975281,-0.03127581253647804,-0.1065899208188057
791,0.015943020582199097,0.1802588254213333,0.47536197304725647
792,-0.041292041540145874,0.17461355030536652,0.38207685947418213
793,-0.0868554562330246,0.16414198279380798,0.29527074098587036
794,-0.12074202299118042,0.14884495735168457,0.21494491398334503
795,-0.1429479718208313,0.12872348725795746,0.14110395312309265
796,-0.153470978140831,0.10377883911132812,0.07375259697437286
797,-0.15231001377105713,0.0740123987197876,0.012895006686449051
798,-0.13946542143821716,0.039425335824489594,-0.04146583378314972
799,-0.11493980884552002,1.842901110649109e-05,-0.08932898938655853
800,-0.07873907685279846,-0.044209081679582596,-0.13069695234298706
801,0.5580832958221436,0.34372031688690186,0.15738192200660706
802,0.5379356741905212,0.3189014494419098,0.13251161575317383
803,0.52946937084198,0.2892543077468872,0.11412736028432846
804,0.5326763391494751,0.25478073954582214,0.10223323106765747
805,0.5475509166717529,0.21548287570476532,0.09683305025100708
806,0.5740896463394165,0.17136326432228088,0.09792956709861755
807,0.6122921705245972,0.12242385745048523,0.1055237352848053
808,0.6621605157852173,0.06866583228111267,0.11961432546377182
809,0.7236993312835693,0.010089069604873657,0.14019781351089478
810,0.7969167232513428,-0.053308695554733276,0.1672694981098175
811,0.5400159358978271,0.3354555368423462,0.17931266129016876
812,0.5156933069229126,0.31261152029037476,0.1465800404548645
813,0.5030519962310791,0.28493955731391907,0.12033309787511826
814,0.5020846128463745,0.2524409592151642,0.10057580471038818
815,0.5127865076065063,0.21511781215667725,0.08731187134981155
816,0.5351547598838806,0.1729724407196045,0.08054406195878983
817,0.5691889524459839,0.12600663304328918,0.08027353882789612
818,0.6148909330368042,0.07422161102294922,0.0864994153380394
819,0.672264814376831,0.017617303878068924,0.09921856969594955
820,0.741317868232727,-0.04380839318037033,0.11842678487300873
821,0.5117758512496948,0.32458680868148804,0.20460036396980286
822,0.4832780361175537,0.30371785163879395,0.16400489211082458
823,0.46646183729171753,0.2780207395553589,0.12989439070224762
824,0.46132057905197144,0.24749691784381866,0.10227277129888535
825,0.46784982085227966,0.21214830875396729,0.0811440646648407
826,0.48604723811149597,0.17197707295417786,0.06651115417480469
827,0.5159125328063965,0.12698492407798767,0.058375440537929535
828,0.5574473738670349,0.07717308402061462,0.056736331433057785
829,0.610655665397644,0.022541522979736328,0.06159110367298126
830,0.6755437850952148,-0.03691161051392555,0.07293514907360077
831,0.4733526110649109,0.31111523509025574,0.23324687778949738
832,0.4406801164150238,0.292221337556839,0.18478837609291077
833,0.41968899965286255,0.26849934458732605,0.14281395077705383
834,0.4103735685348511,0.2399505078792572,0.1073276698589325
835,0.41272979974746704,0.20657660067081451,0.078333780169487
836,0.4267561435699463,0.1683797389268875,0.05583535134792328
837,0.45245230197906494,0.12536165118217468,0.03983402997255325
838,0.48981958627700806,0.07752343267202377,0.03032970055937767
839,0.5388617515563965,0.024865230545401573,0.027319686487317085
840,0.5995838642120361,-0.03261465206742287,0.03079916350543499
841,0.4247429370880127,0.29504135251045227,0.26525232195854187
842,0.3878961503505707,0.27812278270721436,0.20893076062202454
843,0.36273008584976196,0.2563760578632355,0.1590927690267563
844,0.3492400050163269,0.2298024743795395,0.11574215441942215
845,0.34742310643196106,0.1984037607908249,0.07888317108154297
846,0.35727810859680176,0.1621817797422409,0.04851922020316124
847,0.3788049817085266,0.12113813310861588,0.024652279913425446
848,0.41200488805770874,0.07527410238981247,0.007282496429979801
849,0.45688045024871826,0.02458982542157173,-0.003592456690967083
850,0.513435959815979,-0.03091619908809662,-0.007977357134222984
851,0.3659488558769226,0.2763651907444,0.3006152808666229
852,0.3249282240867615,0.2614220380783081,0.23643112182617188
853,0.2955872416496277,0.24165092408657074,0.1787300854921341
854,0.2779225707054138,0.21705292165279388,0.1275157332420349
855,0.2719323933124542,0.18762974441051483,0.0827922523021698
856,0.27761605381965637,0.1533830612897873,0.044563233852386475
857,0.2949736714363098,0.1143144741654396,0.012830994091928005
858,0.3240061402320862,0.0704251304268837,-0.012403949163854122
859,0.36471518874168396,0.021715328097343445,-0.03114362433552742
860,0.4171035885810852,-0.031816307455301285,-0.0433926060795784
861,0.2969765365123749,0.2550864517688751,0.33933332562446594
862,0.2517825663089752,0.24211867153644562,0.2672872543334961
863,0.21826688945293427,0.2243233472108841,0.20172400772571564
864,0.19642771780490875,0.20170128345489502,0.14264675974845886
865,0.18626433610916138,0.17425395548343658,0.09005965292453766
866,0.18777677416801453,0.14198297262191772,0.04396633431315422
867,0.20096533000469208,0.10488983243703842,0.004369417205452919
868,0.225830540060997,0.06297573447227478,-0.028730139136314392
869,0.2623731195926666,0.01624082587659359,-0.05533405393362045
870,0.3105943500995636,-0.035315949469804764,-0.07544651627540588
871,0.2178347408771515,0.23120452463626862,0.38140353560447693
872,0.1684676855802536,0.22021223604679108,0.3014962673187256
873,0.13077759742736816,0.204392671585083,0.2280719131231308
874,0.10476414859294891,0.18374666571617126,0.16113288700580597
875,0.09042799472808838,0.15827539563179016,0.10068312287330627
876,0.0877695083618164,0.12798035144805908,0.04672642797231674
877,0.09678913652896881,0.09286297857761383,-0.0007343292236328125
878,0.11748722195625305,0.05292434245347977,-0.041697900742292404
879,0.14986364543437958,0.008164782077074051,-0.07616543024778366
880,0.19391795992851257,-0.041416775435209274,-0.10414063930511475
881,0.1285320520401001,0.20471914112567902,0.42682313919067383
882,0.07499200105667114,0.1957021802663803,0.33905598521232605
883,0.03312784433364868,0.18185833096504211,0.25777146220207214
884,0.0029408633708953857,0.16318830847740173,0.18297144770622253
885,-0.015567630529403687,0.13969305157661438,0.11465974152088165
886,-0.022396773099899292,0.11137392371892929,0.05284040793776512
887,-0.017545849084854126,0.07823224365711212,-0.0024834200739860535
888,-0.0010148286819458008,0.04026924818754196,-0.05131014436483383
889,0.027195632457733154,-0.0025147534906864166,-0.09364046901464462
890,0.06708353757858276,-0.050120752304792404,-0.12947775423526764
891,0.029074639081954956,0.1756298989057541,0.4755920469760895
892,-0.028638452291488647,0.16858816146850586,0.3799658715724945
893,-0.07467615604400635,0.15671990811824799,0.29082149267196655
894,-0.10903611779212952,0.14002558588981628,0.20816048979759216
895,-0.13171637058258057,0.11850598454475403,0.13198703527450562
896,-0.14271581172943115,0.09216240048408508,0.062305327504873276
897,-0.1420336663722992,0.0609961561858654,-0.0008811354637145996
898,-0.12966978549957275,0.025008469820022583,-0.05757050961256027
899,-0.10562525689601898,-0.015800103545188904,-0.10776302218437195
900,-0.06990304589271545,-0.061430588364601135,-0.15146175026893616
901,0.6524320244789124,0.3230973184108734,0.13141022622585297
902,0.6318020820617676,0.29688000679016113,0.1042102575302124
903,0.6228530406951904,0.2658345401287079,0.08349660038948059
904,0.6255789399147034,0.22996190190315247,0.06927281618118286
905,0.639975368976593,0.18926399946212769,0.06154333055019379
906,0.6660398840904236,0.1437433958053589,0.06031186878681183
907,0.7037719488143921,0.09340209513902664,0.06557998061180115
908,0.7531732320785522,0.038241468369960785,0.07734629511833191
909,0.8142470121383667,-0.021738454699516296,0.09560661017894745
910,0.8869991302490234,-0.08653956651687622,0.12035579979419708
911,0.6256377696990967,0.31645911931991577,0.1554654836654663
912,0.6008332371711731,0.2922171354293823,0.12040342390537262
913,0.5877090692520142,0.2631470859050751,0.09182726591825485
914,0.5862605571746826,0.22924982011318207,0.06974051892757416
915,0.5964839458465576,0.19052709639072418,0.05414731800556183
916,0.618377685546875,0.14698092639446259,0.04505135118961334
917,0.6519412398338318,0.09861356019973755,0.04245413839817047
918,0.6971754431724548,0.04542658478021622,0.04635455459356308
919,0.7540831565856934,-0.012579906731843948,0.05674922466278076
920,0.8226690292358398,-0.07540769875049591,0.0736330971121788
921,0.5886687636375427,0.307216614484787,0.1828765869140625
922,0.559689998626709,0.28494998812675476,0.139952152967453
923,0.5423917174339294,0.25785529613494873,0.10351274907588959
924,0.5367695093154907,0.22593319416046143,0.07356198132038116
925,0.5428204536437988,0.18918542563915253,0.050104185938835144
926,0.5605430006980896,0.14761404693126678,0.033142998814582825
927,0.5899367332458496,0.10122112184762955,0.022680100053548813
928,0.6310025453567505,0.05000819265842438,0.018714826554059982
929,0.6837427616119385,-0.006024420261383057,0.02124394103884697
930,0.7481614947319031,-0.06687839329242706,0.030262209475040436
931,0.5415167808532715,0.29537099599838257,0.21364644169807434
932,0.5083640813827515,0.2750798761844635,0.1628594994544983
933,0.48689180612564087,0.24996057152748108,0.11855656653642654
934,0.4770960211753845,0.2200137972831726,0.08074125647544861
935,0.47897422313690186,0.1852412223815918,0.049418315291404724
936,0.49252527952194214,0.14564475417137146,0.024591434746980667
937,0.5177489519119263,0.10122649371623993,0.00626261904835701
938,0.554645836353302,0.051987968385219574,-0.005568524822592735
939,0.6032180190086365,-0.0020703431218862534,-0.01090509258210659
940,0.6634689569473267,-0.060950007289648056,-0.009752454236149788
941,0.48417821526527405,0.2809230089187622,0.2477768063545227
942,0.4468519985675812,0.2626073360443115,0.18912707269191742
943,0.42120587825775146,0.23946359753608704,0.13696040213108063
944,0.40723636746406555,0.21149244904518127,0.0912805125117302
945,0.40494170784950256,0.17869527637958527,0.05209215730428696
946,0.4143211245536804,0.14107395708560944,0.01939946971833706
947,0.43537449836730957,0.09863060712814331,-0.006795323453843594
948,0.46810251474380493,0.05136676877737045,-0.02649230696260929
949,0.5125062465667725,-0.0007169502787292004,-0.03969438374042511
950,0.5685890913009644,-0.05762212350964546,-0.04640692472457886
951,0.4166557788848877,0.26387283205986023,0.28526759147644043
952,0.37515631318092346,0.24753256142139435,0.2187546342611313
953,0.3453364372253418,0.22636450827121735,0.15872420370578766
954,0.32719311118125916,0.20036911964416504,0.10517985373735428
955,0.3207254707813263,0.16954763233661652,0.05812637507915497
956,0.3259333074092865,0.13390178978443146,0.01756809838116169
957,0.342816561460495,0.09343358874320984,-0.01649244874715805
958,0.37137556076049805,0.048144593834877014,-0.044055089354515076
959,0.41161108016967773,-0.001964468974620104,-0.0651223212480545
960,0.4635258615016937,-0.05689506605267525,-0.07969923317432404
961,0.33895638585090637,0.2442200481891632,0.3261168599128723
962,0.2932838201522827,0.22985520958900452,0.25174033641815186
963,0.2592901587486267,0.21066296100616455,0.1838461309671402
964,0.23697324097156525,0.18664351105690002,0.12243777513504028
965,0.22633275389671326,0.15779784321784973,0.06751976907253265
966,0.22736912965774536,0.12412767112255096,0.01909641921520233
967,0.24008236825466156,0.08563479781150818,-0.022829461842775345
968,0.2644726037979126,0.04232080280780792,-0.05825722962617874
969,0.30054011940956116,-0.0058136191219091415,-0.08718914538621902
970,0.34828701615333557,-0.05876962095499039,-0.10962966084480286
971,0.2510887384414673,0.22196419537067413,0.3703208863735199
972,0.2012430727481842,0.2095748633146286,0.28808096051216125
973,0.1630759984254837,0.19235843420028687,0.21232356131076813
974,0.13658592104911804,0.1703149974346161,0.14305169880390167
975,0.12177316844463348,0.14344526827335358,0.08026964962482452
976,0.1186382919549942,0.11175079643726349,0.023981910198926926
977,0.12718161940574646,0.07523331046104431,-0.025808531790971756
978,0.14740313589572906,0.033894360065460205,-0.06910084187984467
979,0.17930272221565247,-0.012265320867300034,-0.10589677095413208
980,0.22288189828395844,-0.0632467269897461,-0.13620024919509888
981,0.15306058526039124,0.1971045881509781,0.41787585616111755
982,0.09904235601425171,0.18669088184833527,0.3277732729911804
983,0.05670240521430969,0.1714504063129425,0.24415329098701477
984,0.02604001760482788,0.1513829380273819,0.16701839864253998
985,0.0070556700229644775,0.12648914754390717,0.09637286514043808
986,-0.00025010108947753906,0.09677022695541382,0.03222138434648514
987,0.0041231513023376465,0.062228038907051086,-0.025432869791984558
988,0.020175635814666748,0.022864125669002533,-0.07658892124891281
989,0.047907233238220215,-0.02132074534893036,-0.12124817073345184
990,0.08731868863105774,-0.07032738626003265,-0.15941420197486877
991,0.04487568140029907,0.16964086890220642,0.46877944469451904
992,-0.013314634561538696,0.16120271384716034,0.37081485986709595
993,-0.059826433658599854,0.14793804287910461,0.27933254837989807
994,-0.09465986490249634,0.1298464685678482,0.19433483481407166
995,-0.1178148090839386,0.10692839324474335,0.11582630127668381
996,-0.12929114699363708,0.07918502390384674,0.04381174594163895
997,-0.12908835709095,0.04661799967288971,-0.021705560386180878
998,-0.11720585823059082,0.009229067713022232,-0.08072453737258911
999,-0.09364274144172668,-0.03298097848892212,-0.13324646651744843
1000,-0.058399200439453125,-0.08001278340816498,-0.17927472293376923
