1,-0,9147.57,18559.6,28262.9,38290.7,48682.4,59487,70768.5,82605.4,95106.9,108430
2,-0,7777.13,15752.7,23944.3,32374.1,41067.2,50054.8,59377.7,69083.1,79237.4,89934.9
3,-0,7976.25,16161.9,24575.5,33240.2,42182.5,51434.8,61039.6,71046,81522.7,92567.1
4,-0,7777.13,15752.7,23944.3,32374.1,41067.2,50054.8,59377.7,69083.1,79237.4,89934.9
5,-0,9147.57,18559.6,28262.9,38290.7,48682.4,59487,70768.5,82605.4,95106.9,108430
6,-0,7777.13,15752.7,23944.3,32374.1,41067.2,50054.8,59377.7,69083.1,79237.4,89934.9
7,-0,6360.38,12844.5,19459.6,26214.9,33120,40186,47428,54859.1,62499,70374.3
8,-0,6661.44,13457.8,20397.1,27489.5,34745.3,42177.1,49801.2,57632.5,65692.8,74011.4
9,-0,6360.38,12844.5,19459.6,26214.9,33120,40186,47428,54859.1,62499,70374.3
10,-0,7777.13,15752.7,23944.3,32374.1,41067.2,50054.8,59377.7,69083.1,79237.4,89934.9
11,-0,7976.25,16161.9,24575.5,33240.2,42182.5,51434.8,61039.6,71046,81522.7,92567.1
12,-0,6661.44,13457.8,20397.1,27489.5,34745.3,42177.1,49801.2,57632.5,65692.8,74011.4
13,-0,6905.66,13956.1,21159.9,28527.5,36070.1,43800.9,51737.1,59894.3,68295.4,76971.3
14,-0,6661.44,13457.8,20397.1,27489.5,34745.3,42177.1,49801.2,57632.5,65692.8,74011.4
15,-0,7976.25,16161.9,24575.5,33240.2,42182.5,51434.8,61039.6,71046,81522.7,92567.1
16,-0,7777.13,15752.7,23944.3,32374.1,41067.2,50054.8,59377.7,69083.1,79237.4,89934.9
17,-0,6360.38,12844.5,19459.6,26214.9,33120,40186,47428,54859.1,62499,70374.3
18,-0,6661.44,13457.8,20397.1,27489.5,34745.3,42177.1,49801.2,57632.5,65692.8,74011.4
19,-0,6360.38,12844.5,19459.6,26214.9,33120,40186,47428,54859.1,62499,70374.3
20,-0,7777.13,15752.7,23944.3,32374.1,41067.2,50054.8,59377.7,69083.1,79237.4,89934.9
21,-0,9147.57,18559.6,28262.9,38290.7,48682.4,59487,70768.5,82605.4,95106.9,108430
22,-0,7777.13,15752.7,23944.3,32374.1,41067.2,50054.8,59377.7,69083.1,79237.4,89934.9
23,-0,7976.25,16161.9,24575.5,33240.2,42182.5,51434.8,61039.6,71046,81522.7,92567.1
24,-0,7777.13,15752.7,23944.3,32374.1,41067.2,50054.8,59377.7,69083.1,79237.4,89934.9
25,-0,9147.57,18559.6,28262.9,38290.7,48682.4,59487,70768.5,82605.4,95106.9,108430
26,-0,3844.68,7750.97,11725.1,15776,19913.6,24150.4,28502.5,32990.3,37641.5,42497.1
27,-0,4717.49,9512.21,14391.8,19366.6,24448.4,29652,34997,40507.3,46216.5,52174
28,-0,4554.33,9180.39,13884.9,18676.9,23566.7,28567.1,33695.2,38971.5,44424.8,50097.7
29,-0,4717.49,9512.21,14391.8,19366.6,24448.4,29652,34997,40507.3,46216.5,52174
30,-0,3844.68,7750.97,11725.1,15776,19913.6,24150.4,28502.5,32990.3,37641.5,42497.1
31,-0,4717.49,9512.21,14391.8,19366.6,24448.4,29652,34997,40507.3,46216.5,52174
32,-0,5609.91,11308.8,17104.6,23007.9,29030.6,35187.8,41499.1,47988.1,54687.5,61644.9
33,-0,5516.67,11113.6,16797.4,22576.9,28462,34465.1,40602.5,46893.4,53364.5,60054.5
34,-0,5609.91,11308.8,17104.6,23007.9,29030.6,35187.8,41499.1,47988.1,54687.5,61644.9
35,-0,4717.49,9512.21,14391.8,19366.6,24448.4,29652,34997,40507.3,46216.5,52174
36,-0,4554.33,9180.39,13884.9,18676.9,23566.7,28567.1,33695.2,38971.5,44424.8,50097.7
37,-0,5516.67,11113.6,16797.4,22576.9,28462,34465.1,40602.5,46893.4,53364.5,60054.5
38,-0,5393.03,10857.4,16398.3,22022.5,27737.6,33553,39481,45535.8,51736.6,58111.4
39,-0,5516.67,11113.6,16797.4,22576.9,28462,34465.1,40602.5,46893.4,53364.5,60054.5
40,-0,4554.33,9180.39,13884.9,18676.9,23566.7,28567.1,33695.2,38971.5,44424.8,50097.7
41,-0,4717.49,9512.21,14391.8,19366.6,24448.4,29652,34997,40507.3,46216.5,52174
42,-0,5609.91,11308.8,17104.6,23007.9,29030.6,35187.8,41499.1,47988.1,54687.5,61644.9
43,-0,5516.67,11113.6,16797.4,22576.9,28462,34465.1,40602.5,46893.4,53364.5,60054.5
44,-0,5609.91,11308.8,17104.6,23007.9,29030.6,35187.8,41499.1,47988.1,54687.5,61644.9
45,-0,4717.49,9512.21,14391.8,19366.6,24448.4,29652,34997,40507.3,46216.5,52174
46,-0,3844.68,7750.97,11725.1,15776,19913.6,24150.4,28502.5,32990.3,37641.5,42497.1
47,-0,4717.49,9512.21,14391.8,19366.6,24448.4,29652,34997,40507.3,46216.5,52174
48,-0,4554.33,9180.39,13884.9,18676.9,23566.7,28567.1,33695.2,38971.5,44424.8,50097.7
49,-0,4717.49,9512.21,14391.8,19366.6,24448.4,29652,34997,40507.3,46216.5,52174
50,-0,3844.68,7750.97,11725.1,15776,19913.6,24150.4,28502.5,32990.3,37641.5,42497.1
51,-0,3354.74,6734.18,10140.5,13577.6,17050,20563.4,24125.2,27745.5,31438.4,35226.5
52,-0,3681.94,7387.18,11118,14878.2,18672,22505.5,26386.3,30325.1,34336.9,38447.1
53,-0,3862.68,7753.52,11675.4,15632.7,19630.4,23675.5,27777.3,31947.7,36204.5,40576.5
54,-0,3681.94,7387.18,11118,14878.2,18672,22505.5,26386.3,30325.1,34336.9,38447.1
55,-0,3354.74,6734.18,10140.5,13577.6,17050,20563.4,24125.2,27745.5,31438.4,35226.5
56,-0,3681.94,7387.18,11118,14878.2,18672,22505.5,26386.3,30325.1,34336.9,38447.1
57,-0,4142.95,8315.85,12522.3,16766.8,21055.1,25395.1,29797,34274.7,38848,43548.7
58,-0,4285.64,8602.1,12953.2,17343.5,21779.2,26268.2,30821.5,35453.3,40184.5,45048.1
59,-0,4142.95,8315.85,12522.3,16766.8,21055.1,25395.1,29797,34274.7,38848,43548.7
60,-0,3681.94,7387.18,11118,14878.2,18672,22505.5,26386.3,30325.1,34336.9,38447.1
61,-0,3862.68,7753.52,11675.4,15632.7,19630.4,23675.5,27777.3,31947.7,36204.5,40576.5
62,-0,4285.64,8602.1,12953.2,17343.5,21779.2,26268.2,30821.5,35453.3,40184.5,45048.1
63,-0,4497.12,9028.32,13598,18211.1,22874.6,27597.4,32391.5,37272.9,42264.5,47402.8
64,-0,4285.64,8602.1,12953.2,17343.5,21779.2,26268.2,30821.5,35453.3,40184.5,45048.1
65,-0,3862.68,7753.52,11675.4,15632.7,19630.4,23675.5,27777.3,31947.7,36204.5,40576.5
66,-0,3681.94,7387.18,11118,14878.2,18672,22505.5,26386.3,30325.1,34336.9,38447.1
67,-0,4142.95,8315.85,12522.3,16766.8,21055.1,25395.1,29797,34274.7,38848,43548.7
68,-0,4285.64,8602.1,12953.2,17343.5,21779.2,26268.2,30821.5,35453.3,40184.5,45048.1
69,-0,4142.95,8315.85,12522.3,16766.8,21055.1,25395.1,29797,34274.7,38848,43548.7
70,-0,3681.94,7387.18,11118,14878.2,18672,22505.5,26386.3,30325.1,34336.9,38447.1
71,-0,3354.74,6734.18,10140.5,13577.6,17050,20563.4,24125.2,27745.5,31438.4,35226.5
72,-0,3681.94,7387.18,11118,14878.2,18672,22505.5,26386.3,30325.1,34336.9,38447.1
73,-0,3862.68,7753.52,11675.4,15632.7,19630.4,23675.5,27777.3,31947.7,36204.5,40576.5
74,-0,3681.94,7387.18,11118,14878.2,18672,22505.5,26386.3,30325.1,34336.9,38447.1
75,-0,3354.74,6734.18,10140.5,13577.6,17050,20563.4,24125.2,27745.5,31438.4,35226.5
76,-0,3338.82,6690.69,10056.1,13437.8,16838.3,20261,23710.6,27193.4,30718.7,34303.8
77,-0,3392.82,6791.84,10197.1,13609.9,17031.6,20464.4,23911.7,27376.5,30865.6,34393.2
78,-0,3456.18,6919.92,10391.4,13872.2,17363.7,20868.3,24390,27932,31501.9,35114.6
79,-0,3392.82,6791.84,10197.1,13609.9,17031.6,20464.4,23911.7,27376.5,30865.6,34393.2
80,-0,3338.82,6690.69,10056.1,13437.8,16838.3,20261,23710.6,27193.4,30718.7,34303.8
81,-0,3392.82,6791.84,10197.1,13609.9,17031.6,20464.4,23911.7,27376.5,30865.6,34393.2
82,-0,3607.16,7222.47,10846.8,14481.7,18129.4,21793.1,25478.3,29189.7,32937.8,36742.4
83,-0,3651.77,7312.29,10982.7,14664.4,18359.9,22072.7,25808.4,29572.3,33375.5,37238.7
84,-0,3607.16,7222.47,10846.8,14481.7,18129.4,21793.1,25478.3,29189.7,32937.8,36742.4
85,-0,3392.82,6791.84,10197.1,13609.9,17031.6,20464.4,23911.7,27376.5,30865.6,34393.2
86,-0,3456.18,6919.92,10391.4,13872.2,17363.7,20868.3,24390,27932,31501.9,35114.6
87,-0,3651.77,7312.29,10982.7,14664.4,18359.9,22072.7,25808.4,29572.3,33375.5,37238.7
88,-0,3696.2,7402.14,11119.2,14848.9,18594.1,22358.5,26148.2,29969.3,33833.5,37763
89,-0,3651.77,7312.29,10982.7,14664.4,18359.9,22072.7,25808.4,29572.3,33375.5,37238.7
90,-0,3456.18,6919.92,10391.4,13872.2,17363.7,20868.3,24390,27932,31501.9,35114.6
91,-0,3392.82,6791.84,10197.1,13609.9,17031.6,20464.4,23911.7,27376.5,30865.6,34393.2
92,-0,3607.16,7222.47,10846.8,14481.7,18129.4,21793.1,25478.3,29189.7,32937.8,36742.4
93,-0,3651.77,7312.29,10982.7,14664.4,18359.9,22072.7,25808.4,29572.3,33375.5,37238.7
94,-0,3607.16,7222.47,10846.8,14481.7,18129.4,21793.1,25478.3,29189.7,32937.8,36742.4
95,-0,3392.82,6791.84,10197.1,13609.9,17031.6,20464.4,23911.7,27376.5,30865.6,34393.2
96,-0,3338.82,6690.69,10056.1,13437.8,16838.3,20261,23710.6,27193.4,30718.7,34303.8
97,-0,3392.82,6791.84,10197.1,13609.9,17031.6,20464.4,23911.7,27376.5,30865.6,34393.2
98,-0,3456.18,6919.92,10391.4,13872.2,17363.7,20868.3,24390,27932,31501.9,35114.6
99,-0,3392.82,6791.84,10197.1,13609.9,17031.6,20464.4,23911.7,27376.5,30865.6,34393.2
100,-0,3338.82,6690.69,10056.1,13437.8,16838.3,20261,23710.6,27193.4,30718.7,34303.8
101,-0,3479.25,6969.21,10468.6,13981.8,17510.6,21058.3,24632.5,28235.4,31878.1,35585.2
102,-0,3338.9,6680.74,10023.5,13369.6,16719.2,20073,23436.7,26806.8,30189,33599.9
103,-0,3324.45,6651.19,9978.1,13307.4,16638.9,19973.2,23315.5,26661.8,30017.2,33397.1
104,-0,3338.9,6680.74,10023.5,13369.6,16719.2,20073,23436.7,26806.8,30189,33599.9
105,-0,3479.25,6969.21,10468.6,13981.8,17510.6,21058.3,24632.5,28235.4,31878.1,35585.2
106,-0,3338.9,6680.74,10023.5,13369.6,16719.2,20073,23436.7,26806.8,30189,33599.9
107,-0,3247.51,6495.84,9743.16,12991,16239.2,19488.1,22741.9,25997.3,29258.6,32539.2
108,-0,3223.61,6447.97,9671.25,12894.9,16118.6,19342.7,22571.4,25801.4,29036.9,32291.4
109,-0,3247.51,6495.84,9743.16,12991,16239.2,19488.1,22741.9,25997.3,29258.6,32539.2
110,-0,3338.9,6680.74,10023.5,13369.6,16719.2,20073,23436.7,26806.8,30189,33599.9
111,-0,3324.45,6651.19,9978.1,13307.4,16638.9,19973.2,23315.5,26661.8,30017.2,33397.1
112,-0,3223.61,6447.97,9671.25,12894.9,16118.6,19342.7,22571.4,25801.4,29036.9,32291.4
113,-0,3212.34,6426.03,9639.38,12853.8,16069.1,19285.7,22507.8,25732.7,28964.9,32218.4
114,-0,3223.61,6447.97,9671.25,12894.9,16118.6,19342.7,22571.4,25801.4,29036.9,32291.4
115,-0,3324.45,6651.19,9978.1,13307.4,16638.9,19973.2,23315.5,26661.8,30017.2,33397.1
116,-0,3338.9,6680.74,10023.5,13369.6,16719.2,20073,23436.7,26806.8,30189,33599.9
117,-0,3247.51,6495.84,9743.16,12991,16239.2,19488.1,22741.9,25997.3,29258.6,32539.2
118,-0,3223.61,6447.97,9671.25,12894.9,16118.6,19342.7,22571.4,25801.4,29036.9,32291.4
119,-0,3247.51,6495.84,9743.16,12991,16239.2,19488.1,22741.9,25997.3,29258.6,32539.2
120,-0,3338.9,6680.74,10023.5,13369.6,16719.2,20073,23436.7,26806.8,30189,33599.9
121,-0,3479.25,6969.21,10468.6,13981.8,17510.6,21058.3,24632.5,28235.4,31878.1,35585.2
122,-0,3338.9,6680.74,10023.5,13369.6,16719.2,20073,23436.7,26806.8,30189,33599.9
123,-0,3324.45,6651.19,9978.1,13307.4,16638.9,19973.2,23315.5,26661.8,30017.2,33397.1
124,-0,3338.9,6680.74,10023.5,13369.6,16719.2,20073,23436.7,26806.8,30189,33599.9
125,-0,3479.25,6969.21,10468.6,13981.8,17510.6,21058.3,24632.5,28235.4,31878.1,35585.2
