1,0.00995945
2,0.00995945
3,0.01
4,0.00996235
5,0.01
6,0.00996071
7,0.01
8,0.0099604
9,0.01
10,0.00996022
11,0.01
12,0.00996022
13,0.01
14,0.0099604
15,0.01
16,0.00996071
17,0.01
18,0.00996235
19,0.01
20,0.00995945
21,0.00995945
22,0.01
23,0.00996235
24,0.01
25,0.01
26,0.01
27,0.01
28,0.01
29,0.01
30,0.01
31,0.01
32,0.01
33,0.00996235
34,0.01
35,0.00996071
36,0.01
37,0.01
38,0.01
39,0.01
40,0.01
41,0.01
42,0.01
43,0.01
44,0.01
45,0.00996071
46,0.01
47,0.0099604
48,0.01
49,0.01
50,0.01
51,0.01
52,0.01
53,0.01
54,0.01
55,0.01
56,0.01
57,0.0099604
58,0.01
59,0.00996022
60,0.01
61,0.01
62,0.01
63,0.01
64,0.01
65,0.01
66,0.01
67,0.01
68,0.01
69,0.00996022
70,0.01
71,0.00996022
72,0.01
73,0.01
74,0.01
75,0.01
76,0.01
77,0.01
78,0.01
79,0.01
80,0.01
81,0.00996022
82,0.01
83,0.0099604
84,0.01
85,0.01
86,0.01
87,0.01
88,0.01
89,0.01
90,0.01
91,0.01
92,0.01
93,0.0099604
94,0.01
95,0.00996071
96,0.01
97,0.01
98,0.01
99,0.01
100,0.01
101,0.01
102,0.01
103,0.01
104,0.01
105,0.00996071
106,0.01
107,0.00996235
108,0.01
109,0.01
110,0.01
111,0.01
112,0.01
113,0.01
114,0.01
115,0.01
116,0.01
117,0.00996235
118,0.01
119,0.00995945
120,0.00995945
121,0.01
122,0.00996235
123,0.01
124,0.00996071
125,0.01
126,0.0099604
127,0.01
128,0.00996022
129,0.01
130,0.00996022
131,0.01
132,0.0099604
133,0.01
134,0.00996071
135,0.01
136,0.00996235
137,0.01
138,0.00995945
139,0.00995945
140,0.01
141,0.0099521
142,0.0099521
143,0.00995036
144,0.00994938
145,0.00994873
146,0.00994855
147,0.00994855
148,0.00994873
149,0.00994938
150,0.00995036
151,0.0099521
152,0.0099521
153,0.00995036
154,0.00995036
155,0.00994938
156,0.00994938
157,0.00994873
158,0.00994873
159,0.00994855
160,0.00994855
161,0.00994855
162,0.00994855
163,0.00994873
164,0.00994873
165,0.00994938
166,0.00994938
167,0.00995036
168,0.00995036
169,0.0099521
170,0.0099521
171,0.00995036
172,0.00994938
173,0.00994873
174,0.00994855
175,0.00994855
176,0.00994873
177,0.00994938
178,0.00995036
179,0.0099521
180,0.0099521
181,0.00995433
182,0.00995433
183,0.00995277
184,0.00995255
185,0.00995224
186,0.00995214
187,0.00995214
188,0.00995224
189,0.00995255
190,0.00995277
191,0.00995433
192,0.00995433
193,0.00995277
194,0.00995277
195,0.00995255
196,0.00995255
197,0.00995224
198,0.00995224
199,0.00995214
200,0.00995214
201,0.00995214
202,0.00995214
203,0.00995224
204,0.00995224
205,0.00995255
206,0.00995255
207,0.00995277
208,0.00995277
209,0.00995433
210,0.00995433
211,0.00995277
212,0.00995255
213,0.00995224
214,0.00995214
215,0.00995214
216,0.00995224
217,0.00995255
218,0.00995277
219,0.00995433
220,0.00995433
221,0.00995483
222,0.00995483
223,0.00995349
224,0.00995347
225,0.00995341
226,0.00995338
227,0.00995338
228,0.00995341
229,0.00995347
230,0.00995349
231,0.00995483
232,0.00995483
233,0.00995349
234,0.00995349
235,0.00995347
236,0.00995347
237,0.00995341
238,0.00995341
239,0.00995338
240,0.00995338
241,0.00995338
242,0.00995338
243,0.00995341
244,0.00995341
245,0.00995347
246,0.00995347
247,0.00995349
248,0.00995349
249,0.00995483
250,0.00995483
251,0.00995349
252,0.00995347
253,0.00995341
254,0.00995338
255,0.00995338
256,0.00995341
257,0.00995347
258,0.00995349
259,0.00995483
260,0.00995483
261,0.00995401
262,0.00995401
263,0.00995305
264,0.00995302
265,0.00995305
266,0.00995306
267,0.00995306
268,0.00995305
269,0.00995302
270,0.00995305
271,0.00995401
272,0.00995401
273,0.00995305
274,0.00995305
275,0.00995302
276,0.00995302
277,0.00995305
278,0.00995305
279,0.00995306
280,0.00995306
281,0.00995306
282,0.00995306
283,0.00995305
284,0.00995305
285,0.00995302
286,0.00995302
287,0.00995305
288,0.00995305
289,0.00995401
290,0.00995401
291,0.00995305
292,0.00995302
293,0.00995305
294,0.00995306
295,0.00995306
296,0.00995305
297,0.00995302
298,0.00995305
299,0.00995401
300,0.00995401
301,0.00995262
302,0.00995262
303,0.00995198
304,0.00995194
305,0.00995199
306,0.00995202
307,0.00995202
308,0.00995199
309,0.00995194
310,0.00995198
311,0.00995262
312,0.00995262
313,0.00995198
314,0.00995198
315,0.00995194
316,0.00995194
317,0.00995199
318,0.00995199
319,0.00995202
320,0.00995202
321,0.00995202
322,0.00995202
323,0.00995199
324,0.00995199
325,0.00995194
326,0.00995194
327,0.00995198
328,0.00995198
329,0.00995262
330,0.00995262
331,0.00995198
332,0.00995194
333,0.00995199
334,0.00995202
335,0.00995202
336,0.00995199
337,0.00995194
338,0.00995198
339,0.00995262
340,0.00995262
341,0.00995113
342,0.00995114
343,0.00995075
344,0.00995072
345,0.00995076
346,0.0099508
347,0.0099508
348,0.00995076
349,0.00995072
350,0.00995075
351,0.00995114
352,0.00995113
353,0.00995075
354,0.00995075
355,0.00995072
356,0.00995072
357,0.00995076
358,0.00995076
359,0.0099508
360,0.0099508
361,0.0099508
362,0.0099508
363,0.00995076
364,0.00995076
365,0.00995072
366,0.00995072
367,0.00995075
368,0.00995075
369,0.00995114
370,0.00995113
371,0.00995075
372,0.00995072
373,0.00995076
374,0.0099508
375,0.0099508
376,0.00995076
377,0.00995072
378,0.00995075
379,0.00995114
380,0.00995113
381,0.0099498
382,0.0099498
383,0.00994962
384,0.00994964
385,0.00994969
386,0.00994973
387,0.00994973
388,0.00994969
389,0.00994964
390,0.00994962
391,0.0099498
392,0.0099498
393,0.00994962
394,0.00994962
395,0.00994964
396,0.00994964
397,0.00994969
398,0.00994969
399,0.00994973
400,0.00994973
401,0.00994973
402,0.00994973
403,0.00994969
404,0.00994969
405,0.00994964
406,0.00994964
407,0.00994962
408,0.00994962
409,0.0099498
410,0.0099498
411,0.00994962
412,0.00994964
413,0.00994969
414,0.00994973
415,0.00994973
416,0.00994969
417,0.00994964
418,0.00994962
419,0.0099498
420,0.0099498
421,0.00994876
422,0.00994876
423,0.00994876
424,0.00994883
425,0.00994891
426,0.00994897
427,0.00994897
428,0.00994891
429,0.00994883
430,0.00994876
431,0.00994876
432,0.00994876
433,0.00994876
434,0.00994876
435,0.00994883
436,0.00994883
437,0.00994891
438,0.00994891
439,0.00994897
440,0.00994897
441,0.00994897
442,0.00994897
443,0.00994891
444,0.00994891
445,0.00994883
446,0.00994883
447,0.00994876
448,0.00994876
449,0.00994876
450,0.00994876
451,0.00994876
452,0.00994883
453,0.00994891
454,0.00994897
455,0.00994897
456,0.00994891
457,0.00994883
458,0.00994876
459,0.00994876
460,0.00994876
461,0.00994819
462,0.00994819
463,0.0100966
464,0.00994833
465,0.010097
466,0.00994853
467,0.0100977
468,0.00994876
469,0.0100982
470,0.00994891
471,0.0100985
472,0.00994891
473,0.0100985
474,0.00994876
475,0.0100982
476,0.00994853
477,0.0100977
478,0.00994833
479,0.010097
480,0.00994819
481,0.00994819
482,0.0100966
483,0.00994833
484,0.010097
485,0.0100975
486,0.0100983
487,0.010099
488,0.0100993
489,0.0100993
490,0.010099
491,0.0100983
492,0.0100975
493,0.00994833
494,0.010097
495,0.00994853
496,0.0100977
497,0.0100983
498,0.0100992
499,0.0100999
500,0.0101004
501,0.0101004
502,0.0100999
503,0.0100992
504,0.0100983
505,0.00994853
506,0.0100977
507,0.00994876
508,0.0100982
509,0.010099
510,0.0100999
511,0.0101008
512,0.0101012
513,0.0101012
514,0.0101008
515,0.0100999
516,0.010099
517,0.00994876
518,0.0100982
519,0.00994891
520,0.0100985
521,0.0100993
522,0.0101004
523,0.0101012
524,0.0101017
525,0.0101017
526,0.0101012
527,0.0101004
528,0.0100993
529,0.00994891
530,0.0100985
531,0.00994891
532,0.0100985
533,0.0100993
534,0.0101004
535,0.0101012
536,0.0101017
537,0.0101017
538,0.0101012
539,0.0101004
540,0.0100993
541,0.00994891
542,0.0100985
543,0.00994876
544,0.0100982
545,0.010099
546,0.0100999
547,0.0101008
548,0.0101012
549,0.0101012
550,0.0101008
551,0.0100999
552,0.010099
553,0.00994876
554,0.0100982
555,0.00994853
556,0.0100977
557,0.0100983
558,0.0100992
559,0.0100999
560,0.0101004
561,0.0101004
562,0.0100999
563,0.0100992
564,0.0100983
565,0.00994853
566,0.0100977
567,0.00994833
568,0.010097
569,0.0100975
570,0.0100983
571,0.010099
572,0.0100993
573,0.0100993
574,0.010099
575,0.0100983
576,0.0100975
577,0.00994833
578,0.010097
579,0.00994819
580,0.00994819
581,0.0100966
582,0.00994833
583,0.010097
584,0.00994853
585,0.0100977
586,0.00994876
587,0.0100982
588,0.00994891
589,0.0100985
590,0.00994891
591,0.0100985
592,0.00994876
593,0.0100982
594,0.00994853
595,0.0100977
596,0.00994833
597,0.010097
598,0.00994819
599,0.00994819
600,0.0100966
