1 -0.450512453893
2 -0.350344422929
3 -0.250223309484
4 -0.15012667894
5 -0.0500411466732
6 0.0500411466732
7 0.15012667894
8 0.250223309484
9 0.350344422929
10 0.450512453893
11 -0.450509063036
12 -0.350344706726
13 -0.250224518422
14 -0.150127164357
15 -0.0500412318717
16 0.0500412318717
17 0.150127164357
18 0.250224518422
19 0.350344706726
20 0.450509063036
21 -0.450535166411
22 -0.350360960751
23 -0.250234879435
24 -0.150132788597
25 -0.050042990507
26 0.050042990507
27 0.150132788597
28 0.250234879435
29 0.350360960751
30 0.450535166411
31 -0.450552559845
32 -0.350373707122
33 -0.25024346687
34 -0.150137679878
35 -0.0500445679734
36 0.0500445679734
37 0.150137679878
38 0.25024346687
39 0.350373707122
40 0.450552559845
41 -0.450561121062
42 -0.350380346
43 -0.250248140287
44 -0.150140397977
45 -0.0500454554891
46 0.0500454554891
47 0.150140397977
48 0.250248140287
49 0.350380346
50 0.450561121062
51 -0.450561121062
52 -0.350380346
53 -0.250248140287
54 -0.150140397977
55 -0.0500454554891
56 0.0500454554891
57 0.150140397977
58 0.250248140287
59 0.350380346
60 0.450561121062
61 -0.450552559845
62 -0.350373707122
63 -0.25024346687
64 -0.150137679878
65 -0.0500445679734
66 0.0500445679734
67 0.150137679878
68 0.25024346687
69 0.350373707122
70 0.450552559845
71 -0.450535166411
72 -0.350360960751
73 -0.250234879435
74 -0.150132788597
75 -0.050042990507
76 0.050042990507
77 0.150132788597
78 0.250234879435
79 0.350360960751
80 0.450535166411
81 -0.450509063036
82 -0.350344706726
83 -0.250224518422
84 -0.150127164357
85 -0.0500412318717
86 0.0500412318717
87 0.150127164357
88 0.250224518422
89 0.350344706726
90 0.450509063036
91 -0.450512453893
92 -0.350344422929
93 -0.250223309484
94 -0.15012667894
95 -0.0500411466732
96 0.0500411466732
97 0.15012667894
98 0.250223309484
99 0.350344422929
100 0.450512453893
101 -0.451289892791
102 -0.350916803357
103 -0.250612021343
104 -0.150352174344
105 -0.0501150667239
106 0.0501150667239
107 0.150352174344
108 0.250612021343
109 0.350916803357
110 0.451289892791
111 -0.451296382136
112 -0.350922644701
113 -0.250615578236
114 -0.150353372976
115 -0.050115250458
116 0.050115250458
117 0.150353372976
118 0.250615578236
119 0.350922644701
120 0.451296382136
121 -0.451339853817
122 -0.350952991872
123 -0.250635694084
124 -0.150364662401
125 -0.050118843466
126 0.050118843466
127 0.150364662401
128 0.250635694084
129 0.350952991872
130 0.451339853817
131 -0.451377021472
132 -0.350980843088
133 -0.250654612453
134 -0.150375559052
135 -0.0501223855464
136 0.0501223855464
137 0.150375559052
138 0.250654612453
139 0.350980843088
140 0.451377021472
141 -0.451396090311
142 -0.350995891073
143 -0.250665192172
144 -0.150381754257
145 -0.0501244171523
146 0.0501244171523
147 0.150381754257
148 0.250665192172
149 0.350995891073
150 0.451396090311
151 -0.451396090311
152 -0.350995891073
153 -0.250665192172
154 -0.150381754257
155 -0.0501244171523
156 0.0501244171523
157 0.150381754257
158 0.250665192172
159 0.350995891073
160 0.451396090311
161 -0.451377021472
162 -0.350980843088
163 -0.250654612453
164 -0.150375559052
165 -0.0501223855464
166 0.0501223855464
167 0.150375559052
168 0.250654612453
169 0.350980843088
170 0.451377021472
171 -0.451339853817
172 -0.350952991872
173 -0.250635694084
174 -0.150364662401
175 -0.050118843466
176 0.050118843466
177 0.150364662401
178 0.250635694084
179 0.350952991872
180 0.451339853817
181 -0.451296382136
182 -0.350922644701
183 -0.250615578236
184 -0.150353372976
185 -0.050115250458
186 0.050115250458
187 0.150353372976
188 0.250615578236
189 0.350922644701
190 0.451296382136
191 -0.451289892791
192 -0.350916803357
193 -0.250612021343
194 -0.150352174344
195 -0.0501150667239
196 0.0501150667239
197 0.150352174344
198 0.250612021343
199 0.350916803357
200 0.451289892791
201 -0.451697521877
202 -0.351278011066
203 -0.250883349013
204 -0.150517693655
205 -0.0501705070068
206 0.0501705070068
207 0.150517693655
208 0.250883349013
209 0.351278011066
210 0.451697521877
211 -0.451724323446
212 -0.351292746231
213 -0.25088949465
214 -0.150519570997
215 -0.0501708116635
216 0.0501708116635
217 0.150519570997
218 0.25088949465
219 0.351292746231
220 0.451724323446
221 -0.451757370923
222 -0.351320302258
223 -0.250908650813
224 -0.15053056352
225 -0.0501743574407
226 0.0501743574407
227 0.15053056352
228 0.250908650813
229 0.351320302258
230 0.451757370923
231 -0.451792497371
232 -0.351348311771
233 -0.250928305817
234 -0.150542096625
235 -0.0501781458322
236 0.0501781458322
237 0.150542096625
238 0.250928305817
239 0.351348311771
240 0.451792497371
241 -0.451812226009
242 -0.351364466686
243 -0.250939824149
244 -0.150548916862
245 -0.0501803975487
246 0.0501803975487
247 0.150548916862
248 0.250939824149
249 0.351364466686
250 0.451812226009
251 -0.451812226009
252 -0.351364466686
253 -0.250939824149
254 -0.150548916862
255 -0.0501803975487
256 0.0501803975487
257 0.150548916862
258 0.250939824149
259 0.351364466686
260 0.451812226009
261 -0.451792497371
262 -0.351348311771
263 -0.250928305817
264 -0.150542096625
265 -0.0501781458322
266 0.0501781458322
267 0.150542096625
268 0.250928305817
269 0.351348311771
270 0.451792497371
271 -0.451757370923
272 -0.351320302258
273 -0.250908650813
274 -0.15053056352
275 -0.0501743574407
276 0.0501743574407
277 0.15053056352
278 0.250908650813
279 0.351320302258
280 0.451757370923
281 -0.451724323446
282 -0.351292746231
283 -0.25088949465
284 -0.150519570997
285 -0.0501708116635
286 0.0501708116635
287 0.150519570997
288 0.25088949465
289 0.351292746231
290 0.451724323446
291 -0.451697521877
292 -0.351278011066
293 -0.250883349013
294 -0.150517693655
295 -0.0501705070068
296 0.0501705070068
297 0.150517693655
298 0.250883349013
299 0.351278011066
300 0.451697521877
301 -0.451920244975
302 -0.351486094452
303 -0.251050757836
304 -0.150624485756
305 -0.05020704151
306 0.05020704151
307 0.150624485756
308 0.251050757836
309 0.351486094452
310 0.451920244975
311 -0.451953478252
312 -0.35150439118
313 -0.25105851712
314 -0.150626986227
315 -0.0502075162354
316 0.0502075162354
317 0.150626986227
318 0.25105851712
319 0.35150439118
320 0.451953478252
321 -0.451984095929
322 -0.351530254493
323 -0.251076399107
324 -0.150637068972
325 -0.0502107393214
326 0.0502107393214
327 0.150637068972
328 0.251076399107
329 0.351530254493
330 0.451984095929
331 -0.452011779695
332 -0.351553972328
333 -0.251093744523
334 -0.150647397364
335 -0.0502141472687
336 0.0502141472687
337 0.150647397364
338 0.251093744523
339 0.351553972328
340 0.452011779695
341 -0.452028110756
342 -0.351567952079
343 -0.251104034629
344 -0.150653586418
345 -0.0502162038393
346 0.0502162038393
347 0.150653586418
348 0.251104034629
349 0.351567952079
350 0.452028110756
351 -0.452028110756
352 -0.351567952079
353 -0.251104034629
354 -0.150653586418
355 -0.0502162038393
356 0.0502162038393
357 0.150653586418
358 0.251104034629
359 0.351567952079
360 0.452028110756
361 -0.452011779695
362 -0.351553972328
363 -0.251093744523
364 -0.150647397364
365 -0.0502141472687
366 0.0502141472687
367 0.150647397364
368 0.251093744523
369 0.351553972328
370 0.452011779695
371 -0.451984095929
372 -0.351530254493
373 -0.251076399107
374 -0.150637068972
375 -0.0502107393214
376 0.0502107393214
377 0.150637068972
378 0.251076399107
379 0.351530254493
380 0.451984095929
381 -0.451953478252
382 -0.35150439118
383 -0.25105851712
384 -0.150626986227
385 -0.0502075162354
386 0.0502075162354
387 0.150626986227
388 0.25105851712
389 0.35150439118
390 0.451953478252
391 -0.451920244975
392 -0.351486094452
393 -0.251050757836
394 -0.150624485756
395 -0.05020704151
396 0.05020704151
397 0.150624485756
398 0.251050757836
399 0.351486094452
400 0.451920244975
401 -0.452045361444
402 -0.351601021058
403 -0.251145073716
404 -0.150686258963
405 -0.0502284878477
406 0.0502284878477
407 0.150686258963
408 0.251145073716
409 0.351601021058
410 0.452045361444
411 -0.452074629071
412 -0.351617598708
413 -0.25115241211
414 -0.150688802328
415 -0.0502290195392
416 0.0502290195392
417 0.150688802328
418 0.25115241211
419 0.351617598708
420 0.452074629071
421 -0.452102356071
422 -0.351640365158
423 -0.251167884775
424 -0.150697459489
425 -0.0502317724924
426 0.0502317724924
427 0.150697459489
428 0.251167884775
429 0.351640365158
430 0.452102356071
431 -0.452124653452
432 -0.351659958491
433 -0.251182434237
434 -0.150706174099
435 -0.0502346497705
436 0.0502346497705
437 0.150706174099
438 0.251182434237
439 0.351659958491
440 0.452124653452
441 -0.452137235104
442 -0.351671089532
443 -0.251190848664
444 -0.150711317157
445 -0.0502363685312
446 0.0502363685312
447 0.150711317157
448 0.251190848664
449 0.351671089532
450 0.452137235104
451 -0.452137235104
452 -0.351671089532
453 -0.251190848664
454 -0.150711317157
455 -0.0502363685312
456 0.0502363685312
457 0.150711317157
458 0.251190848664
459 0.351671089532
460 0.452137235104
461 -0.452124653452
462 -0.351659958491
463 -0.251182434237
464 -0.150706174099
465 -0.0502346497705
466 0.0502346497705
467 0.150706174099
468 0.251182434237
469 0.351659958491
470 0.452124653452
471 -0.452102356071
472 -0.351640365158
473 -0.251167884775
474 -0.150697459489
475 -0.0502317724924
476 0.0502317724924
477 0.150697459489
478 0.251167884775
479 0.351640365158
480 0.452102356071
481 -0.452074629071
482 -0.351617598708
483 -0.25115241211
484 -0.150688802328
485 -0.0502290195392
486 0.0502290195392
487 0.150688802328
488 0.25115241211
489 0.351617598708
490 0.452074629071
491 -0.452045361444
492 -0.351601021058
493 -0.251145073716
494 -0.150686258963
495 -0.0502284878477
496 0.0502284878477
497 0.150686258963
498 0.251145073716
499 0.351601021058
500 0.452045361444
501 -0.452115718919
502 -0.351661519967
503 -0.251193846603
504 -0.150718354202
505 -0.0502397046591
506 0.0502397046591
507 0.150718354202
508 0.251193846603
509 0.351661519967
510 0.452115718919
511 -0.452137748324
512 -0.351674330416
513 -0.251199730939
514 -0.150720497474
515 -0.0502401817864
516 0.0502401817864
517 0.150720497474
518 0.251199730939
519 0.351674330416
520 0.452137748324
521 -0.45216030769
522 -0.351692541601
523 -0.251212001541
524 -0.150727344701
525 -0.0502423608639
526 0.0502423608639
527 0.150727344701
528 0.251212001541
529 0.351692541601
530 0.45216030769
531 -0.452177865006
532 -0.351707970709
533 -0.251223452445
534 -0.150734205406
535 -0.0502446275016
536 0.0502446275016
537 0.150734205406
538 0.251223452445
539 0.351707970709
540 0.452177865006
541 -0.452187417062
542 -0.351716541407
543 -0.251230002436
544 -0.150738235904
545 -0.0502459786692
546 0.0502459786692
547 0.150738235904
548 0.251230002436
549 0.351716541407
550 0.452187417062
551 -0.452187417062
552 -0.351716541407
553 -0.251230002436
554 -0.150738235904
555 -0.0502459786692
556 0.0502459786692
557 0.150738235904
558 0.251230002436
559 0.351716541407
560 0.452187417062
561 -0.452177865006
562 -0.351707970709
563 -0.251223452445
564 -0.150734205406
565 -0.0502446275016
566 0.0502446275016
567 0.150734205406
568 0.251223452445
569 0.351707970709
570 0.452177865006
571 -0.45216030769
572 -0.351692541601
573 -0.251212001541
574 -0.150727344701
575 -0.0502423608639
576 0.0502423608639
577 0.150727344701
578 0.251212001541
579 0.351692541601
580 0.45216030769
581 -0.452137748324
582 -0.351674330416
583 -0.251199730939
584 -0.150720497474
585 -0.0502401817864
586 0.0502401817864
587 0.150720497474
588 0.251199730939
589 0.351674330416
590 0.452137748324
591 -0.452115718919
592 -0.351661519967
593 -0.251193846603
594 -0.150718354202
595 -0.0502397046591
596 0.0502397046591
597 0.150718354202
598 0.251193846603
599 0.351661519967
600 0.452115718919
601 -0.452155749349
602 -0.351692086468
603 -0.251216860108
604 -0.150733130242
605 -0.0502448383451
606 0.0502448383451
607 0.150733130242
608 0.251216860108
609 0.351692086468
610 0.452155749349
611 -0.452170449079
612 -0.351700857713
613 -0.251221046482
614 -0.150734736383
615 -0.0502452171557
616 0.0502452171557
617 0.150734736383
618 0.251221046482
619 0.351700857713
620 0.452170449079
621 -0.452186773185
622 -0.351713975292
623 -0.251229896952
624 -0.150739686562
625 -0.0502467954618
626 0.0502467954618
627 0.150739686562
628 0.251229896952
629 0.351713975292
630 0.452186773185
631 -0.452199512959
632 -0.351725129546
633 -0.251238151355
634 -0.150744626334
635 -0.0502484274742
636 0.0502484274742
637 0.150744626334
638 0.251238151355
639 0.351725129546
640 0.452199512959
641 -0.45220633808
642 -0.351731288674
643 -0.25124287231
644 -0.150747534758
645 -0.0502494028766
646 0.0502494028766
647 0.150747534758
648 0.25124287231
649 0.351731288674
650 0.45220633808
651 -0.45220633808
652 -0.351731288674
653 -0.25124287231
654 -0.150747534758
655 -0.0502494028766
656 0.0502494028766
657 0.150747534758
658 0.25124287231
659 0.351731288674
660 0.45220633808
661 -0.452199512959
662 -0.351725129546
663 -0.251238151355
664 -0.150744626334
665 -0.0502484274742
666 0.0502484274742
667 0.150744626334
668 0.251238151355
669 0.351725129546
670 0.452199512959
671 -0.452186773185
672 -0.351713975292
673 -0.251229896952
674 -0.150739686562
675 -0.0502467954618
676 0.0502467954618
677 0.150739686562
678 0.251229896952
679 0.351713975292
680 0.452186773185
681 -0.452170449079
682 -0.351700857713
683 -0.251221046482
684 -0.150734736383
685 -0.0502452171557
686 0.0502452171557
687 0.150734736383
688 0.251221046482
689 0.351700857713
690 0.452170449079
691 -0.452155749349
692 -0.351692086468
693 -0.251216860108
694 -0.150733130242
695 -0.0502448383451
696 0.0502448383451
697 0.150733130242
698 0.251216860108
699 0.351692086468
700 0.452155749349
701 -0.452180469291
702 -0.351708349631
703 -0.251227602602
704 -0.150739524953
705 -0.0502469941698
706 0.0502469941698
707 0.150739524953
708 0.251227602602
709 0.351708349631
710 0.452180469291
711 -0.452188993403
712 -0.351713660039
713 -0.251230324866
714 -0.150740687201
715 -0.0502473006074
716 0.0502473006074
717 0.150740687201
718 0.251230324866
719 0.351713660039
720 0.452188993403
721 -0.452199095641
722 -0.351721846478
723 -0.251235911573
724 -0.150743843252
725 -0.0502483130536
726 0.0502483130536
727 0.150743843252
728 0.251235911573
729 0.351721846478
730 0.452199095641
731 -0.452206976919
732 -0.351728806737
733 -0.251241083649
734 -0.150746947653
735 -0.0502493407256
736 0.0502493407256
737 0.150746947653
738 0.251241083649
739 0.351728806737
740 0.452206976919
741 -0.452211145844
742 -0.351732628441
743 -0.251244034058
744 -0.150748771901
745 -0.050249953631
746 0.050249953631
747 0.150748771901
748 0.251244034058
749 0.351732628441
750 0.452211145844
751 -0.452211145844
752 -0.351732628441
753 -0.251244034058
754 -0.150748771901
755 -0.050249953631
756 0.050249953631
757 0.150748771901
758 0.251244034058
759 0.351732628441
760 0.452211145844
761 -0.452206976919
762 -0.351728806737
763 -0.251241083649
764 -0.150746947653
765 -0.0502493407256
766 0.0502493407256
767 0.150746947653
768 0.251241083649
769 0.351728806737
770 0.452206976919
771 -0.452199095641
772 -0.351721846478
773 -0.251235911573
774 -0.150743843252
775 -0.0502483130536
776 0.0502483130536
777 0.150743843252
778 0.251235911573
779 0.351721846478
780 0.452199095641
781 -0.452188993403
782 -0.351713660039
783 -0.251230324866
784 -0.150740687201
785 -0.0502473006074
786 0.0502473006074
787 0.150740687201
788 0.251230324866
789 0.351713660039
790 0.452188993403
791 -0.452180469291
792 -0.351708349631
793 -0.251227602602
794 -0.150739524953
795 -0.0502469941698
796 0.0502469941698
797 0.150739524953
798 0.251227602602
799 0.351708349631
800 0.452180469291
801 -0.452200134378
802 -0.351721121346
803 -0.251235701166
804 -0.150744150968
805 -0.0502485198509
806 0.0502485198509
807 0.150744150968
808 0.251235701166
809 0.351721121346
810 0.452200134378
811 -0.452203902871
812 -0.351723815948
813 -0.251237417952
814 -0.150745107699
815 -0.05024882888
816 0.05024882888
817 0.150745107699
818 0.251237417952
819 0.351723815948
820 0.452203902871
821 -0.452208246126
822 -0.351727524005
823 -0.251240067892
824 -0.150746660229
825 -0.0502493369476
826 0.0502493369476
827 0.150746660229
828 0.251240067892
829 0.351727524005
830 0.452208246126
831 -0.452211339449
832 -0.351730485075
833 -0.251242381858
834 -0.150748093167
835 -0.0502498182683
836 0.0502498182683
837 0.150748093167
838 0.251242381858
839 0.351730485075
840 0.452211339449
841 -0.452212852843
842 -0.351732043437
843 -0.251243670669
844 -0.150748922825
845 -0.050250102101
846 0.050250102101
847 0.150748922825
848 0.251243670669
849 0.351732043437
850 0.452212852843
851 -0.452212852843
852 -0.351732043437
853 -0.251243670669
854 -0.150748922825
855 -0.050250102101
856 0.050250102101
857 0.150748922825
858 0.251243670669
859 0.351732043437
860 0.452212852843
861 -0.452211339449
862 -0.351730485075
863 -0.251242381858
864 -0.150748093167
865 -0.0502498182683
866 0.0502498182683
867 0.150748093167
868 0.251242381858
869 0.351730485075
870 0.452211339449
871 -0.452208246126
872 -0.351727524005
873 -0.251240067892
874 -0.150746660229
875 -0.0502493369476
876 0.0502493369476
877 0.150746660229
878 0.251240067892
879 0.351727524005
880 0.452208246126
881 -0.452203902871
882 -0.351723815948
883 -0.251237417952
884 -0.150745107699
885 -0.05024882888
886 0.05024882888
887 0.150745107699
888 0.251237417952
889 0.351723815948
890 0.452203902871
891 -0.452200134378
892 -0.351721121346
893 -0.251235701166
894 -0.150744150968
895 -0.0502485198509
896 0.0502485198509
897 0.150744150968
898 0.251235701166
899 0.351721121346
900 0.452200134378
901 -0.452223203177
902 -0.351739874483
903 -0.251250237323
904 -0.150753619261
905 -0.0502518338169
906 0.0502518338169
907 0.150753619261
908 0.251250237323
909 0.351739874483
910 0.452223203177
911 -0.452223051159
912 -0.35174018063
913 -0.251250724528
914 -0.150754039992
915 -0.0502519981448
916 0.0502519981448
917 0.150754039992
918 0.251250724528
919 0.35174018063
920 0.452223051159
921 -0.452221604219
922 -0.351739619328
923 -0.25125051741
924 -0.150753941167
925 -0.0502519633324
926 0.0502519633324
927 0.150753941167
928 0.25125051741
929 0.351739619328
930 0.452221604219
931 -0.45221949586
932 -0.351738780428
933 -0.251250304205
934 -0.150753926349
935 -0.0502519715716
936 0.0502519715716
937 0.150753926349
938 0.251250304205
939 0.351738780428
940 0.45221949586
941 -0.452218001141
942 -0.351738168135
943 -0.251250162366
944 -0.150753941898
945 -0.0502519905452
946 0.0502519905452
947 0.150753941898
948 0.251250162366
949 0.351738168135
950 0.452218001141
951 -0.452218001141
952 -0.351738168135
953 -0.251250162366
954 -0.150753941898
955 -0.0502519905452
956 0.0502519905452
957 0.150753941898
958 0.251250162366
959 0.351738168135
960 0.452218001141
961 -0.45221949586
962 -0.351738780428
963 -0.251250304205
964 -0.150753926349
965 -0.0502519715716
966 0.0502519715716
967 0.150753926349
968 0.251250304205
969 0.351738780428
970 0.45221949586
971 -0.452221604219
972 -0.351739619328
973 -0.25125051741
974 -0.150753941167
975 -0.0502519633324
976 0.0502519633324
977 0.150753941167
978 0.25125051741
979 0.351739619328
980 0.452221604219
981 -0.452223051159
982 -0.35174018063
983 -0.251250724528
984 -0.150754039992
985 -0.0502519981448
986 0.0502519981448
987 0.150754039992
988 0.251250724528
989 0.35174018063
990 0.452223051159
991 -0.452223203177
992 -0.351739874483
993 -0.251250237323
994 -0.150753619261
995 -0.0502518338169
996 0.0502518338169
997 0.150753619261
998 0.251250237323
999 0.351739874483
1000 0.452223203177
