1 -0.450512453893
2 -0.450509063036
3 -0.450535166411
4 -0.450552559845
5 -0.450561121062
6 -0.450561121062
7 -0.450552559845
8 -0.450535166411
9 -0.450509063036
10 -0.450512453893
11 -0.350344422929
12 -0.350344706726
13 -0.350360960751
14 -0.350373707122
15 -0.350380346
16 -0.350380346
17 -0.350373707122
18 -0.350360960751
19 -0.350344706726
20 -0.350344422929
21 -0.250223309484
22 -0.250224518422
23 -0.250234879435
24 -0.25024346687
25 -0.250248140287
26 -0.250248140287
27 -0.25024346687
28 -0.250234879435
29 -0.250224518422
30 -0.250223309484
31 -0.15012667894
32 -0.150127164357
33 -0.150132788597
34 -0.150137679878
35 -0.150140397977
36 -0.150140397977
37 -0.150137679878
38 -0.150132788597
39 -0.150127164357
40 -0.15012667894
41 -0.0500411466732
42 -0.0500412318717
43 -0.050042990507
44 -0.0500445679734
45 -0.0500454554891
46 -0.0500454554891
47 -0.0500445679734
48 -0.050042990507
49 -0.0500412318717
50 -0.0500411466732
51 0.0500411466732
52 0.0500412318717
53 0.050042990507
54 0.0500445679734
55 0.0500454554891
56 0.0500454554891
57 0.0500445679734
58 0.050042990507
59 0.0500412318717
60 0.0500411466732
61 0.15012667894
62 0.150127164357
63 0.150132788597
64 0.150137679878
65 0.150140397977
66 0.150140397977
67 0.150137679878
68 0.150132788597
69 0.150127164357
70 0.15012667894
71 0.250223309484
72 0.250224518422
73 0.250234879435
74 0.25024346687
75 0.250248140287
76 0.250248140287
77 0.25024346687
78 0.250234879435
79 0.250224518422
80 0.250223309484
81 0.350344422929
82 0.350344706726
83 0.350360960751
84 0.350373707122
85 0.350380346
86 0.350380346
87 0.350373707122
88 0.350360960751
89 0.350344706726
90 0.350344422929
91 0.450512453893
92 0.450509063036
93 0.450535166411
94 0.450552559845
95 0.450561121062
96 0.450561121062
97 0.450552559845
98 0.450535166411
99 0.450509063036
100 0.450512453893
101 -0.451289892791
102 -0.451296382136
103 -0.451339853817
104 -0.451377021472
105 -0.451396090311
106 -0.451396090311
107 -0.451377021472
108 -0.451339853817
109 -0.451296382136
110 -0.451289892791
111 -0.350916803357
112 -0.350922644701
113 -0.350952991872
114 -0.350980843088
115 -0.350995891073
116 -0.350995891073
117 -0.350980843088
118 -0.350952991872
119 -0.350922644701
120 -0.350916803357
121 -0.250612021343
122 -0.250615578236
123 -0.250635694084
124 -0.250654612453
125 -0.250665192172
126 -0.250665192172
127 -0.250654612453
128 -0.250635694084
129 -0.250615578236
130 -0.250612021343
131 -0.150352174344
132 -0.150353372976
133 -0.150364662401
134 -0.150375559052
135 -0.150381754257
136 -0.150381754257
137 -0.150375559052
138 -0.150364662401
139 -0.150353372976
140 -0.150352174344
141 -0.0501150667239
142 -0.050115250458
143 -0.050118843466
144 -0.0501223855464
145 -0.0501244171523
146 -0.0501244171523
147 -0.0501223855464
148 -0.050118843466
149 -0.050115250458
150 -0.0501150667239
151 0.0501150667239
152 0.050115250458
153 0.050118843466
154 0.0501223855464
155 0.0501244171523
156 0.0501244171523
157 0.0501223855464
158 0.050118843466
159 0.050115250458
160 0.0501150667239
161 0.150352174344
162 0.150353372976
163 0.150364662401
164 0.150375559052
165 0.150381754257
166 0.150381754257
167 0.150375559052
168 0.150364662401
169 0.150353372976
170 0.150352174344
171 0.250612021343
172 0.250615578236
173 0.250635694084
174 0.250654612453
175 0.250665192172
176 0.250665192172
177 0.250654612453
178 0.250635694084
179 0.250615578236
180 0.250612021343
181 0.350916803357
182 0.350922644701
183 0.350952991872
184 0.350980843088
185 0.350995891073
186 0.350995891073
187 0.350980843088
188 0.350952991872
189 0.350922644701
190 0.350916803357
191 0.451289892791
192 0.451296382136
193 0.451339853817
194 0.451377021472
195 0.451396090311
196 0.451396090311
197 0.451377021472
198 0.451339853817
199 0.451296382136
200 0.451289892791
201 -0.451697521877
202 -0.451724323446
203 -0.451757370923
204 -0.451792497371
205 -0.451812226009
206 -0.451812226009
207 -0.451792497371
208 -0.451757370923
209 -0.451724323446
210 -0.451697521877
211 -0.351278011066
212 -0.351292746231
213 -0.351320302258
214 -0.351348311771
215 -0.351364466686
216 -0.351364466686
217 -0.351348311771
218 -0.351320302258
219 -0.351292746231
220 -0.351278011066
221 -0.250883349013
222 -0.25088949465
223 -0.250908650813
224 -0.250928305817
225 -0.250939824149
226 -0.250939824149
227 -0.250928305817
228 -0.250908650813
229 -0.25088949465
230 -0.250883349013
231 -0.150517693655
232 -0.150519570997
233 -0.15053056352
234 -0.150542096625
235 -0.150548916862
236 -0.150548916862
237 -0.150542096625
238 -0.15053056352
239 -0.150519570997
240 -0.150517693655
241 -0.0501705070068
242 -0.0501708116635
243 -0.0501743574407
244 -0.0501781458322
245 -0.0501803975487
246 -0.0501803975487
247 -0.0501781458322
248 -0.0501743574407
249 -0.0501708116635
250 -0.0501705070068
251 0.0501705070068
252 0.0501708116635
253 0.0501743574407
254 0.0501781458322
255 0.0501803975487
256 0.0501803975487
257 0.0501781458322
258 0.0501743574407
259 0.0501708116635
260 0.0501705070068
261 0.150517693655
262 0.150519570997
263 0.15053056352
264 0.150542096625
265 0.150548916862
266 0.150548916862
267 0.150542096625
268 0.15053056352
269 0.150519570997
270 0.150517693655
271 0.250883349013
272 0.25088949465
273 0.250908650813
274 0.250928305817
275 0.250939824149
276 0.250939824149
277 0.250928305817
278 0.250908650813
279 0.25088949465
280 0.250883349013
281 0.351278011066
282 0.351292746231
283 0.351320302258
284 0.351348311771
285 0.351364466686
286 0.351364466686
287 0.351348311771
288 0.351320302258
289 0.351292746231
290 0.351278011066
291 0.451697521877
292 0.451724323446
293 0.451757370923
294 0.451792497371
295 0.451812226009
296 0.451812226009
297 0.451792497371
298 0.451757370923
299 0.451724323446
300 0.451697521877
301 -0.451920244975
302 -0.451953478252
303 -0.451984095929
304 -0.452011779695
305 -0.452028110756
306 -0.452028110756
307 -0.452011779695
308 -0.451984095929
309 -0.451953478252
310 -0.451920244975
311 -0.351486094452
312 -0.35150439118
313 -0.351530254493
314 -0.351553972328
315 -0.351567952079
316 -0.351567952079
317 -0.351553972328
318 -0.351530254493
319 -0.35150439118
320 -0.351486094452
321 -0.251050757836
322 -0.25105851712
323 -0.251076399107
324 -0.251093744523
325 -0.251104034629
326 -0.251104034629
327 -0.251093744523
328 -0.251076399107
329 -0.25105851712
330 -0.251050757836
331 -0.150624485756
332 -0.150626986227
333 -0.150637068972
334 -0.150647397364
335 -0.150653586418
336 -0.150653586418
337 -0.150647397364
338 -0.150637068972
339 -0.150626986227
340 -0.150624485756
341 -0.05020704151
342 -0.0502075162354
343 -0.0502107393214
344 -0.0502141472687
345 -0.0502162038393
346 -0.0502162038393
347 -0.0502141472687
348 -0.0502107393214
349 -0.0502075162354
350 -0.05020704151
351 0.05020704151
352 0.0502075162354
353 0.0502107393214
354 0.0502141472687
355 0.0502162038393
356 0.0502162038393
357 0.0502141472687
358 0.0502107393214
359 0.0502075162354
360 0.05020704151
361 0.150624485756
362 0.150626986227
363 0.150637068972
364 0.150647397364
365 0.150653586418
366 0.150653586418
367 0.150647397364
368 0.150637068972
369 0.150626986227
370 0.150624485756
371 0.251050757836
372 0.25105851712
373 0.251076399107
374 0.251093744523
375 0.251104034629
376 0.251104034629
377 0.251093744523
378 0.251076399107
379 0.25105851712
380 0.251050757836
381 0.351486094452
382 0.35150439118
383 0.351530254493
384 0.351553972328
385 0.351567952079
386 0.351567952079
387 0.351553972328
388 0.351530254493
389 0.35150439118
390 0.351486094452
391 0.451920244975
392 0.451953478252
393 0.451984095929
394 0.452011779695
395 0.452028110756
396 0.452028110756
397 0.452011779695
398 0.451984095929
399 0.451953478252
400 0.451920244975
401 -0.452045361444
402 -0.452074629071
403 -0.452102356071
404 -0.452124653452
405 -0.452137235104
406 -0.452137235104
407 -0.452124653452
408 -0.452102356071
409 -0.452074629071
410 -0.452045361444
411 -0.351601021058
412 -0.351617598708
413 -0.351640365158
414 -0.351659958491
415 -0.351671089532
416 -0.351671089532
417 -0.351659958491
418 -0.351640365158
419 -0.351617598708
420 -0.351601021058
421 -0.251145073716
422 -0.25115241211
423 -0.251167884775
424 -0.251182434237
425 -0.251190848664
426 -0.251190848664
427 -0.251182434237
428 -0.251167884775
429 -0.25115241211
430 -0.251145073716
431 -0.150686258963
432 -0.150688802328
433 -0.150697459489
434 -0.150706174099
435 -0.150711317157
436 -0.150711317157
437 -0.150706174099
438 -0.150697459489
439 -0.150688802328
440 -0.150686258963
441 -0.0502284878477
442 -0.0502290195392
443 -0.0502317724924
444 -0.0502346497705
445 -0.0502363685312
446 -0.0502363685312
447 -0.0502346497705
448 -0.0502317724924
449 -0.0502290195392
450 -0.0502284878477
451 0.0502284878477
452 0.0502290195392
453 0.0502317724924
454 0.0502346497705
455 0.0502363685312
456 0.0502363685312
457 0.0502346497705
458 0.0502317724924
459 0.0502290195392
460 0.0502284878477
461 0.150686258963
462 0.150688802328
463 0.150697459489
464 0.150706174099
465 0.150711317157
466 0.150711317157
467 0.150706174099
468 0.150697459489
469 0.150688802328
470 0.150686258963
471 0.251145073716
472 0.25115241211
473 0.251167884775
474 0.251182434237
475 0.251190848664
476 0.251190848664
477 0.251182434237
478 0.251167884775
479 0.25115241211
480 0.251145073716
481 0.351601021058
482 0.351617598708
483 0.351640365158
484 0.351659958491
485 0.351671089532
486 0.351671089532
487 0.351659958491
488 0.351640365158
489 0.351617598708
490 0.351601021058
491 0.452045361444
492 0.452074629071
493 0.452102356071
494 0.452124653452
495 0.452137235104
496 0.452137235104
497 0.452124653452
498 0.452102356071
499 0.452074629071
500 0.452045361444
501 -0.452115718919
502 -0.452137748324
503 -0.45216030769
504 -0.452177865006
505 -0.452187417062
506 -0.452187417062
507 -0.452177865006
508 -0.45216030769
509 -0.452137748324
510 -0.452115718919
511 -0.351661519967
512 -0.351674330416
513 -0.351692541601
514 -0.351707970709
515 -0.351716541407
516 -0.351716541407
517 -0.351707970709
518 -0.351692541601
519 -0.351674330416
520 -0.351661519967
521 -0.251193846603
522 -0.251199730939
523 -0.251212001541
524 -0.251223452445
525 -0.251230002436
526 -0.251230002436
527 -0.251223452445
528 -0.251212001541
529 -0.251199730939
530 -0.251193846603
531 -0.150718354202
532 -0.150720497474
533 -0.150727344701
534 -0.150734205406
535 -0.150738235904
536 -0.150738235904
537 -0.150734205406
538 -0.150727344701
539 -0.150720497474
540 -0.150718354202
541 -0.0502397046591
542 -0.0502401817864
543 -0.0502423608639
544 -0.0502446275016
545 -0.0502459786692
546 -0.0502459786692
547 -0.0502446275016
548 -0.0502423608639
549 -0.0502401817864
550 -0.0502397046591
551 0.0502397046591
552 0.0502401817864
553 0.0502423608639
554 0.0502446275016
555 0.0502459786692
556 0.0502459786692
557 0.0502446275016
558 0.0502423608639
559 0.0502401817864
560 0.0502397046591
561 0.150718354202
562 0.150720497474
563 0.150727344701
564 0.150734205406
565 0.150738235904
566 0.150738235904
567 0.150734205406
568 0.150727344701
569 0.150720497474
570 0.150718354202
571 0.251193846603
572 0.251199730939
573 0.251212001541
574 0.251223452445
575 0.251230002436
576 0.251230002436
577 0.251223452445
578 0.251212001541
579 0.251199730939
580 0.251193846603
581 0.351661519967
582 0.351674330416
583 0.351692541601
584 0.351707970709
585 0.351716541407
586 0.351716541407
587 0.351707970709
588 0.351692541601
589 0.351674330416
590 0.351661519967
591 0.452115718919
592 0.452137748324
593 0.45216030769
594 0.452177865006
595 0.452187417062
596 0.452187417062
597 0.452177865006
598 0.45216030769
599 0.452137748324
600 0.452115718919
601 -0.452155749349
602 -0.452170449079
603 -0.452186773185
604 -0.452199512959
605 -0.45220633808
606 -0.45220633808
607 -0.452199512959
608 -0.452186773185
609 -0.452170449079
610 -0.452155749349
611 -0.351692086468
612 -0.351700857713
613 -0.351713975292
614 -0.351725129546
615 -0.351731288674
616 -0.351731288674
617 -0.351725129546
618 -0.351713975292
619 -0.351700857713
620 -0.351692086468
621 -0.251216860108
622 -0.251221046482
623 -0.251229896952
624 -0.251238151355
625 -0.25124287231
626 -0.25124287231
627 -0.251238151355
628 -0.251229896952
629 -0.251221046482
630 -0.251216860108
631 -0.150733130242
632 -0.150734736383
633 -0.150739686562
634 -0.150744626334
635 -0.150747534758
636 -0.150747534758
637 -0.150744626334
638 -0.150739686562
639 -0.150734736383
640 -0.150733130242
641 -0.0502448383451
642 -0.0502452171557
643 -0.0502467954618
644 -0.0502484274742
645 -0.0502494028766
646 -0.0502494028766
647 -0.0502484274742
648 -0.0502467954618
649 -0.0502452171557
650 -0.0502448383451
651 0.0502448383451
652 0.0502452171557
653 0.0502467954618
654 0.0502484274742
655 0.0502494028766
656 0.0502494028766
657 0.0502484274742
658 0.0502467954618
659 0.0502452171557
660 0.0502448383451
661 0.150733130242
662 0.150734736383
663 0.150739686562
664 0.150744626334
665 0.150747534758
666 0.150747534758
667 0.150744626334
668 0.150739686562
669 0.150734736383
670 0.150733130242
671 0.251216860108
672 0.251221046482
673 0.251229896952
674 0.251238151355
675 0.25124287231
676 0.25124287231
677 0.251238151355
678 0.251229896952
679 0.251221046482
680 0.251216860108
681 0.351692086468
682 0.351700857713
683 0.351713975292
684 0.351725129546
685 0.351731288674
686 0.351731288674
687 0.351725129546
688 0.351713975292
689 0.351700857713
690 0.351692086468
691 0.452155749349
692 0.452170449079
693 0.452186773185
694 0.452199512959
695 0.45220633808
696 0.45220633808
697 0.452199512959
698 0.452186773185
699 0.452170449079
700 0.452155749349
701 -0.452180469291
702 -0.452188993403
703 -0.452199095641
704 -0.452206976919
705 -0.452211145844
706 -0.452211145844
707 -0.452206976919
708 -0.452199095641
709 -0.452188993403
710 -0.452180469291
711 -0.351708349631
712 -0.351713660039
713 -0.351721846478
714 -0.351728806737
715 -0.351732628441
716 -0.351732628441
717 -0.351728806737
718 -0.351721846478
719 -0.351713660039
720 -0.351708349631
721 -0.251227602602
722 -0.251230324866
723 -0.251235911573
724 -0.251241083649
725 -0.251244034058
726 -0.251244034058
727 -0.251241083649
728 -0.251235911573
729 -0.251230324866
730 -0.251227602602
731 -0.150739524953
732 -0.150740687201
733 -0.150743843252
734 -0.150746947653
735 -0.150748771901
736 -0.150748771901
737 -0.150746947653
738 -0.150743843252
739 -0.150740687201
740 -0.150739524953
741 -0.0502469941698
742 -0.0502473006074
743 -0.0502483130536
744 -0.0502493407256
745 -0.050249953631
746 -0.050249953631
747 -0.0502493407256
748 -0.0502483130536
749 -0.0502473006074
750 -0.0502469941698
751 0.0502469941698
752 0.0502473006074
753 0.0502483130536
754 0.0502493407256
755 0.050249953631
756 0.050249953631
757 0.0502493407256
758 0.0502483130536
759 0.0502473006074
760 0.0502469941698
761 0.150739524953
762 0.150740687201
763 0.150743843252
764 0.150746947653
765 0.150748771901
766 0.150748771901
767 0.150746947653
768 0.150743843252
769 0.150740687201
770 0.150739524953
771 0.251227602602
772 0.251230324866
773 0.251235911573
774 0.251241083649
775 0.251244034058
776 0.251244034058
777 0.251241083649
778 0.251235911573
779 0.251230324866
780 0.251227602602
781 0.351708349631
782 0.351713660039
783 0.351721846478
784 0.351728806737
785 0.351732628441
786 0.351732628441
787 0.351728806737
788 0.351721846478
789 0.351713660039
790 0.351708349631
791 0.452180469291
792 0.452188993403
793 0.452199095641
794 0.452206976919
795 0.452211145844
796 0.452211145844
797 0.452206976919
798 0.452199095641
799 0.452188993403
800 0.452180469291
801 -0.452200134378
802 -0.452203902871
803 -0.452208246126
804 -0.452211339449
805 -0.452212852843
806 -0.452212852843
807 -0.452211339449
808 -0.452208246126
809 -0.452203902871
810 -0.452200134378
811 -0.351721121346
812 -0.351723815948
813 -0.351727524005
814 -0.351730485075
815 -0.351732043437
816 -0.351732043437
817 -0.351730485075
818 -0.351727524005
819 -0.351723815948
820 -0.351721121346
821 -0.251235701166
822 -0.251237417952
823 -0.251240067892
824 -0.251242381858
825 -0.251243670669
826 -0.251243670669
827 -0.251242381858
828 -0.251240067892
829 -0.251237417952
830 -0.251235701166
831 -0.150744150968
832 -0.150745107699
833 -0.150746660229
834 -0.150748093167
835 -0.150748922825
836 -0.150748922825
837 -0.150748093167
838 -0.150746660229
839 -0.150745107699
840 -0.150744150968
841 -0.0502485198509
842 -0.05024882888
843 -0.0502493369476
844 -0.0502498182683
845 -0.050250102101
846 -0.050250102101
847 -0.0502498182683
848 -0.0502493369476
849 -0.05024882888
850 -0.0502485198509
851 0.0502485198509
852 0.05024882888
853 0.0502493369476
854 0.0502498182683
855 0.050250102101
856 0.050250102101
857 0.0502498182683
858 0.0502493369476
859 0.05024882888
860 0.0502485198509
861 0.150744150968
862 0.150745107699
863 0.150746660229
864 0.150748093167
865 0.150748922825
866 0.150748922825
867 0.150748093167
868 0.150746660229
869 0.150745107699
870 0.150744150968
871 0.251235701166
872 0.251237417952
873 0.251240067892
874 0.251242381858
875 0.251243670669
876 0.251243670669
877 0.251242381858
878 0.251240067892
879 0.251237417952
880 0.251235701166
881 0.351721121346
882 0.351723815948
883 0.351727524005
884 0.351730485075
885 0.351732043437
886 0.351732043437
887 0.351730485075
888 0.351727524005
889 0.351723815948
890 0.351721121346
891 0.452200134378
892 0.452203902871
893 0.452208246126
894 0.452211339449
895 0.452212852843
896 0.452212852843
897 0.452211339449
898 0.452208246126
899 0.452203902871
900 0.452200134378
901 -0.452223203177
902 -0.452223051159
903 -0.452221604219
904 -0.45221949586
905 -0.452218001141
906 -0.452218001141
907 -0.45221949586
908 -0.452221604219
909 -0.452223051159
910 -0.452223203177
911 -0.351739874483
912 -0.35174018063
913 -0.351739619328
914 -0.351738780428
915 -0.351738168135
916 -0.351738168135
917 -0.351738780428
918 -0.351739619328
919 -0.35174018063
920 -0.351739874483
921 -0.251250237323
922 -0.251250724528
923 -0.25125051741
924 -0.251250304205
925 -0.251250162366
926 -0.251250162366
927 -0.251250304205
928 -0.25125051741
929 -0.251250724528
930 -0.251250237323
931 -0.150753619261
932 -0.150754039992
933 -0.150753941167
934 -0.150753926349
935 -0.150753941898
936 -0.150753941898
937 -0.150753926349
938 -0.150753941167
939 -0.150754039992
940 -0.150753619261
941 -0.0502518338169
942 -0.0502519981448
943 -0.0502519633324
944 -0.0502519715716
945 -0.0502519905452
946 -0.0502519905452
947 -0.0502519715716
948 -0.0502519633324
949 -0.0502519981448
950 -0.0502518338169
951 0.0502518338169
952 0.0502519981448
953 0.0502519633324
954 0.0502519715716
955 0.0502519905452
956 0.0502519905452
957 0.0502519715716
958 0.0502519633324
959 0.0502519981448
960 0.0502518338169
961 0.150753619261
962 0.150754039992
963 0.150753941167
964 0.150753926349
965 0.150753941898
966 0.150753941898
967 0.150753926349
968 0.150753941167
969 0.150754039992
970 0.150753619261
971 0.251250237323
972 0.251250724528
973 0.25125051741
974 0.251250304205
975 0.251250162366
976 0.251250162366
977 0.251250304205
978 0.25125051741
979 0.251250724528
980 0.251250237323
981 0.351739874483
982 0.35174018063
983 0.351739619328
984 0.351738780428
985 0.351738168135
986 0.351738168135
987 0.351738780428
988 0.351739619328
989 0.35174018063
990 0.351739874483
991 0.452223203177
992 0.452223051159
993 0.452221604219
994 0.45221949586
995 0.452218001141
996 0.452218001141
997 0.45221949586
998 0.452221604219
999 0.452223051159
1000 0.452223203177