1, 1, 9, 513, 107, 44, 117, 603, 368
2, 9, 10, 514, 513, 117, 118, 604, 603
3, 10, 11, 515, 514, 118, 119, 605, 604
4, 11, 12, 516, 515, 119, 120, 606, 605
5, 12, 13, 517, 516, 120, 121, 607, 606
6, 13, 14, 518, 517, 121, 122, 608, 607
7, 14, 15, 519, 518, 122, 123, 609, 608
8, 15, 16, 520, 519, 123, 124, 610, 609
9, 16, 17, 521, 520, 124, 125, 611, 610
10, 17, 2, 45, 521, 125, 18, 198, 611
11, 107, 513, 504, 106, 368, 603, 612, 367
12, 513, 514, 505, 504, 603, 604, 613, 612
13, 514, 515, 506, 505, 604, 605, 614, 613
14, 515, 516, 507, 506, 605, 606, 615, 614
15, 516, 517, 508, 507, 606, 607, 616, 615
16, 517, 518, 509, 508, 607, 608, 617, 616
17, 518, 519, 510, 509, 608, 609, 618, 617
18, 519, 520, 511, 510, 609, 610, 619, 618
19, 520, 521, 512, 511, 610, 611, 620, 619
20, 521, 45, 46, 512, 611, 198, 199, 620
21, 106, 504, 495, 105, 367, 612, 621, 366
22, 504, 505, 496, 495, 612, 613, 622, 621
23, 505, 506, 497, 496, 613, 614, 623, 622
24, 506, 507, 498, 497, 614, 615, 624, 623
25, 507, 508, 499, 498, 615, 616, 625, 624
26, 508, 509, 500, 499, 616, 617, 626, 625
27, 509, 510, 501, 500, 617, 618, 627, 626
28, 510, 511, 502, 501, 618, 619, 628, 627
29, 511, 512, 503, 502, 619, 620, 629, 628
30, 512, 46, 47, 503, 620, 199, 200, 629
31, 105, 495, 486, 104, 366, 621, 630, 365
32, 495, 496, 487, 486, 621, 622, 631, 630
33, 496, 497, 488, 487, 622, 623, 632, 631
34, 497, 498, 489, 488, 623, 624, 633, 632
35, 498, 499, 490, 489, 624, 625, 634, 633
36, 499, 500, 491, 490, 625, 626, 635, 634
37, 500, 501, 492, 491, 626, 627, 636, 635
38, 501, 502, 493, 492, 627, 628, 637, 636
39, 502, 503, 494, 493, 628, 629, 638, 637
40, 503, 47, 48, 494, 629, 200, 201, 638
41, 104, 486, 477, 103, 365, 630, 639, 364
42, 486, 487, 478, 477, 630, 631, 640, 639
43, 487, 488, 479, 478, 631, 632, 641, 640
44, 488, 489, 480, 479, 632, 633, 642, 641
45, 489, 490, 481, 480, 633, 634, 643, 642
46, 490, 491, 482, 481, 634, 635, 644, 643
47, 491, 492, 483, 482, 635, 636, 645, 644
48, 492, 493, 484, 483, 636, 637, 646, 645
49, 493, 494, 485, 484, 637, 638, 647, 646
50, 494, 48, 49, 485, 638, 201, 202, 647
51, 103, 477, 468, 102, 364, 639, 648, 363
52, 477, 478, 469, 468, 639, 640, 649, 648
53, 478, 479, 470, 469, 640, 641, 650, 649
54, 479, 480, 471, 470, 641, 642, 651, 650
55, 480, 481, 472, 471, 642, 643, 652, 651
56, 481, 482, 473, 472, 643, 644, 653, 652
57, 482, 483, 474, 473, 644, 645, 654, 653
58, 483, 484, 475, 474, 645, 646, 655, 654
59, 484, 485, 476, 475, 646, 647, 656, 655
60, 485, 49, 50, 476, 647, 202, 203, 656
61, 102, 468, 459, 101, 363, 648, 657, 362
62, 468, 469, 460, 459, 648, 649, 658, 657
63, 469, 470, 461, 460, 649, 650, 659, 658
64, 470, 471, 462, 461, 650, 651, 660, 659
65, 471, 472, 463, 462, 651, 652, 661, 660
66, 472, 473, 464, 463, 652, 653, 662, 661
67, 473, 474, 465, 464, 653, 654, 663, 662
68, 474, 475, 466, 465, 654, 655, 664, 663
69, 475, 476, 467, 466, 655, 656, 665, 664
70, 476, 50, 51, 467, 656, 203, 204, 665
71, 101, 459, 450, 100, 362, 657, 666, 361
72, 459, 460, 451, 450, 657, 658, 667, 666
73, 460, 461, 452, 451, 658, 659, 668, 667
74, 461, 462, 453, 452, 659, 660, 669, 668
75, 462, 463, 454, 453, 660, 661, 670, 669
76, 463, 464, 455, 454, 661, 662, 671, 670
77, 464, 465, 456, 455, 662, 663, 672, 671
78, 465, 466, 457, 456, 663, 664, 673, 672
79, 466, 467, 458, 457, 664, 665, 674, 673
80, 467, 51, 52, 458, 665, 204, 205, 674
81, 100, 450, 441, 99, 361, 666, 675, 360
82, 450, 451, 442, 441, 666, 667, 676, 675
83, 451, 452, 443, 442, 667, 668, 677, 676
84, 452, 453, 444, 443, 668, 669, 678, 677
85, 453, 454, 445, 444, 669, 670, 679, 678
86, 454, 455, 446, 445, 670, 671, 680, 679
87, 455, 456, 447, 446, 671, 672, 681, 680
88, 456, 457, 448, 447, 672, 673, 682, 681
89, 457, 458, 449, 448, 673, 674, 683, 682
90, 458, 52, 53, 449, 674, 205, 206, 683
91, 99, 441, 80, 4, 360, 675, 287, 81
92, 441, 442, 79, 80, 675, 676, 286, 287
93, 442, 443, 78, 79, 676, 677, 285, 286
94, 443, 444, 77, 78, 677, 678, 284, 285
95, 444, 445, 76, 77, 678, 679, 283, 284
96, 445, 446, 75, 76, 679, 680, 282, 283
97, 446, 447, 74, 75, 680, 681, 281, 282
98, 447, 448, 73, 74, 681, 682, 280, 281
99, 448, 449, 72, 73, 682, 683, 279, 280
100, 449, 53, 3, 72, 683, 206, 54, 279
101, 44, 117, 603, 368, 43, 126, 684, 377
102, 117, 118, 604, 603, 126, 127, 685, 684
103, 118, 119, 605, 604, 127, 128, 686, 685
104, 119, 120, 606, 605, 128, 129, 687, 686
105, 120, 121, 607, 606, 129, 130, 688, 687
106, 121, 122, 608, 607, 130, 131, 689, 688
107, 122, 123, 609, 608, 131, 132, 690, 689
108, 123, 124, 610, 609, 132, 133, 691, 690
109, 124, 125, 611, 610, 133, 134, 692, 691
110, 125, 18, 198, 611, 134, 19, 207, 692
111, 368, 603, 612, 367, 377, 684, 693, 376
112, 603, 604, 613, 612, 684, 685, 694, 693
113, 604, 605, 614, 613, 685, 686, 695, 694
114, 605, 606, 615, 614, 686, 687, 696, 695
115, 606, 607, 616, 615, 687, 688, 697, 696
116, 607, 608, 617, 616, 688, 689, 698, 697
117, 608, 609, 618, 617, 689, 690, 699, 698
118, 609, 610, 619, 618, 690, 691, 700, 699
119, 610, 611, 620, 619, 691, 692, 701, 700
120, 611, 198, 199, 620, 692, 207, 208, 701
121, 367, 612, 621, 366, 376, 693, 702, 375
122, 612, 613, 622, 621, 693, 694, 703, 702
123, 613, 614, 623, 622, 694, 695, 704, 703
124, 614, 615, 624, 623, 695, 696, 705, 704
125, 615, 616, 625, 624, 696, 697, 706, 705
126, 616, 617, 626, 625, 697, 698, 707, 706
127, 617, 618, 627, 626, 698, 699, 708, 707
128, 618, 619, 628, 627, 699, 700, 709, 708
129, 619, 620, 629, 628, 700, 701, 710, 709
130, 620, 199, 200, 629, 701, 208, 209, 710
131, 366, 621, 630, 365, 375, 702, 711, 374
132, 621, 622, 631, 630, 702, 703, 712, 711
133, 622, 623, 632, 631, 703, 704, 713, 712
134, 623, 624, 633, 632, 704, 705, 714, 713
135, 624, 625, 634, 633, 705, 706, 715, 714
136, 625, 626, 635, 634, 706, 707, 716, 715
137, 626, 627, 636, 635, 707, 708, 717, 716
138, 627, 628, 637, 636, 708, 709, 718, 717
139, 628, 629, 638, 637, 709, 710, 719, 718
140, 629, 200, 201, 638, 710, 209, 210, 719
141, 365, 630, 639, 364, 374, 711, 720, 373
142, 630, 631, 640, 639, 711, 712, 721, 720
143, 631, 632, 641, 640, 712, 713, 722, 721
144, 632, 633, 642, 641, 713, 714, 723, 722
145, 633, 634, 643, 642, 714, 715, 724, 723
146, 634, 635, 644, 643, 715, 716, 725, 724
147, 635, 636, 645, 644, 716, 717, 726, 725
148, 636, 637, 646, 645, 717, 718, 727, 726
149, 637, 638, 647, 646, 718, 719, 728, 727
150, 638, 201, 202, 647, 719, 210, 211, 728
151, 364, 639, 648, 363, 373, 720, 729, 372
152, 639, 640, 649, 648, 720, 721, 730, 729
153, 640, 641, 650, 649, 721, 722, 731, 730
154, 641, 642, 651, 650, 722, 723, 732, 731
155, 642, 643, 652, 651, 723, 724, 733, 732
156, 643, 644, 653, 652, 724, 725, 734, 733
157, 644, 645, 654, 653, 725, 726, 735, 734
158, 645, 646, 655, 654, 726, 727, 736, 735
159, 646, 647, 656, 655, 727, 728, 737, 736
160, 647, 202, 203, 656, 728, 211, 212, 737
161, 363, 648, 657, 362, 372, 729, 738, 371
162, 648, 649, 658, 657, 729, 730, 739, 738
163, 649, 650, 659, 658, 730, 731, 740, 739
164, 650, 651, 660, 659, 731, 732, 741, 740
165, 651, 652, 661, 660, 732, 733, 742, 741
166, 652, 653, 662, 661, 733, 734, 743, 742
167, 653, 654, 663, 662, 734, 735, 744, 743
168, 654, 655, 664, 663, 735, 736, 745, 744
169, 655, 656, 665, 664, 736, 737, 746, 745
170, 656, 203, 204, 665, 737, 212, 213, 746
171, 362, 657, 666, 361, 371, 738, 747, 370
172, 657, 658, 667, 666, 738, 739, 748, 747
173, 658, 659, 668, 667, 739, 740, 749, 748
174, 659, 660, 669, 668, 740, 741, 750, 749
175, 660, 661, 670, 669, 741, 742, 751, 750
176, 661, 662, 671, 670, 742, 743, 752, 751
177, 662, 663, 672, 671, 743, 744, 753, 752
178, 663, 664, 673, 672, 744, 745, 754, 753
179, 664, 665, 674, 673, 745, 746, 755, 754
180, 665, 204, 205, 674, 746, 213, 214, 755
181, 361, 666, 675, 360, 370, 747, 756, 369
182, 666, 667, 676, 675, 747, 748, 757, 756
183, 667, 668, 677, 676, 748, 749, 758, 757
184, 668, 669, 678, 677, 749, 750, 759, 758
185, 669, 670, 679, 678, 750, 751, 760, 759
186, 670, 671, 680, 679, 751, 752, 761, 760
187, 671, 672, 681, 680, 752, 753, 762, 761
188, 672, 673, 682, 681, 753, 754, 763, 762
189, 673, 674, 683, 682, 754, 755, 764, 763
190, 674, 205, 206, 683, 755, 214, 215, 764
191, 360, 675, 287, 81, 369, 756, 296, 82
192, 675, 676, 286, 287, 756, 757, 295, 296
193, 676, 677, 285, 286, 757, 758, 294, 295
194, 677, 678, 284, 285, 758, 759, 293, 294
195, 678, 679, 283, 284, 759, 760, 292, 293
196, 679, 680, 282, 283, 760, 761, 291, 292
197, 680, 681, 281, 282, 761, 762, 290, 291
198, 681, 682, 280, 281, 762, 763, 289, 290
199, 682, 683, 279, 280, 763, 764, 288, 289
200, 683, 206, 54, 279, 764, 215, 55, 288
201, 43, 126, 684, 377, 42, 135, 765, 386
202, 126, 127, 685, 684, 135, 136, 766, 765
203, 127, 128, 686, 685, 136, 137, 767, 766
204, 128, 129, 687, 686, 137, 138, 768, 767
205, 129, 130, 688, 687, 138, 139, 769, 768
206, 130, 131, 689, 688, 139, 140, 770, 769
207, 131, 132, 690, 689, 140, 141, 771, 770
208, 132, 133, 691, 690, 141, 142, 772, 771
209, 133, 134, 692, 691, 142, 143, 773, 772
210, 134, 19, 207, 692, 143, 20, 216, 773
211, 377, 684, 693, 376, 386, 765, 774, 385
212, 684, 685, 694, 693, 765, 766, 775, 774
213, 685, 686, 695, 694, 766, 767, 776, 775
214, 686, 687, 696, 695, 767, 768, 777, 776
215, 687, 688, 697, 696, 768, 769, 778, 777
216, 688, 689, 698, 697, 769, 770, 779, 778
217, 689, 690, 699, 698, 770, 771, 780, 779
218, 690, 691, 700, 699, 771, 772, 781, 780
219, 691, 692, 701, 700, 772, 773, 782, 781
220, 692, 207, 208, 701, 773, 216, 217, 782
221, 376, 693, 702, 375, 385, 774, 783, 384
222, 693, 694, 703, 702, 774, 775, 784, 783
223, 694, 695, 704, 703, 775, 776, 785, 784
224, 695, 696, 705, 704, 776, 777, 786, 785
225, 696, 697, 706, 705, 777, 778, 787, 786
226, 697, 698, 707, 706, 778, 779, 788, 787
227, 698, 699, 708, 707, 779, 780, 789, 788
228, 699, 700, 709, 708, 780, 781, 790, 789
229, 700, 701, 710, 709, 781, 782, 791, 790
230, 701, 208, 209, 710, 782, 217, 218, 791
231, 375, 702, 711, 374, 384, 783, 792, 383
232, 702, 703, 712, 711, 783, 784, 793, 792
233, 703, 704, 713, 712, 784, 785, 794, 793
234, 704, 705, 714, 713, 785, 786, 795, 794
235, 705, 706, 715, 714, 786, 787, 796, 795
236, 706, 707, 716, 715, 787, 788, 797, 796
237, 707, 708, 717, 716, 788, 789, 798, 797
238, 708, 709, 718, 717, 789, 790, 799, 798
239, 709, 710, 719, 718, 790, 791, 800, 799
240, 710, 209, 210, 719, 791, 218, 219, 800
241, 374, 711, 720, 373, 383, 792, 801, 382
242, 711, 712, 721, 720, 792, 793, 802, 801
243, 712, 713, 722, 721, 793, 794, 803, 802
244, 713, 714, 723, 722, 794, 795, 804, 803
245, 714, 715, 724, 723, 795, 796, 805, 804
246, 715, 716, 725, 724, 796, 797, 806, 805
247, 716, 717, 726, 725, 797, 798, 807, 806
248, 717, 718, 727, 726, 798, 799, 808, 807
249, 718, 719, 728, 727, 799, 800, 809, 808
250, 719, 210, 211, 728, 800, 219, 220, 809
251, 373, 720, 729, 372, 382, 801, 810, 381
252, 720, 721, 730, 729, 801, 802, 811, 810
253, 721, 722, 731, 730, 802, 803, 812, 811
254, 722, 723, 732, 731, 803, 804, 813, 812
255, 723, 724, 733, 732, 804, 805, 814, 813
256, 724, 725, 734, 733, 805, 806, 815, 814
257, 725, 726, 735, 734, 806, 807, 816, 815
258, 726, 727, 736, 735, 807, 808, 817, 816
259, 727, 728, 737, 736, 808, 809, 818, 817
260, 728, 211, 212, 737, 809, 220, 221, 818
261, 372, 729, 738, 371, 381, 810, 819, 380
262, 729, 730, 739, 738, 810, 811, 820, 819
263, 730, 731, 740, 739, 811, 812, 821, 820
264, 731, 732, 741, 740, 812, 813, 822, 821
265, 732, 733, 742, 741, 813, 814, 823, 822
266, 733, 734, 743, 742, 814, 815, 824, 823
267, 734, 735, 744, 743, 815, 816, 825, 824
268, 735, 736, 745, 744, 816, 817, 826, 825
269, 736, 737, 746, 745, 817, 818, 827, 826
270, 737, 212, 213, 746, 818, 221, 222, 827
271, 371, 738, 747, 370, 380, 819, 828, 379
272, 738, 739, 748, 747, 819, 820, 829, 828
273, 739, 740, 749, 748, 820, 821, 830, 829
274, 740, 741, 750, 749, 821, 822, 831, 830
275, 741, 742, 751, 750, 822, 823, 832, 831
276, 742, 743, 752, 751, 823, 824, 833, 832
277, 743, 744, 753, 752, 824, 825, 834, 833
278, 744, 745, 754, 753, 825, 826, 835, 834
279, 745, 746, 755, 754, 826, 827, 836, 835
280, 746, 213, 214, 755, 827, 222, 223, 836
281, 370, 747, 756, 369, 379, 828, 837, 378
282, 747, 748, 757, 756, 828, 829, 838, 837
283, 748, 749, 758, 757, 829, 830, 839, 838
284, 749, 750, 759, 758, 830, 831, 840, 839
285, 750, 751, 760, 759, 831, 832, 841, 840
286, 751, 752, 761, 760, 832, 833, 842, 841
287, 752, 753, 762, 761, 833, 834, 843, 842
288, 753, 754, 763, 762, 834, 835, 844, 843
289, 754, 755, 764, 763, 835, 836, 845, 844
290, 755, 214, 215, 764, 836, 223, 224, 845
291, 369, 756, 296, 82, 378, 837, 305, 83
292, 756, 757, 295, 296, 837, 838, 304, 305
293, 757, 758, 294, 295, 838, 839, 303, 304
294, 758, 759, 293, 294, 839, 840, 302, 303
295, 759, 760, 292, 293, 840, 841, 301, 302
296, 760, 761, 291, 292, 841, 842, 300, 301
297, 761, 762, 290, 291, 842, 843, 299, 300
298, 762, 763, 289, 290, 843, 844, 298, 299
299, 763, 764, 288, 289, 844, 845, 297, 298
300, 764, 215, 55, 288, 845, 224, 56, 297
301, 42, 135, 765, 386, 41, 144, 846, 395
302, 135, 136, 766, 765, 144, 145, 847, 846
303, 136, 137, 767, 766, 145, 146, 848, 847
304, 137, 138, 768, 767, 146, 147, 849, 848
305, 138, 139, 769, 768, 147, 148, 850, 849
306, 139, 140, 770, 769, 148, 149, 851, 850
307, 140, 141, 771, 770, 149, 150, 852, 851
308, 141, 142, 772, 771, 150, 151, 853, 852
309, 142, 143, 773, 772, 151, 152, 854, 853
310, 143, 20, 216, 773, 152, 21, 225, 854
311, 386, 765, 774, 385, 395, 846, 855, 394
312, 765, 766, 775, 774, 846, 847, 856, 855
313, 766, 767, 776, 775, 847, 848, 857, 856
314, 767, 768, 777, 776, 848, 849, 858, 857
315, 768, 769, 778, 777, 849, 850, 859, 858
316, 769, 770, 779, 778, 850, 851, 860, 859
317, 770, 771, 780, 779, 851, 852, 861, 860
318, 771, 772, 781, 780, 852, 853, 862, 861
319, 772, 773, 782, 781, 853, 854, 863, 862
320, 773, 216, 217, 782, 854, 225, 226, 863
321, 385, 774, 783, 384, 394, 855, 864, 393
322, 774, 775, 784, 783, 855, 856, 865, 864
323, 775, 776, 785, 784, 856, 857, 866, 865
324, 776, 777, 786, 785, 857, 858, 867, 866
325, 777, 778, 787, 786, 858, 859, 868, 867
326, 778, 779, 788, 787, 859, 860, 869, 868
327, 779, 780, 789, 788, 860, 861, 870, 869
328, 780, 781, 790, 789, 861, 862, 871, 870
329, 781, 782, 791, 790, 862, 863, 872, 871
330, 782, 217, 218, 791, 863, 226, 227, 872
331, 384, 783, 792, 383, 393, 864, 873, 392
332, 783, 784, 793, 792, 864, 865, 874, 873
333, 784, 785, 794, 793, 865, 866, 875, 874
334, 785, 786, 795, 794, 866, 867, 876, 875
335, 786, 787, 796, 795, 867, 868, 877, 876
336, 787, 788, 797, 796, 868, 869, 878, 877
337, 788, 789, 798, 797, 869, 870, 879, 878
338, 789, 790, 799, 798, 870, 871, 880, 879
339, 790, 791, 800, 799, 871, 872, 881, 880
340, 791, 218, 219, 800, 872, 227, 228, 881
341, 383, 792, 801, 382, 392, 873, 882, 391
342, 792, 793, 802, 801, 873, 874, 883, 882
343, 793, 794, 803, 802, 874, 875, 884, 883
344, 794, 795, 804, 803, 875, 876, 885, 884
345, 795, 796, 805, 804, 876, 877, 886, 885
346, 796, 797, 806, 805, 877, 878, 887, 886
347, 797, 798, 807, 806, 878, 879, 888, 887
348, 798, 799, 808, 807, 879, 880, 889, 888
349, 799, 800, 809, 808, 880, 881, 890, 889
350, 800, 219, 220, 809, 881, 228, 229, 890
351, 382, 801, 810, 381, 391, 882, 891, 390
352, 801, 802, 811, 810, 882, 883, 892, 891
353, 802, 803, 812, 811, 883, 884, 893, 892
354, 803, 804, 813, 812, 884, 885, 894, 893
355, 804, 805, 814, 813, 885, 886, 895, 894
356, 805, 806, 815, 814, 886, 887, 896, 895
357, 806, 807, 816, 815, 887, 888, 897, 896
358, 807, 808, 817, 816, 888, 889, 898, 897
359, 808, 809, 818, 817, 889, 890, 899, 898
360, 809, 220, 221, 818, 890, 229, 230, 899
361, 381, 810, 819, 380, 390, 891, 900, 389
362, 810, 811, 820, 819, 891, 892, 901, 900
363, 811, 812, 821, 820, 892, 893, 902, 901
364, 812, 813, 822, 821, 893, 894, 903, 902
365, 813, 814, 823, 822, 894, 895, 904, 903
366, 814, 815, 824, 823, 895, 896, 905, 904
367, 815, 816, 825, 824, 896, 897, 906, 905
368, 816, 817, 826, 825, 897, 898, 907, 906
369, 817, 818, 827, 826, 898, 899, 908, 907
370, 818, 221, 222, 827, 899, 230, 231, 908
371, 380, 819, 828, 379, 389, 900, 909, 388
372, 819, 820, 829, 828, 900, 901, 910, 909
373, 820, 821, 830, 829, 901, 902, 911, 910
374, 821, 822, 831, 830, 902, 903, 912, 911
375, 822, 823, 832, 831, 903, 904, 913, 912
376, 823, 824, 833, 832, 904, 905, 914, 913
377, 824, 825, 834, 833, 905, 906, 915, 914
378, 825, 826, 835, 834, 906, 907, 916, 915
379, 826, 827, 836, 835, 907, 908, 917, 916
380, 827, 222, 223, 836, 908, 231, 232, 917
381, 379, 828, 837, 378, 388, 909, 918, 387
382, 828, 829, 838, 837, 909, 910, 919, 918
383, 829, 830, 839, 838, 910, 911, 920, 919
384, 830, 831, 840, 839, 911, 912, 921, 920
385, 831, 832, 841, 840, 912, 913, 922, 921
386, 832, 833, 842, 841, 913, 914, 923, 922
387, 833, 834, 843, 842, 914, 915, 924, 923
388, 834, 835, 844, 843, 915, 916, 925, 924
389, 835, 836, 845, 844, 916, 917, 926, 925
390, 836, 223, 224, 845, 917, 232, 233, 926
391, 378, 837, 305, 83, 387, 918, 314, 84
392, 837, 838, 304, 305, 918, 919, 313, 314
393, 838, 839, 303, 304, 919, 920, 312, 313
394, 839, 840, 302, 303, 920, 921, 311, 312
395, 840, 841, 301, 302, 921, 922, 310, 311
396, 841, 842, 300, 301, 922, 923, 309, 310
397, 842, 843, 299, 300, 923, 924, 308, 309
398, 843, 844, 298, 299, 924, 925, 307, 308
399, 844, 845, 297, 298, 925, 926, 306, 307
400, 845, 224, 56, 297, 926, 233, 57, 306
401, 41, 144, 846, 395, 40, 153, 927, 404
402, 144, 145, 847, 846, 153, 154, 928, 927
403, 145, 146, 848, 847, 154, 155, 929, 928
404, 146, 147, 849, 848, 155, 156, 930, 929
405, 147, 148, 850, 849, 156, 157, 931, 930
406, 148, 149, 851, 850, 157, 158, 932, 931
407, 149, 150, 852, 851, 158, 159, 933, 932
408, 150, 151, 853, 852, 159, 160, 934, 933
409, 151, 152, 854, 853, 160, 161, 935, 934
410, 152, 21, 225, 854, 161, 22, 234, 935
411, 395, 846, 855, 394, 404, 927, 936, 403
412, 846, 847, 856, 855, 927, 928, 937, 936
413, 847, 848, 857, 856, 928, 929, 938, 937
414, 848, 849, 858, 857, 929, 930, 939, 938
415, 849, 850, 859, 858, 930, 931, 940, 939
416, 850, 851, 860, 859, 931, 932, 941, 940
417, 851, 852, 861, 860, 932, 933, 942, 941
418, 852, 853, 862, 861, 933, 934, 943, 942
419, 853, 854, 863, 862, 934, 935, 944, 943
420, 854, 225, 226, 863, 935, 234, 235, 944
421, 394, 855, 864, 393, 403, 936, 945, 402
422, 855, 856, 865, 864, 936, 937, 946, 945
423, 856, 857, 866, 865, 937, 938, 947, 946
424, 857, 858, 867, 866, 938, 939, 948, 947
425, 858, 859, 868, 867, 939, 940, 949, 948
426, 859, 860, 869, 868, 940, 941, 950, 949
427, 860, 861, 870, 869, 941, 942, 951, 950
428, 861, 862, 871, 870, 942, 943, 952, 951
429, 862, 863, 872, 871, 943, 944, 953, 952
430, 863, 226, 227, 872, 944, 235, 236, 953
431, 393, 864, 873, 392, 402, 945, 954, 401
432, 864, 865, 874, 873, 945, 946, 955, 954
433, 865, 866, 875, 874, 946, 947, 956, 955
434, 866, 867, 876, 875, 947, 948, 957, 956
435, 867, 868, 877, 876, 948, 949, 958, 957
436, 868, 869, 878, 877, 949, 950, 959, 958
437, 869, 870, 879, 878, 950, 951, 960, 959
438, 870, 871, 880, 879, 951, 952, 961, 960
439, 871, 872, 881, 880, 952, 953, 962, 961
440, 872, 227, 228, 881, 953, 236, 237, 962
441, 392, 873, 882, 391, 401, 954, 963, 400
442, 873, 874, 883, 882, 954, 955, 964, 963
443, 874, 875, 884, 883, 955, 956, 965, 964
444, 875, 876, 885, 884, 956, 957, 966, 965
445, 876, 877, 886, 885, 957, 958, 967, 966
446, 877, 878, 887, 886, 958, 959, 968, 967
447, 878, 879, 888, 887, 959, 960, 969, 968
448, 879, 880, 889, 888, 960, 961, 970, 969
449, 880, 881, 890, 889, 961, 962, 971, 970
450, 881, 228, 229, 890, 962, 237, 238, 971
451, 391, 882, 891, 390, 400, 963, 972, 399
452, 882, 883, 892, 891, 963, 964, 973, 972
453, 883, 884, 893, 892, 964, 965, 974, 973
454, 884, 885, 894, 893, 965, 966, 975, 974
455, 885, 886, 895, 894, 966, 967, 976, 975
456, 886, 887, 896, 895, 967, 968, 977, 976
457, 887, 888, 897, 896, 968, 969, 978, 977
458, 888, 889, 898, 897, 969, 970, 979, 978
459, 889, 890, 899, 898, 970, 971, 980, 979
460, 890, 229, 230, 899, 971, 238, 239, 980
461, 390, 891, 900, 389, 399, 972, 981, 398
462, 891, 892, 901, 900, 972, 973, 982, 981
463, 892, 893, 902, 901, 973, 974, 983, 982
464, 893, 894, 903, 902, 974, 975, 984, 983
465, 894, 895, 904, 903, 975, 976, 985, 984
466, 895, 896, 905, 904, 976, 977, 986, 985
467, 896, 897, 906, 905, 977, 978, 987, 986
468, 897, 898, 907, 906, 978, 979, 988, 987
469, 898, 899, 908, 907, 979, 980, 989, 988
470, 899, 230, 231, 908, 980, 239, 240, 989
471, 389, 900, 909, 388, 398, 981, 990, 397
472, 900, 901, 910, 909, 981, 982, 991, 990
473, 901, 902, 911, 910, 982, 983, 992, 991
474, 902, 903, 912, 911, 983, 984, 993, 992
475, 903, 904, 913, 912, 984, 985, 994, 993
476, 904, 905, 914, 913, 985, 986, 995, 994
477, 905, 906, 915, 914, 986, 987, 996, 995
478, 906, 907, 916, 915, 987, 988, 997, 996
479, 907, 908, 917, 916, 988, 989, 998, 997
480, 908, 231, 232, 917, 989, 240, 241, 998
481, 388, 909, 918, 387, 397, 990, 999, 396
482, 909, 910, 919, 918, 990, 991, 1000, 999
483, 910, 911, 920, 919, 991, 992, 1001, 1000
484, 911, 912, 921, 920, 992, 993, 1002, 1001
485, 912, 913, 922, 921, 993, 994, 1003, 1002
486, 913, 914, 923, 922, 994, 995, 1004, 1003
487, 914, 915, 924, 923, 995, 996, 1005, 1004
488, 915, 916, 925, 924, 996, 997, 1006, 1005
489, 916, 917, 926, 925, 997, 998, 1007, 1006
490, 917, 232, 233, 926, 998, 241, 242, 1007
491, 387, 918, 314, 84, 396, 999, 323, 85
492, 918, 919, 313, 314, 999, 1000, 322, 323
493, 919, 920, 312, 313, 1000, 1001, 321, 322
494, 920, 921, 311, 312, 1001, 1002, 320, 321
495, 921, 922, 310, 311, 1002, 1003, 319, 320
496, 922, 923, 309, 310, 1003, 1004, 318, 319
497, 923, 924, 308, 309, 1004, 1005, 317, 318
498, 924, 925, 307, 308, 1005, 1006, 316, 317
499, 925, 926, 306, 307, 1006, 1007, 315, 316
500, 926, 233, 57, 306, 1007, 242, 58, 315
501, 40, 153, 927, 404, 39, 162, 1008, 413
502, 153, 154, 928, 927, 162, 163, 1009, 1008
503, 154, 155, 929, 928, 163, 164, 1010, 1009
504, 155, 156, 930, 929, 164, 165, 1011, 1010
505, 156, 157, 931, 930, 165, 166, 1012, 1011
506, 157, 158, 932, 931, 166, 167, 1013, 1012
507, 158, 159, 933, 932, 167, 168, 1014, 1013
508, 159, 160, 934, 933, 168, 169, 1015, 1014
509, 160, 161, 935, 934, 169, 170, 1016, 1015
510, 161, 22, 234, 935, 170, 23, 243, 1016
511, 404, 927, 936, 403, 413, 1008, 1017, 412
512, 927, 928, 937, 936, 1008, 1009, 1018, 1017
513, 928, 929, 938, 937, 1009, 1010, 1019, 1018
514, 929, 930, 939, 938, 1010, 1011, 1020, 1019
515, 930, 931, 940, 939, 1011, 1012, 1021, 1020
516, 931, 932, 941, 940, 1012, 1013, 1022, 1021
517, 932, 933, 942, 941, 1013, 1014, 1023, 1022
518, 933, 934, 943, 942, 1014, 1015, 1024, 1023
519, 934, 935, 944, 943, 1015, 1016, 1025, 1024
520, 935, 234, 235, 944, 1016, 243, 244, 1025
521, 403, 936, 945, 402, 412, 1017, 1026, 411
522, 936, 937, 946, 945, 1017, 1018, 1027, 1026
523, 937, 938, 947, 946, 1018, 1019, 1028, 1027
524, 938, 939, 948, 947, 1019, 1020, 1029, 1028
525, 939, 940, 949, 948, 1020, 1021, 1030, 1029
526, 940, 941, 950, 949, 1021, 1022, 1031, 1030
527, 941, 942, 951, 950, 1022, 1023, 1032, 1031
528, 942, 943, 952, 951, 1023, 1024, 1033, 1032
529, 943, 944, 953, 952, 1024, 1025, 1034, 1033
530, 944, 235, 236, 953, 1025, 244, 245, 1034
531, 402, 945, 954, 401, 411, 1026, 1035, 410
532, 945, 946, 955, 954, 1026, 1027, 1036, 1035
533, 946, 947, 956, 955, 1027, 1028, 1037, 1036
534, 947, 948, 957, 956, 1028, 1029, 1038, 1037
535, 948, 949, 958, 957, 1029, 1030, 1039, 1038
536, 949, 950, 959, 958, 1030, 1031, 1040, 1039
537, 950, 951, 960, 959, 1031, 1032, 1041, 1040
538, 951, 952, 961, 960, 1032, 1033, 1042, 1041
539, 952, 953, 962, 961, 1033, 1034, 1043, 1042
540, 953, 236, 237, 962, 1034, 245, 246, 1043
541, 401, 954, 963, 400, 410, 1035, 1044, 409
542, 954, 955, 964, 963, 1035, 1036, 1045, 1044
543, 955, 956, 965, 964, 1036, 1037, 1046, 1045
544, 956, 957, 966, 965, 1037, 1038, 1047, 1046
545, 957, 958, 967, 966, 1038, 1039, 1048, 1047
546, 958, 959, 968, 967, 1039, 1040, 1049, 1048
547, 959, 960, 969, 968, 1040, 1041, 1050, 1049
548, 960, 961, 970, 969, 1041, 1042, 1051, 1050
549, 961, 962, 971, 970, 1042, 1043, 1052, 1051
550, 962, 237, 238, 971, 1043, 246, 247, 1052
551, 400, 963, 972, 399, 409, 1044, 1053, 408
552, 963, 964, 973, 972, 1044, 1045, 1054, 1053
553, 964, 965, 974, 973, 1045, 1046, 1055, 1054
554, 965, 966, 975, 974, 1046, 1047, 1056, 1055
555, 966, 967, 976, 975, 1047, 1048, 1057, 1056
556, 967, 968, 977, 976, 1048, 1049, 1058, 1057
557, 968, 969, 978, 977, 1049, 1050, 1059, 1058
558, 969, 970, 979, 978, 1050, 1051, 1060, 1059
559, 970, 971, 980, 979, 1051, 1052, 1061, 1060
560, 971, 238, 239, 980, 1052, 247, 248, 1061
561, 399, 972, 981, 398, 408, 1053, 1062, 407
562, 972, 973, 982, 981, 1053, 1054, 1063, 1062
563, 973, 974, 983, 982, 1054, 1055, 1064, 1063
564, 974, 975, 984, 983, 1055, 1056, 1065, 1064
565, 975, 976, 985, 984, 1056, 1057, 1066, 1065
566, 976, 977, 986, 985, 1057, 1058, 1067, 1066
567, 977, 978, 987, 986, 1058, 1059, 1068, 1067
568, 978, 979, 988, 987, 1059, 1060, 1069, 1068
569, 979, 980, 989, 988, 1060, 1061, 1070, 1069
570, 980, 239, 240, 989, 1061, 248, 249, 1070
571, 398, 981, 990, 397, 407, 1062, 1071, 406
572, 981, 982, 991, 990, 1062, 1063, 1072, 1071
573, 982, 983, 992, 991, 1063, 1064, 1073, 1072
574, 983, 984, 993, 992, 1064, 1065, 1074, 1073
575, 984, 985, 994, 993, 1065, 1066, 1075, 1074
576, 985, 986, 995, 994, 1066, 1067, 1076, 1075
577, 986, 987, 996, 995, 1067, 1068, 1077, 1076
578, 987, 988, 997, 996, 1068, 1069, 1078, 1077
579, 988, 989, 998, 997, 1069, 1070, 1079, 1078
580, 989, 240, 241, 998, 1070, 249, 250, 1079
581, 397, 990, 999, 396, 406, 1071, 1080, 405
582, 990, 991, 1000, 999, 1071, 1072, 1081, 1080
583, 991, 992, 1001, 1000, 1072, 1073, 1082, 1081
584, 992, 993, 1002, 1001, 1073, 1074, 1083, 1082
585, 993, 994, 1003, 1002, 1074, 1075, 1084, 1083
586, 994, 995, 1004, 1003, 1075, 1076, 1085, 1084
587, 995, 996, 1005, 1004, 1076, 1077, 1086, 1085
588, 996, 997, 1006, 1005, 1077, 1078, 1087, 1086
589, 997, 998, 1007, 1006, 1078, 1079, 1088, 1087
590, 998, 241, 242, 1007, 1079, 250, 251, 1088
591, 396, 999, 323, 85, 405, 1080, 332, 86
592, 999, 1000, 322, 323, 1080, 1081, 331, 332
593, 1000, 1001, 321, 322, 1081, 1082, 330, 331
594, 1001, 1002, 320, 321, 1082, 1083, 329, 330
595, 1002, 1003, 319, 320, 1083, 1084, 328, 329
596, 1003, 1004, 318, 319, 1084, 1085, 327, 328
597, 1004, 1005, 317, 318, 1085, 1086, 326, 327
598, 1005, 1006, 316, 317, 1086, 1087, 325, 326
599, 1006, 1007, 315, 316, 1087, 1088, 324, 325
600, 1007, 242, 58, 315, 1088, 251, 59, 324
601, 39, 162, 1008, 413, 38, 171, 1089, 422
602, 162, 163, 1009, 1008, 171, 172, 1090, 1089
603, 163, 164, 1010, 1009, 172, 173, 1091, 1090
604, 164, 165, 1011, 1010, 173, 174, 1092, 1091
605, 165, 166, 1012, 1011, 174, 175, 1093, 1092
606, 166, 167, 1013, 1012, 175, 176, 1094, 1093
607, 167, 168, 1014, 1013, 176, 177, 1095, 1094
608, 168, 169, 1015, 1014, 177, 178, 1096, 1095
609, 169, 170, 1016, 1015, 178, 179, 1097, 1096
610, 170, 23, 243, 1016, 179, 24, 252, 1097
611, 413, 1008, 1017, 412, 422, 1089, 1098, 421
612, 1008, 1009, 1018, 1017, 1089, 1090, 1099, 1098
613, 1009, 1010, 1019, 1018, 1090, 1091, 1100, 1099
614, 1010, 1011, 1020, 1019, 1091, 1092, 1101, 1100
615, 1011, 1012, 1021, 1020, 1092, 1093, 1102, 1101
616, 1012, 1013, 1022, 1021, 1093, 1094, 1103, 1102
617, 1013, 1014, 1023, 1022, 1094, 1095, 1104, 1103
618, 1014, 1015, 1024, 1023, 1095, 1096, 1105, 1104
619, 1015, 1016, 1025, 1024, 1096, 1097, 1106, 1105
620, 1016, 243, 244, 1025, 1097, 252, 253, 1106
621, 412, 1017, 1026, 411, 421, 1098, 1107, 420
622, 1017, 1018, 1027, 1026, 1098, 1099, 1108, 1107
623, 1018, 1019, 1028, 1027, 1099, 1100, 1109, 1108
624, 1019, 1020, 1029, 1028, 1100, 1101, 1110, 1109
625, 1020, 1021, 1030, 1029, 1101, 1102, 1111, 1110
626, 1021, 1022, 1031, 1030, 1102, 1103, 1112, 1111
627, 1022, 1023, 1032, 1031, 1103, 1104, 1113, 1112
628, 1023, 1024, 1033, 1032, 1104, 1105, 1114, 1113
629, 1024, 1025, 1034, 1033, 1105, 1106, 1115, 1114
630, 1025, 244, 245, 1034, 1106, 253, 254, 1115
631, 411, 1026, 1035, 410, 420, 1107, 1116, 419
632, 1026, 1027, 1036, 1035, 1107, 1108, 1117, 1116
633, 1027, 1028, 1037, 1036, 1108, 1109, 1118, 1117
634, 1028, 1029, 1038, 1037, 1109, 1110, 1119, 1118
635, 1029, 1030, 1039, 1038, 1110, 1111, 1120, 1119
636, 1030, 1031, 1040, 1039, 1111, 1112, 1121, 1120
637, 1031, 1032, 1041, 1040, 1112, 1113, 1122, 1121
638, 1032, 1033, 1042, 1041, 1113, 1114, 1123, 1122
639, 1033, 1034, 1043, 1042, 1114, 1115, 1124, 1123
640, 1034, 245, 246, 1043, 1115, 254, 255, 1124
641, 410, 1035, 1044, 409, 419, 1116, 1125, 418
642, 1035, 1036, 1045, 1044, 1116, 1117, 1126, 1125
643, 1036, 1037, 1046, 1045, 1117, 1118, 1127, 1126
644, 1037, 1038, 1047, 1046, 1118, 1119, 1128, 1127
645, 1038, 1039, 1048, 1047, 1119, 1120, 1129, 1128
646, 1039, 1040, 1049, 1048, 1120, 1121, 1130, 1129
647, 1040, 1041, 1050, 1049, 1121, 1122, 1131, 1130
648, 1041, 1042, 1051, 1050, 1122, 1123, 1132, 1131
649, 1042, 1043, 1052, 1051, 1123, 1124, 1133, 1132
650, 1043, 246, 247, 1052, 1124, 255, 256, 1133
651, 409, 1044, 1053, 408, 418, 1125, 1134, 417
652, 1044, 1045, 1054, 1053, 1125, 1126, 1135, 1134
653, 1045, 1046, 1055, 1054, 1126, 1127, 1136, 1135
654, 1046, 1047, 1056, 1055, 1127, 1128, 1137, 1136
655, 1047, 1048, 1057, 1056, 1128, 1129, 1138, 1137
656, 1048, 1049, 1058, 1057, 1129, 1130, 1139, 1138
657, 1049, 1050, 1059, 1058, 1130, 1131, 1140, 1139
658, 1050, 1051, 1060, 1059, 1131, 1132, 1141, 1140
659, 1051, 1052, 1061, 1060, 1132, 1133, 1142, 1141
660, 1052, 247, 248, 1061, 1133, 256, 257, 1142
661, 408, 1053, 1062, 407, 417, 1134, 1143, 416
662, 1053, 1054, 1063, 1062, 1134, 1135, 1144, 1143
663, 1054, 1055, 1064, 1063, 1135, 1136, 1145, 1144
664, 1055, 1056, 1065, 1064, 1136, 1137, 1146, 1145
665, 1056, 1057, 1066, 1065, 1137, 1138, 1147, 1146
666, 1057, 1058, 1067, 1066, 1138, 1139, 1148, 1147
667, 1058, 1059, 1068, 1067, 1139, 1140, 1149, 1148
668, 1059, 1060, 1069, 1068, 1140, 1141, 1150, 1149
669, 1060, 1061, 1070, 1069, 1141, 1142, 1151, 1150
670, 1061, 248, 249, 1070, 1142, 257, 258, 1151
671, 407, 1062, 1071, 406, 416, 1143, 1152, 415
672, 1062, 1063, 1072, 1071, 1143, 1144, 1153, 1152
673, 1063, 1064, 1073, 1072, 1144, 1145, 1154, 1153
674, 1064, 1065, 1074, 1073, 1145, 1146, 1155, 1154
675, 1065, 1066, 1075, 1074, 1146, 1147, 1156, 1155
676, 1066, 1067, 1076, 1075, 1147, 1148, 1157, 1156
677, 1067, 1068, 1077, 1076, 1148, 1149, 1158, 1157
678, 1068, 1069, 1078, 1077, 1149, 1150, 1159, 1158
679, 1069, 1070, 1079, 1078, 1150, 1151, 1160, 1159
680, 1070, 249, 250, 1079, 1151, 258, 259, 1160
681, 406, 1071, 1080, 405, 415, 1152, 1161, 414
682, 1071, 1072, 1081, 1080, 1152, 1153, 1162, 1161
683, 1072, 1073, 1082, 1081, 1153, 1154, 1163, 1162
684, 1073, 1074, 1083, 1082, 1154, 1155, 1164, 1163
685, 1074, 1075, 1084, 1083, 1155, 1156, 1165, 1164
686, 1075, 1076, 1085, 1084, 1156, 1157, 1166, 1165
687, 1076, 1077, 1086, 1085, 1157, 1158, 1167, 1166
688, 1077, 1078, 1087, 1086, 1158, 1159, 1168, 1167
689, 1078, 1079, 1088, 1087, 1159, 1160, 1169, 1168
690, 1079, 250, 251, 1088, 1160, 259, 260, 1169
691, 405, 1080, 332, 86, 414, 1161, 341, 87
692, 1080, 1081, 331, 332, 1161, 1162, 340, 341
693, 1081, 1082, 330, 331, 1162, 1163, 339, 340
694, 1082, 1083, 329, 330, 1163, 1164, 338, 339
695, 1083, 1084, 328, 329, 1164, 1165, 337, 338
696, 1084, 1085, 327, 328, 1165, 1166, 336, 337
697, 1085, 1086, 326, 327, 1166, 1167, 335, 336
698, 1086, 1087, 325, 326, 1167, 1168, 334, 335
699, 1087, 1088, 324, 325, 1168, 1169, 333, 334
700, 1088, 251, 59, 324, 1169, 260, 60, 333
701, 38, 171, 1089, 422, 37, 180, 1170, 431
702, 171, 172, 1090, 1089, 180, 181, 1171, 1170
703, 172, 173, 1091, 1090, 181, 182, 1172, 1171
704, 173, 174, 1092, 1091, 182, 183, 1173, 1172
705, 174, 175, 1093, 1092, 183, 184, 1174, 1173
706, 175, 176, 1094, 1093, 184, 185, 1175, 1174
707, 176, 177, 1095, 1094, 185, 186, 1176, 1175
708, 177, 178, 1096, 1095, 186, 187, 1177, 1176
709, 178, 179, 1097, 1096, 187, 188, 1178, 1177
710, 179, 24, 252, 1097, 188, 25, 261, 1178
711, 422, 1089, 1098, 421, 431, 1170, 1179, 430
712, 1089, 1090, 1099, 1098, 1170, 1171, 1180, 1179
713, 1090, 1091, 1100, 1099, 1171, 1172, 1181, 1180
714, 1091, 1092, 1101, 1100, 1172, 1173, 1182, 1181
715, 1092, 1093, 1102, 1101, 1173, 1174, 1183, 1182
716, 1093, 1094, 1103, 1102, 1174, 1175, 1184, 1183
717, 1094, 1095, 1104, 1103, 1175, 1176, 1185, 1184
718, 1095, 1096, 1105, 1104, 1176, 1177, 1186, 1185
719, 1096, 1097, 1106, 1105, 1177, 1178, 1187, 1186
720, 1097, 252, 253, 1106, 1178, 261, 262, 1187
721, 421, 1098, 1107, 420, 430, 1179, 1188, 429
722, 1098, 1099, 1108, 1107, 1179, 1180, 1189, 1188
723, 1099, 1100, 1109, 1108, 1180, 1181, 1190, 1189
724, 1100, 1101, 1110, 1109, 1181, 1182, 1191, 1190
725, 1101, 1102, 1111, 1110, 1182, 1183, 1192, 1191
726, 1102, 1103, 1112, 1111, 1183, 1184, 1193, 1192
727, 1103, 1104, 1113, 1112, 1184, 1185, 1194, 1193
728, 1104, 1105, 1114, 1113, 1185, 1186, 1195, 1194
729, 1105, 1106, 1115, 1114, 1186, 1187, 1196, 1195
730, 1106, 253, 254, 1115, 1187, 262, 263, 1196
731, 420, 1107, 1116, 419, 429, 1188, 1197, 428
732, 1107, 1108, 1117, 1116, 1188, 1189, 1198, 1197
733, 1108, 1109, 1118, 1117, 1189, 1190, 1199, 1198
734, 1109, 1110, 1119, 1118, 1190, 1191, 1200, 1199
735, 1110, 1111, 1120, 1119, 1191, 1192, 1201, 1200
736, 1111, 1112, 1121, 1120, 1192, 1193, 1202, 1201
737, 1112, 1113, 1122, 1121, 1193, 1194, 1203, 1202
738, 1113, 1114, 1123, 1122, 1194, 1195, 1204, 1203
739, 1114, 1115, 1124, 1123, 1195, 1196, 1205, 1204
740, 1115, 254, 255, 1124, 1196, 263, 264, 1205
741, 419, 1116, 1125, 418, 428, 1197, 1206, 427
742, 1116, 1117, 1126, 1125, 1197, 1198, 1207, 1206
743, 1117, 1118, 1127, 1126, 1198, 1199, 1208, 1207
744, 1118, 1119, 1128, 1127, 1199, 1200, 1209, 1208
745, 1119, 1120, 1129, 1128, 1200, 1201, 1210, 1209
746, 1120, 1121, 1130, 1129, 1201, 1202, 1211, 1210
747, 1121, 1122, 1131, 1130, 1202, 1203, 1212, 1211
748, 1122, 1123, 1132, 1131, 1203, 1204, 1213, 1212
749, 1123, 1124, 1133, 1132, 1204, 1205, 1214, 1213
750, 1124, 255, 256, 1133, 1205, 264, 265, 1214
751, 418, 1125, 1134, 417, 427, 1206, 1215, 426
752, 1125, 1126, 1135, 1134, 1206, 1207, 1216, 1215
753, 1126, 1127, 1136, 1135, 1207, 1208, 1217, 1216
754, 1127, 1128, 1137, 1136, 1208, 1209, 1218, 1217
755, 1128, 1129, 1138, 1137, 1209, 1210, 1219, 1218
756, 1129, 1130, 1139, 1138, 1210, 1211, 1220, 1219
757, 1130, 1131, 1140, 1139, 1211, 1212, 1221, 1220
758, 1131, 1132, 1141, 1140, 1212, 1213, 1222, 1221
759, 1132, 1133, 1142, 1141, 1213, 1214, 1223, 1222
760, 1133, 256, 257, 1142, 1214, 265, 266, 1223
761, 417, 1134, 1143, 416, 426, 1215, 1224, 425
762, 1134, 1135, 1144, 1143, 1215, 1216, 1225, 1224
763, 1135, 1136, 1145, 1144, 1216, 1217, 1226, 1225
764, 1136, 1137, 1146, 1145, 1217, 1218, 1227, 1226
765, 1137, 1138, 1147, 1146, 1218, 1219, 1228, 1227
766, 1138, 1139, 1148, 1147, 1219, 1220, 1229, 1228
767, 1139, 1140, 1149, 1148, 1220, 1221, 1230, 1229
768, 1140, 1141, 1150, 1149, 1221, 1222, 1231, 1230
769, 1141, 1142, 1151, 1150, 1222, 1223, 1232, 1231
770, 1142, 257, 258, 1151, 1223, 266, 267, 1232
771, 416, 1143, 1152, 415, 425, 1224, 1233, 424
772, 1143, 1144, 1153, 1152, 1224, 1225, 1234, 1233
773, 1144, 1145, 1154, 1153, 1225, 1226, 1235, 1234
774, 1145, 1146, 1155, 1154, 1226, 1227, 1236, 1235
775, 1146, 1147, 1156, 1155, 1227, 1228, 1237, 1236
776, 1147, 1148, 1157, 1156, 1228, 1229, 1238, 1237
777, 1148, 1149, 1158, 1157, 1229, 1230, 1239, 1238
778, 1149, 1150, 1159, 1158, 1230, 1231, 1240, 1239
779, 1150, 1151, 1160, 1159, 1231, 1232, 1241, 1240
780, 1151, 258, 259, 1160, 1232, 267, 268, 1241
781, 415, 1152, 1161, 414, 424, 1233, 1242, 423
782, 1152, 1153, 1162, 1161, 1233, 1234, 1243, 1242
783, 1153, 1154, 1163, 1162, 1234, 1235, 1244, 1243
784, 1154, 1155, 1164, 1163, 1235, 1236, 1245, 1244
785, 1155, 1156, 1165, 1164, 1236, 1237, 1246, 1245
786, 1156, 1157, 1166, 1165, 1237, 1238, 1247, 1246
787, 1157, 1158, 1167, 1166, 1238, 1239, 1248, 1247
788, 1158, 1159, 1168, 1167, 1239, 1240, 1249, 1248
789, 1159, 1160, 1169, 1168, 1240, 1241, 1250, 1249
790, 1160, 259, 260, 1169, 1241, 268, 269, 1250
791, 414, 1161, 341, 87, 423, 1242, 350, 88
792, 1161, 1162, 340, 341, 1242, 1243, 349, 350
793, 1162, 1163, 339, 340, 1243, 1244, 348, 349
794, 1163, 1164, 338, 339, 1244, 1245, 347, 348
795, 1164, 1165, 337, 338, 1245, 1246, 346, 347
796, 1165, 1166, 336, 337, 1246, 1247, 345, 346
797, 1166, 1167, 335, 336, 1247, 1248, 344, 345
798, 1167, 1168, 334, 335, 1248, 1249, 343, 344
799, 1168, 1169, 333, 334, 1249, 1250, 342, 343
800, 1169, 260, 60, 333, 1250, 269, 61, 342
801, 37, 180, 1170, 431, 36, 189, 1251, 440
802, 180, 181, 1171, 1170, 189, 190, 1252, 1251
803, 181, 182, 1172, 1171, 190, 191, 1253, 1252
804, 182, 183, 1173, 1172, 191, 192, 1254, 1253
805, 183, 184, 1174, 1173, 192, 193, 1255, 1254
806, 184, 185, 1175, 1174, 193, 194, 1256, 1255
807, 185, 186, 1176, 1175, 194, 195, 1257, 1256
808, 186, 187, 1177, 1176, 195, 196, 1258, 1257
809, 187, 188, 1178, 1177, 196, 197, 1259, 1258
810, 188, 25, 261, 1178, 197, 26, 270, 1259
811, 431, 1170, 1179, 430, 440, 1251, 1260, 439
812, 1170, 1171, 1180, 1179, 1251, 1252, 1261, 1260
813, 1171, 1172, 1181, 1180, 1252, 1253, 1262, 1261
814, 1172, 1173, 1182, 1181, 1253, 1254, 1263, 1262
815, 1173, 1174, 1183, 1182, 1254, 1255, 1264, 1263
816, 1174, 1175, 1184, 1183, 1255, 1256, 1265, 1264
817, 1175, 1176, 1185, 1184, 1256, 1257, 1266, 1265
818, 1176, 1177, 1186, 1185, 1257, 1258, 1267, 1266
819, 1177, 1178, 1187, 1186, 1258, 1259, 1268, 1267
820, 1178, 261, 262, 1187, 1259, 270, 271, 1268
821, 430, 1179, 1188, 429, 439, 1260, 1269, 438
822, 1179, 1180, 1189, 1188, 1260, 1261, 1270, 1269
823, 1180, 1181, 1190, 1189, 1261, 1262, 1271, 1270
824, 1181, 1182, 1191, 1190, 1262, 1263, 1272, 1271
825, 1182, 1183, 1192, 1191, 1263, 1264, 1273, 1272
826, 1183, 1184, 1193, 1192, 1264, 1265, 1274, 1273
827, 1184, 1185, 1194, 1193, 1265, 1266, 1275, 1274
828, 1185, 1186, 1195, 1194, 1266, 1267, 1276, 1275
829, 1186, 1187, 1196, 1195, 1267, 1268, 1277, 1276
830, 1187, 262, 263, 1196, 1268, 271, 272, 1277
831, 429, 1188, 1197, 428, 438, 1269, 1278, 437
832, 1188, 1189, 1198, 1197, 1269, 1270, 1279, 1278
833, 1189, 1190, 1199, 1198, 1270, 1271, 1280, 1279
834, 1190, 1191, 1200, 1199, 1271, 1272, 1281, 1280
835, 1191, 1192, 1201, 1200, 1272, 1273, 1282, 1281
836, 1192, 1193, 1202, 1201, 1273, 1274, 1283, 1282
837, 1193, 1194, 1203, 1202, 1274, 1275, 1284, 1283
838, 1194, 1195, 1204, 1203, 1275, 1276, 1285, 1284
839, 1195, 1196, 1205, 1204, 1276, 1277, 1286, 1285
840, 1196, 263, 264, 1205, 1277, 272, 273, 1286
841, 428, 1197, 1206, 427, 437, 1278, 1287, 436
842, 1197, 1198, 1207, 1206, 1278, 1279, 1288, 1287
843, 1198, 1199, 1208, 1207, 1279, 1280, 1289, 1288
844, 1199, 1200, 1209, 1208, 1280, 1281, 1290, 1289
845, 1200, 1201, 1210, 1209, 1281, 1282, 1291, 1290
846, 1201, 1202, 1211, 1210, 1282, 1283, 1292, 1291
847, 1202, 1203, 1212, 1211, 1283, 1284, 1293, 1292
848, 1203, 1204, 1213, 1212, 1284, 1285, 1294, 1293
849, 1204, 1205, 1214, 1213, 1285, 1286, 1295, 1294
850, 1205, 264, 265, 1214, 1286, 273, 274, 1295
851, 427, 1206, 1215, 426, 436, 1287, 1296, 435
852, 1206, 1207, 1216, 1215, 1287, 1288, 1297, 1296
853, 1207, 1208, 1217, 1216, 1288, 1289, 1298, 1297
854, 1208, 1209, 1218, 1217, 1289, 1290, 1299, 1298
855, 1209, 1210, 1219, 1218, 1290, 1291, 1300, 1299
856, 1210, 1211, 1220, 1219, 1291, 1292, 1301, 1300
857, 1211, 1212, 1221, 1220, 1292, 1293, 1302, 1301
858, 1212, 1213, 1222, 1221, 1293, 1294, 1303, 1302
859, 1213, 1214, 1223, 1222, 1294, 1295, 1304, 1303
860, 1214, 265, 266, 1223, 1295, 274, 275, 1304
861, 426, 1215, 1224, 425, 435, 1296, 1305, 434
862, 1215, 1216, 1225, 1224, 1296, 1297, 1306, 1305
863, 1216, 1217, 1226, 1225, 1297, 1298, 1307, 1306
864, 1217, 1218, 1227, 1226, 1298, 1299, 1308, 1307
865, 1218, 1219, 1228, 1227, 1299, 1300, 1309, 1308
866, 1219, 1220, 1229, 1228, 1300, 1301, 1310, 1309
867, 1220, 1221, 1230, 1229, 1301, 1302, 1311, 1310
868, 1221, 1222, 1231, 1230, 1302, 1303, 1312, 1311
869, 1222, 1223, 1232, 1231, 1303, 1304, 1313, 1312
870, 1223, 266, 267, 1232, 1304, 275, 276, 1313
871, 425, 1224, 1233, 424, 434, 1305, 1314, 433
872, 1224, 1225, 1234, 1233, 1305, 1306, 1315, 1314
873, 1225, 1226, 1235, 1234, 1306, 1307, 1316, 1315
874, 1226, 1227, 1236, 1235, 1307, 1308, 1317, 1316
875, 1227, 1228, 1237, 1236, 1308, 1309, 1318, 1317
876, 1228, 1229, 1238, 1237, 1309, 1310, 1319, 1318
877, 1229, 1230, 1239, 1238, 1310, 1311, 1320, 1319
878, 1230, 1231, 1240, 1239, 1311, 1312, 1321, 1320
879, 1231, 1232, 1241, 1240, 1312, 1313, 1322, 1321
880, 1232, 267, 268, 1241, 1313, 276, 277, 1322
881, 424, 1233, 1242, 423, 433, 1314, 1323, 432
882, 1233, 1234, 1243, 1242, 1314, 1315, 1324, 1323
883, 1234, 1235, 1244, 1243, 1315, 1316, 1325, 1324
884, 1235, 1236, 1245, 1244, 1316, 1317, 1326, 1325
885, 1236, 1237, 1246, 1245, 1317, 1318, 1327, 1326
886, 1237, 1238, 1247, 1246, 1318, 1319, 1328, 1327
887, 1238, 1239, 1248, 1247, 1319, 1320, 1329, 1328
888, 1239, 1240, 1249, 1248, 1320, 1321, 1330, 1329
889, 1240, 1241, 1250, 1249, 1321, 1322, 1331, 1330
890, 1241, 268, 269, 1250, 1322, 277, 278, 1331
891, 423, 1242, 350, 88, 432, 1323, 359, 89
892, 1242, 1243, 349, 350, 1323, 1324, 358, 359
893, 1243, 1244, 348, 349, 1324, 1325, 357, 358
894, 1244, 1245, 347, 348, 1325, 1326, 356, 357
895, 1245, 1246, 346, 347, 1326, 1327, 355, 356
896, 1246, 1247, 345, 346, 1327, 1328, 354, 355
897, 1247, 1248, 344, 345, 1328, 1329, 353, 354
898, 1248, 1249, 343, 344, 1329, 1330, 352, 353
899, 1249, 1250, 342, 343, 1330, 1331, 351, 352
900, 1250, 269, 61, 342, 1331, 278, 62, 351
901, 36, 189, 1251, 440, 5, 35, 522, 108
902, 189, 190, 1252, 1251, 35, 34, 523, 522
903, 190, 191, 1253, 1252, 34, 33, 524, 523
904, 191, 192, 1254, 1253, 33, 32, 525, 524
905, 192, 193, 1255, 1254, 32, 31, 526, 525
906, 193, 194, 1256, 1255, 31, 30, 527, 526
907, 194, 195, 1257, 1256, 30, 29, 528, 527
908, 195, 196, 1258, 1257, 29, 28, 529, 528
909, 196, 197, 1259, 1258, 28, 27, 530, 529
910, 197, 26, 270, 1259, 27, 6, 71, 530
911, 440, 1251, 1260, 439, 108, 522, 531, 109
912, 1251, 1252, 1261, 1260, 522, 523, 532, 531
913, 1252, 1253, 1262, 1261, 523, 524, 533, 532
914, 1253, 1254, 1263, 1262, 524, 525, 534, 533
915, 1254, 1255, 1264, 1263, 525, 526, 535, 534
916, 1255, 1256, 1265, 1264, 526, 527, 536, 535
917, 1256, 1257, 1266, 1265, 527, 528, 537, 536
918, 1257, 1258, 1267, 1266, 528, 529, 538, 537
919, 1258, 1259, 1268, 1267, 529, 530, 539, 538
920, 1259, 270, 271, 1268, 530, 71, 70, 539
921, 439, 1260, 1269, 438, 109, 531, 540, 110
922, 1260, 1261, 1270, 1269, 531, 532, 541, 540
923, 1261, 1262, 1271, 1270, 532, 533, 542, 541
924, 1262, 1263, 1272, 1271, 533, 534, 543, 542
925, 1263, 1264, 1273, 1272, 534, 535, 544, 543
926, 1264, 1265, 1274, 1273, 535, 536, 545, 544
927, 1265, 1266, 1275, 1274, 536, 537, 546, 545
928, 1266, 1267, 1276, 1275, 537, 538, 547, 546
929, 1267, 1268, 1277, 1276, 538, 539, 548, 547
930, 1268, 271, 272, 1277, 539, 70, 69, 548
931, 438, 1269, 1278, 437, 110, 540, 549, 111
932, 1269, 1270, 1279, 1278, 540, 541, 550, 549
933, 1270, 1271, 1280, 1279, 541, 542, 551, 550
934, 1271, 1272, 1281, 1280, 542, 543, 552, 551
935, 1272, 1273, 1282, 1281, 543, 544, 553, 552
936, 1273, 1274, 1283, 1282, 544, 545, 554, 553
937, 1274, 1275, 1284, 1283, 545, 546, 555, 554
938, 1275, 1276, 1285, 1284, 546, 547, 556, 555
939, 1276, 1277, 1286, 1285, 547, 548, 557, 556
940, 1277, 272, 273, 1286, 548, 69, 68, 557
941, 437, 1278, 1287, 436, 111, 549, 558, 112
942, 1278, 1279, 1288, 1287, 549, 550, 559, 558
943, 1279, 1280, 1289, 1288, 550, 551, 560, 559
944, 1280, 1281, 1290, 1289, 551, 552, 561, 560
945, 1281, 1282, 1291, 1290, 552, 553, 562, 561
946, 1282, 1283, 1292, 1291, 553, 554, 563, 562
947, 1283, 1284, 1293, 1292, 554, 555, 564, 563
948, 1284, 1285, 1294, 1293, 555, 556, 565, 564
949, 1285, 1286, 1295, 1294, 556, 557, 566, 565
950, 1286, 273, 274, 1295, 557, 68, 67, 566
951, 436, 1287, 1296, 435, 112, 558, 567, 113
952, 1287, 1288, 1297, 1296, 558, 559, 568, 567
953, 1288, 1289, 1298, 1297, 559, 560, 569, 568
954, 1289, 1290, 1299, 1298, 560, 561, 570, 569
955, 1290, 1291, 1300, 1299, 561, 562, 571, 570
956, 1291, 1292, 1301, 1300, 562, 563, 572, 571
957, 1292, 1293, 1302, 1301, 563, 564, 573, 572
958, 1293, 1294, 1303, 1302, 564, 565, 574, 573
959, 1294, 1295, 1304, 1303, 565, 566, 575, 574
960, 1295, 274, 275, 1304, 566, 67, 66, 575
961, 435, 1296, 1305, 434, 113, 567, 576, 114
962, 1296, 1297, 1306, 1305, 567, 568, 577, 576
963, 1297, 1298, 1307, 1306, 568, 569, 578, 577
964, 1298, 1299, 1308, 1307, 569, 570, 579, 578
965, 1299, 1300, 1309, 1308, 570, 571, 580, 579
966, 1300, 1301, 1310, 1309, 571, 572, 581, 580
967, 1301, 1302, 1311, 1310, 572, 573, 582, 581
968, 1302, 1303, 1312, 1311, 573, 574, 583, 582
969, 1303, 1304, 1313, 1312, 574, 575, 584, 583
970, 1304, 275, 276, 1313, 575, 66, 65, 584
971, 434, 1305, 1314, 433, 114, 576, 585, 115
972, 1305, 1306, 1315, 1314, 576, 577, 586, 585
973, 1306, 1307, 1316, 1315, 577, 578, 587, 586
974, 1307, 1308, 1317, 1316, 578, 579, 588, 587
975, 1308, 1309, 1318, 1317, 579, 580, 589, 588
976, 1309, 1310, 1319, 1318, 580, 581, 590, 589
977, 1310, 1311, 1320, 1319, 581, 582, 591, 590
978, 1311, 1312, 1321, 1320, 582, 583, 592, 591
979, 1312, 1313, 1322, 1321, 583, 584, 593, 592
980, 1313, 276, 277, 1322, 584, 65, 64, 593
981, 433, 1314, 1323, 432, 115, 585, 594, 116
982, 1314, 1315, 1324, 1323, 585, 586, 595, 594
983, 1315, 1316, 1325, 1324, 586, 587, 596, 595
984, 1316, 1317, 1326, 1325, 587, 588, 597, 596
985, 1317, 1318, 1327, 1326, 588, 589, 598, 597
986, 1318, 1319, 1328, 1327, 589, 590, 599, 598
987, 1319, 1320, 1329, 1328, 590, 591, 600, 599
988, 1320, 1321, 1330, 1329, 591, 592, 601, 600
989, 1321, 1322, 1331, 1330, 592, 593, 602, 601
990, 1322, 277, 278, 1331, 593, 64, 63, 602
991, 432, 1323, 359, 89, 116, 594, 90, 8
992, 1323, 1324, 358, 359, 594, 595, 91, 90
993, 1324, 1325, 357, 358, 595, 596, 92, 91
994, 1325, 1326, 356, 357, 596, 597, 93, 92
995, 1326, 1327, 355, 356, 597, 598, 94, 93
996, 1327, 1328, 354, 355, 598, 599, 95, 94
997, 1328, 1329, 353, 354, 599, 600, 96, 95
998, 1329, 1330, 352, 353, 600, 601, 97, 96
999, 1330, 1331, 351, 352, 601, 602, 98, 97
1000, 1331, 278, 62, 351, 602, 63, 7, 98
