1,-0.5,-0.5,0
2,0.5,-0.5,0
3,0.5,0.5,0
4,-0.5,0.5,0
5,-0.502478,-0.502478,0.991062
6,0.502478,-0.502478,0.991062
7,0.502478,0.502478,0.991062
8,-0.502478,0.502478,0.991062
9,-0.4,-0.5,0
10,-0.3,-0.5,0
11,-0.2,-0.5,0
12,-0.1,-0.5,0
13,0,-0.5,0
14,0.1,-0.5,0
15,0.2,-0.5,0
16,0.3,-0.5,0
17,0.4,-0.5,0
18,0.501275,-0.501275,0.099287
19,0.501754,-0.501754,0.198357
20,0.502026,-0.502026,0.297509
21,0.502192,-0.502192,0.396673
22,0.502294,-0.502294,0.495814
23,0.502356,-0.502356,0.594921
24,0.502396,-0.502396,0.693993
25,0.502424,-0.502424,0.793036
26,0.502449,-0.502449,0.892055
27,0.401996,-0.502477,0.991095
28,0.301508,-0.502473,0.991135
29,0.201012,-0.502466,0.991173
30,0.100508,-0.50246,0.9912
31,-1.74856e-16,-0.502458,0.99121
32,-0.100508,-0.50246,0.9912
33,-0.201012,-0.502466,0.991173
34,-0.301508,-0.502473,0.991135
35,-0.401996,-0.502477,0.991095
36,-0.502449,-0.502449,0.892055
37,-0.502424,-0.502424,0.793036
38,-0.502396,-0.502396,0.693993
39,-0.502356,-0.502356,0.594921
40,-0.502294,-0.502294,0.495814
41,-0.502192,-0.502192,0.396673
42,-0.502026,-0.502026,0.297509
43,-0.501754,-0.501754,0.198357
44,-0.501275,-0.501275,0.099287
45,0.5,-0.4,0
46,0.5,-0.3,0
47,0.5,-0.2,0
48,0.5,-0.1,0
49,0.5,0,0
50,0.5,0.1,0
51,0.5,0.2,0
52,0.5,0.3,0
53,0.5,0.4,0
54,0.501275,0.501275,0.099287
55,0.501754,0.501754,0.198357
56,0.502026,0.502026,0.297509
57,0.502192,0.502192,0.396673
58,0.502294,0.502294,0.495814
59,0.502356,0.502356,0.594921
60,0.502396,0.502396,0.693993
61,0.502424,0.502424,0.793036
62,0.502449,0.502449,0.892055
63,0.502477,0.401996,0.991095
64,0.502473,0.301508,0.991135
65,0.502466,0.201012,0.991173
66,0.50246,0.100508,0.9912
67,0.502458,7.55883e-17,0.99121
68,0.50246,-0.100508,0.9912
69,0.502466,-0.201012,0.991173
70,0.502473,-0.301508,0.991135
71,0.502477,-0.401996,0.991095
72,0.4,0.5,0
73,0.3,0.5,0
74,0.2,0.5,0
75,0.1,0.5,0
76,0,0.5,0
77,-0.1,0.5,0
78,-0.2,0.5,0
79,-0.3,0.5,0
80,-0.4,0.5,0
81,-0.501275,0.501275,0.099287
82,-0.501754,0.501754,0.198357
83,-0.502026,0.502026,0.297509
84,-0.502192,0.502192,0.396673
85,-0.502294,0.502294,0.495814
86,-0.502356,0.502356,0.594921
87,-0.502396,0.502396,0.693993
88,-0.502424,0.502424,0.793036
89,-0.502449,0.502449,0.892055
90,-0.401996,0.502477,0.991095
91,-0.301508,0.502473,0.991135
92,-0.201012,0.502466,0.991173
93,-0.100508,0.50246,0.9912
94,8.39404e-18,0.502458,0.99121
95,0.100508,0.50246,0.9912
96,0.201012,0.502466,0.991173
97,0.301508,0.502473,0.991135
98,0.401996,0.502477,0.991095
99,-0.5,0.4,0
100,-0.5,0.3,0
101,-0.5,0.2,0
102,-0.5,0.1,0
103,-0.5,0,0
104,-0.5,-0.1,0
105,-0.5,-0.2,0
106,-0.5,-0.3,0
107,-0.5,-0.4,0
108,-0.502477,-0.401996,0.991095
109,-0.502473,-0.301508,0.991135
110,-0.502466,-0.201012,0.991173
111,-0.50246,-0.100508,0.9912
112,-0.502458,-6.0172e-17,0.99121
113,-0.50246,0.100508,0.9912
114,-0.502466,0.201012,0.991173
115,-0.502473,0.301508,0.991135
116,-0.502477,0.401996,0.991095
117,-0.400849,-0.501172,0.099462
118,-0.300561,-0.501252,0.0994835
119,-0.200348,-0.501302,0.0995022
120,-0.100168,-0.501331,0.0995088
121,-3.0841e-17,-0.501341,0.099511
122,0.100168,-0.501331,0.0995088
123,0.200348,-0.501302,0.0995022
124,0.300561,-0.501252,0.0994835
125,0.400849,-0.501172,0.099462
126,-0.401337,-0.501783,0.198594
127,-0.300951,-0.501803,0.198686
128,-0.20061,-0.501857,0.198735
129,-0.100298,-0.50189,0.198759
130,-3.14561e-17,-0.501902,0.198766
131,0.100298,-0.50189,0.198759
132,0.20061,-0.501857,0.198735
133,0.300951,-0.501803,0.198686
134,0.401337,-0.501783,0.198594
135,-0.401616,-0.502082,0.297707
136,-0.301195,-0.50211,0.297827
137,-0.200785,-0.502146,0.297898
138,-0.100388,-0.502175,0.297937
139,-3.30636e-17,-0.502185,0.297949
140,0.100388,-0.502175,0.297937
141,0.200785,-0.502146,0.297898
142,0.301195,-0.50211,0.297827
143,0.401616,-0.502082,0.297707
144,-0.401775,-0.50224,0.396818
145,-0.301335,-0.502273,0.396933
146,-0.200889,-0.502302,0.397011
147,-0.100443,-0.502323,0.397057
148,-2.16726e-17,-0.502331,0.397072
149,0.100443,-0.502323,0.397057
150,0.200889,-0.502302,0.397011
151,0.301335,-0.502273,0.396933
152,0.401775,-0.50224,0.396818
153,-0.401863,-0.502328,0.495916
154,-0.301411,-0.502357,0.496013
155,-0.200945,-0.502382,0.496087
156,-0.100473,-0.502398,0.496134
157,-5.08764e-17,-0.502404,0.496149
158,0.100473,-0.502398,0.496134
159,0.200945,-0.502382,0.496087
160,0.301411,-0.502357,0.496013
161,0.401863,-0.502328,0.495916
162,-0.40191,-0.502378,0.594992
163,-0.301448,-0.5024,0.59507
164,-0.200971,-0.502419,0.595136
165,-0.100487,-0.502431,0.595179
166,-5.72666e-17,-0.502436,0.595193
167,0.100487,-0.502431,0.595179
168,0.200971,-0.502419,0.595136
169,0.301448,-0.5024,0.59507
170,0.40191,-0.502378,0.594992
171,-0.401936,-0.502408,0.694045
172,-0.301465,-0.502423,0.694107
173,-0.200983,-0.502436,0.694164
174,-0.100493,-0.502444,0.694202
175,-9.14703e-17,-0.502447,0.694215
176,0.100493,-0.502444,0.694202
177,0.200983,-0.502436,0.694164
178,0.301465,-0.502423,0.694107
179,0.401936,-0.502408,0.694045
180,-0.401953,-0.50243,0.793076
181,-0.301474,-0.502438,0.793128
182,-0.200988,-0.502445,0.793176
183,-0.100495,-0.502449,0.79321
184,-8.38202e-17,-0.50245,0.793222
185,0.100495,-0.502449,0.79321
186,0.200988,-0.502445,0.793176
187,0.301474,-0.502438,0.793128
188,0.401953,-0.50243,0.793076
189,-0.401969,-0.50245,0.892091
190,-0.301485,-0.502452,0.892135
191,-0.200994,-0.502453,0.892178
192,-0.100498,-0.502453,0.892209
193,-1.56004e-16,-0.502453,0.89222
194,0.100498,-0.502453,0.892209
195,0.200994,-0.502453,0.892178
196,0.301485,-0.502452,0.892135
197,0.401969,-0.50245,0.892091
198,0.501172,-0.400849,0.099462
199,0.501252,-0.300561,0.0994835
200,0.501302,-0.200348,0.0995022
201,0.501331,-0.100168,0.0995088
202,0.501341,2.34058e-18,0.099511
203,0.501331,0.100168,0.0995088
204,0.501302,0.200348,0.0995022
205,0.501252,0.300561,0.0994835
206,0.501172,0.400849,0.099462
207,0.501783,-0.401337,0.198594
208,0.501803,-0.300951,0.198686
209,0.501857,-0.20061,0.198735
210,0.50189,-0.100298,0.198759
211,0.501902,1.04848e-17,0.198766
212,0.50189,0.100298,0.198759
213,0.501857,0.20061,0.198735
214,0.501803,0.300951,0.198686
215,0.501783,0.401337,0.198594
216,0.502082,-0.401616,0.297707
217,0.50211,-0.301195,0.297827
218,0.502146,-0.200785,0.297898
219,0.502175,-0.100388,0.297937
220,0.502185,9.76097e-18,0.297949
221,0.502175,0.100388,0.297937
222,0.502146,0.200785,0.297898
223,0.50211,0.301195,0.297827
224,0.502082,0.401616,0.297707
225,0.50224,-0.401775,0.396818
226,0.502273,-0.301335,0.396933
227,0.502302,-0.200889,0.397011
228,0.502323,-0.100443,0.397057
229,0.502331,2.75004e-17,0.397072
230,0.502323,0.100443,0.397057
231,0.502302,0.200889,0.397011
232,0.502273,0.301335,0.396933
233,0.50224,0.401775,0.396818
234,0.502328,-0.401863,0.495916
235,0.502357,-0.301411,0.496013
236,0.502382,-0.200945,0.496087
237,0.502398,-0.100473,0.496134
238,0.502404,5.63099e-17,0.496149
239,0.502398,0.100473,0.496134
240,0.502382,0.200945,0.496087
241,0.502357,0.301411,0.496013
242,0.502328,0.401863,0.495916
243,0.502378,-0.40191,0.594992
244,0.5024,-0.301448,0.59507
245,0.502419,-0.200971,0.595136
246,0.502431,-0.100487,0.595179
247,0.502436,8.95936e-17,0.595193
248,0.502431,0.100487,0.595179
249,0.502419,0.200971,0.595136
250,0.5024,0.301448,0.59507
251,0.502378,0.40191,0.594992
252,0.502408,-0.401936,0.694045
253,0.502423,-0.301465,0.694107
254,0.502436,-0.200983,0.694164
255,0.502444,-0.100493,0.694202
256,0.502447,1.01668e-16,0.694215
257,0.502444,0.100493,0.694202
258,0.502436,0.200983,0.694164
259,0.502423,0.301465,0.694107
260,0.502408,0.401936,0.694045
261,0.50243,-0.401953,0.793076
262,0.502438,-0.301474,0.793128
263,0.502445,-0.200988,0.793176
264,0.502449,-0.100495,0.79321
265,0.50245,7.91652e-17,0.793222
266,0.502449,0.100495,0.79321
267,0.502445,0.200988,0.793176
268,0.502438,0.301474,0.793128
269,0.50243,0.401953,0.793076
270,0.50245,-0.401969,0.892091
271,0.502452,-0.301485,0.892135
272,0.502453,-0.200994,0.892178
273,0.502453,-0.100498,0.892209
274,0.502453,1.35457e-16,0.89222
275,0.502453,0.100498,0.892209
276,0.502453,0.200994,0.892178
277,0.502452,0.301485,0.892135
278,0.50245,0.401969,0.892091
279,0.400849,0.501172,0.099462
280,0.300561,0.501252,0.0994835
281,0.200348,0.501302,0.0995022
282,0.100168,0.501331,0.0995088
283,6.33238e-18,0.501341,0.099511
284,-0.100168,0.501331,0.0995088
285,-0.200348,0.501302,0.0995022
286,-0.300561,0.501252,0.0994835
287,-0.400849,0.501172,0.099462
288,0.401337,0.501783,0.198594
289,0.300951,0.501803,0.198686
290,0.20061,0.501857,0.198735
291,0.100298,0.50189,0.198759
292,1.11728e-17,0.501902,0.198766
293,-0.100298,0.50189,0.198759
294,-0.20061,0.501857,0.198735
295,-0.300951,0.501803,0.198686
296,-0.401337,0.501783,0.198594
297,0.401616,0.502082,0.297707
298,0.301195,0.50211,0.297827
299,0.200785,0.502146,0.297898
300,0.100388,0.502175,0.297937
301,2.9431e-17,0.502185,0.297949
302,-0.100388,0.502175,0.297937
303,-0.200785,0.502146,0.297898
304,-0.301195,0.50211,0.297827
305,-0.401616,0.502082,0.297707
306,0.401775,0.50224,0.396818
307,0.301335,0.502273,0.396933
308,0.200889,0.502302,0.397011
309,0.100443,0.502323,0.397057
310,4.22658e-17,0.502331,0.397072
311,-0.100443,0.502323,0.397057
312,-0.200889,0.502302,0.397011
313,-0.301335,0.502273,0.396933
314,-0.401775,0.50224,0.396818
315,0.401863,0.502328,0.495916
316,0.301411,0.502357,0.496013
317,0.200945,0.502382,0.496087
318,0.100473,0.502398,0.496134
319,1.8368e-17,0.502404,0.496149
320,-0.100473,0.502398,0.496134
321,-0.200945,0.502382,0.496087
322,-0.301411,0.502357,0.496013
323,-0.401863,0.502328,0.495916
324,0.40191,0.502378,0.594992
325,0.301448,0.5024,0.59507
326,0.200971,0.502419,0.595136
327,0.100487,0.502431,0.595179
328,3.1802e-17,0.502436,0.595193
329,-0.100487,0.502431,0.595179
330,-0.200971,0.502419,0.595136
331,-0.301448,0.5024,0.59507
332,-0.40191,0.502378,0.594992
333,0.401936,0.502408,0.694045
334,0.301465,0.502423,0.694107
335,0.200983,0.502436,0.694164
336,0.100493,0.502444,0.694202
337,4.72985e-17,0.502447,0.694215
338,-0.100493,0.502444,0.694202
339,-0.200983,0.502436,0.694164
340,-0.301465,0.502423,0.694107
341,-0.401936,0.502408,0.694045
342,0.401953,0.50243,0.793076
343,0.301474,0.502438,0.793128
344,0.200988,0.502445,0.793176
345,0.100495,0.502449,0.79321
346,8.52363e-17,0.50245,0.793222
347,-0.100495,0.502449,0.79321
348,-0.200988,0.502445,0.793176
349,-0.301474,0.502438,0.793128
350,-0.401953,0.50243,0.793076
351,0.401969,0.50245,0.892091
352,0.301485,0.502452,0.892135
353,0.200994,0.502453,0.892178
354,0.100498,0.502453,0.892209
355,-1.67206e-18,0.502453,0.89222
356,-0.100498,0.502453,0.892209
357,-0.200994,0.502453,0.892178
358,-0.301485,0.502452,0.892135
359,-0.401969,0.50245,0.892091
360,-0.501172,0.400849,0.099462
361,-0.501252,0.300561,0.0994835
362,-0.501302,0.200348,0.0995022
363,-0.501331,0.100168,0.0995088
364,-0.501341,-1.40112e-19,0.099511
365,-0.501331,-0.100168,0.0995088
366,-0.501302,-0.200348,0.0995022
367,-0.501252,-0.300561,0.0994835
368,-0.501172,-0.400849,0.099462
369,-0.501783,0.401337,0.198594
370,-0.501803,0.300951,0.198686
371,-0.501857,0.20061,0.198735
372,-0.50189,0.100298,0.198759
373,-0.501902,1.57056e-17,0.198766
374,-0.50189,-0.100298,0.198759
375,-0.501857,-0.20061,0.198735
376,-0.501803,-0.300951,0.198686
377,-0.501783,-0.401337,0.198594
378,-0.502082,0.401616,0.297707
379,-0.50211,0.301195,0.297827
380,-0.502146,0.200785,0.297898
381,-0.502175,0.100388,0.297937
382,-0.502185,5.829e-17,0.297949
383,-0.502175,-0.100388,0.297937
384,-0.502146,-0.200785,0.297898
385,-0.50211,-0.301195,0.297827
386,-0.502082,-0.401616,0.297707
387,-0.50224,0.401775,0.396818
388,-0.502273,0.301335,0.396933
389,-0.502302,0.200889,0.397011
390,-0.502323,0.100443,0.397057
391,-0.502331,2.7412e-17,0.397072
392,-0.502323,-0.100443,0.397057
393,-0.502302,-0.200889,0.397011
394,-0.502273,-0.301335,0.396933
395,-0.50224,-0.401775,0.396818
396,-0.502328,0.401863,0.495916
397,-0.502357,0.301411,0.496013
398,-0.502382,0.200945,0.496087
399,-0.502398,0.100473,0.496134
400,-0.502404,5.40192e-17,0.496149
401,-0.502398,-0.100473,0.496134
402,-0.502382,-0.200945,0.496087
403,-0.502357,-0.301411,0.496013
404,-0.502328,-0.401863,0.495916
405,-0.502378,0.40191,0.594992
406,-0.5024,0.301448,0.59507
407,-0.502419,0.200971,0.595136
408,-0.502431,0.100487,0.595179
409,-0.502436,5.4588e-17,0.595193
410,-0.502431,-0.100487,0.595179
411,-0.502419,-0.200971,0.595136
412,-0.5024,-0.301448,0.59507
413,-0.502378,-0.40191,0.594992
414,-0.502408,0.401936,0.694045
415,-0.502423,0.301465,0.694107
416,-0.502436,0.200983,0.694164
417,-0.502444,0.100493,0.694202
418,-0.502447,3.4917e-17,0.694215
419,-0.502444,-0.100493,0.694202
420,-0.502436,-0.200983,0.694164
421,-0.502423,-0.301465,0.694107
422,-0.502408,-0.401936,0.694045
423,-0.50243,0.401953,0.793076
424,-0.502438,0.301474,0.793128
425,-0.502445,0.200988,0.793176
426,-0.502449,0.100495,0.79321
427,-0.50245,6.48051e-17,0.793222
428,-0.502449,-0.100495,0.79321
429,-0.502445,-0.200988,0.793176
430,-0.502438,-0.301474,0.793128
431,-0.50243,-0.401953,0.793076
432,-0.50245,0.401969,0.892091
433,-0.502452,0.301485,0.892135
434,-0.502453,0.200994,0.892178
435,-0.502453,0.100498,0.892209
436,-0.502453,6.14708e-17,0.89222
437,-0.502453,-0.100498,0.892209
438,-0.502453,-0.200994,0.892178
439,-0.502452,-0.301485,0.892135
440,-0.50245,-0.401969,0.892091
441,-0.4,0.4,0
442,-0.3,0.4,0
443,-0.2,0.4,0
444,-0.1,0.4,0
445,0,0.4,0
446,0.1,0.4,0
447,0.2,0.4,0
448,0.3,0.4,0
449,0.4,0.4,0
450,-0.4,0.3,0
451,-0.3,0.3,0
452,-0.2,0.3,0
453,-0.1,0.3,0
454,0,0.3,0
455,0.1,0.3,0
456,0.2,0.3,0
457,0.3,0.3,0
458,0.4,0.3,0
459,-0.4,0.2,0
460,-0.3,0.2,0
461,-0.2,0.2,0
462,-0.1,0.2,0
463,0,0.2,0
464,0.1,0.2,0
465,0.2,0.2,0
466,0.3,0.2,0
467,0.4,0.2,0
468,-0.4,0.1,0
469,-0.3,0.1,0
470,-0.2,0.1,0
471,-0.1,0.1,0
472,0,0.1,0
473,0.1,0.1,0
474,0.2,0.1,0
475,0.3,0.1,0
476,0.4,0.1,0
477,-0.4,0,0
478,-0.3,0,0
479,-0.2,0,0
480,-0.1,0,0
481,0,0,0
482,0.1,0,0
483,0.2,0,0
484,0.3,0,0
485,0.4,0,0
486,-0.4,-0.1,0
487,-0.3,-0.1,0
488,-0.2,-0.1,0
489,-0.1,-0.1,0
490,0,-0.1,0
491,0.1,-0.1,0
492,0.2,-0.1,0
493,0.3,-0.1,0
494,0.4,-0.1,0
495,-0.4,-0.2,0
496,-0.3,-0.2,0
497,-0.2,-0.2,0
498,-0.1,-0.2,0
499,0,-0.2,0
500,0.1,-0.2,0
501,0.2,-0.2,0
502,0.3,-0.2,0
503,0.4,-0.2,0
504,-0.4,-0.3,0
505,-0.3,-0.3,0
506,-0.2,-0.3,0
507,-0.1,-0.3,0
508,0,-0.3,0
509,0.1,-0.3,0
510,0.2,-0.3,0
511,0.3,-0.3,0
512,0.4,-0.3,0
513,-0.4,-0.4,0
514,-0.3,-0.4,0
515,-0.2,-0.4,0
516,-0.1,-0.4,0
517,0,-0.4,0
518,0.1,-0.4,0
519,0.2,-0.4,0
520,0.3,-0.4,0
521,0.4,-0.4,0
522,-0.401996,-0.401996,0.991127
523,-0.301509,-0.401993,0.991163
524,-0.201013,-0.401989,0.991197
525,-0.100509,-0.401986,0.991221
526,-5.68064e-17,-0.401984,0.99123
527,0.100509,-0.401986,0.991221
528,0.201013,-0.401989,0.991197
529,0.301509,-0.401993,0.991163
530,0.401996,-0.401996,0.991127
531,-0.401993,-0.301509,0.991163
532,-0.301507,-0.301507,0.991197
533,-0.201012,-0.301505,0.99123
534,-0.100508,-0.301503,0.991253
535,-5.27037e-17,-0.301502,0.991262
536,0.100508,-0.301503,0.991253
537,0.201012,-0.301505,0.99123
538,0.301507,-0.301507,0.991197
539,0.401993,-0.301509,0.991163
540,-0.401989,-0.201013,0.991197
541,-0.301505,-0.201012,0.99123
542,-0.20101,-0.20101,0.991262
543,-0.100508,-0.20101,0.991285
544,2.56602e-17,-0.201009,0.991293
545,0.100508,-0.20101,0.991285
546,0.20101,-0.20101,0.991262
547,0.301505,-0.201012,0.99123
548,0.401989,-0.201013,0.991197
549,-0.401986,-0.100509,0.991221
550,-0.301503,-0.100508,0.991253
551,-0.20101,-0.100508,0.991285
552,-0.100507,-0.100507,0.991308
553,1.83214e-17,-0.100507,0.991316
554,0.100507,-0.100507,0.991308
555,0.20101,-0.100508,0.991285
556,0.301503,-0.100508,0.991253
557,0.401986,-0.100509,0.991221
558,-0.401984,-8.48457e-17,0.99123
559,-0.301502,-3.40295e-17,0.991262
560,-0.201009,6.29273e-17,0.991293
561,-0.100507,7.30159e-17,0.991316
562,-1.3293e-17,1.02987e-16,0.991324
563,0.100507,6.0597e-17,0.991316
564,0.201009,6.76913e-18,0.991293
565,0.301502,-6.68308e-17,0.991262
566,0.401984,8.01096e-17,0.99123
567,-0.401986,0.100509,0.991221
568,-0.301503,0.100508,0.991253
569,-0.20101,0.100508,0.991285
570,-0.100507,0.100507,0.991308
571,3.59954e-17,0.100507,0.991316
572,0.100507,0.100507,0.991308
573,0.20101,0.100508,0.991285
574,0.301503,0.100508,0.991253
575,0.401986,0.100509,0.991221
576,-0.401989,0.201013,0.991197
577,-0.301505,0.201012,0.99123
578,-0.20101,0.20101,0.991262
579,-0.100508,0.20101,0.991285
580,-3.52515e-19,0.201009,0.991293
581,0.100508,0.20101,0.991285
582,0.20101,0.20101,0.991262
583,0.301505,0.201012,0.99123
584,0.401989,0.201013,0.991197
585,-0.401993,0.301509,0.991163
586,-0.301507,0.301507,0.991197
587,-0.201012,0.301505,0.99123
588,-0.100508,0.301503,0.991253
589,-4.50783e-17,0.301502,0.991262
590,0.100508,0.301503,0.991253
591,0.201012,0.301505,0.99123
592,0.301507,0.301507,0.991197
593,0.401993,0.301509,0.991163
594,-0.401996,0.401996,0.991127
595,-0.301509,0.401993,0.991163
596,-0.201013,0.401989,0.991197
597,-0.100509,0.401986,0.991221
598,6.90286e-17,0.401984,0.99123
599,0.100509,0.401986,0.991221
600,0.201013,0.401989,0.991197
601,0.301509,0.401993,0.991163
602,0.401996,0.401996,0.991127
603,-0.400804,-0.400804,0.0996334
604,-0.300541,-0.400845,0.0996505
605,-0.200336,-0.400882,0.0996677
606,-0.100162,-0.400905,0.0996748
607,1.23679e-18,-0.400912,0.0996772
608,0.100162,-0.400905,0.0996748
609,0.200336,-0.400882,0.0996677
610,0.300541,-0.400845,0.0996505
611,0.400804,-0.400804,0.0996334
612,-0.400845,-0.300541,0.0996505
613,-0.300568,-0.300568,0.0996753
614,-0.200351,-0.300593,0.0996933
615,-0.100168,-0.30061,0.099701
616,-6.24822e-17,-0.300616,0.0997035
617,0.100168,-0.30061,0.099701
618,0.200351,-0.300593,0.0996933
619,0.300568,-0.300568,0.0996753
620,0.400845,-0.300541,0.0996505
621,-0.400882,-0.200336,0.0996677
622,-0.300593,-0.200351,0.0996933
623,-0.200367,-0.200367,0.0997126
624,-0.100176,-0.200378,0.0997207
625,-2.49941e-17,-0.200382,0.0997234
626,0.100176,-0.200378,0.0997207
627,0.200367,-0.200367,0.0997126
628,0.300593,-0.200351,0.0996933
629,0.400882,-0.200336,0.0996677
630,-0.400905,-0.100162,0.0996748
631,-0.30061,-0.100168,0.099701
632,-0.200378,-0.100176,0.0997207
633,-0.100181,-0.100181,0.0997292
634,6.82308e-18,-0.100183,0.099732
635,0.100181,-0.100181,0.0997292
636,0.200378,-0.100176,0.0997207
637,0.30061,-0.100168,0.099701
638,0.400905,-0.100162,0.0996748
639,-0.400912,2.1613e-17,0.0996772
640,-0.300616,4.77404e-17,0.0997035
641,-0.200382,5.16715e-17,0.0997234
642,-0.100183,-3.21213e-18,0.099732
643,-1.79294e-18,5.79889e-19,0.0997348
644,0.100183,1.16574e-17,0.099732
645,0.200382,-4.16469e-17,0.0997234
646,0.300616,-7.36809e-17,0.0997035
647,0.400912,-7.09804e-18,0.0996772
648,-0.400905,0.100162,0.0996748
649,-0.30061,0.100168,0.099701
650,-0.200378,0.100176,0.0997207
651,-0.100181,0.100181,0.0997292
652,-1.62093e-17,0.100183,0.099732
653,0.100181,0.100181,0.0997292
654,0.200378,0.100176,0.0997207
655,0.30061,0.100168,0.099701
656,0.400905,0.100162,0.0996748
657,-0.400882,0.200336,0.0996677
658,-0.300593,0.200351,0.0996933
659,-0.200367,0.200367,0.0997126
660,-0.100176,0.200378,0.0997207
661,1.21216e-17,0.200382,0.0997234
662,0.100176,0.200378,0.0997207
663,0.200367,0.200367,0.0997126
664,0.300593,0.200351,0.0996933
665,0.400882,0.200336,0.0996677
666,-0.400845,0.300541,0.0996505
667,-0.300568,0.300568,0.0996753
668,-0.200351,0.300593,0.0996933
669,-0.100168,0.30061,0.099701
670,1.3705e-17,0.300616,0.0997035
671,0.100168,0.30061,0.099701
672,0.200351,0.300593,0.0996933
673,0.300568,0.300568,0.0996753
674,0.400845,0.300541,0.0996505
675,-0.400804,0.400804,0.0996334
676,-0.300541,0.400845,0.0996505
677,-0.200336,0.400882,0.0996677
678,-0.100162,0.400905,0.0996748
679,7.2359e-19,0.400912,0.0996772
680,0.100162,0.400905,0.0996748
681,0.200336,0.400882,0.0996677
682,0.300541,0.400845,0.0996505
683,0.400804,0.400804,0.0996334
684,-0.401345,-0.401345,0.198828
685,-0.300946,-0.401368,0.198908
686,-0.200603,-0.40141,0.198952
687,-0.100293,-0.401439,0.198975
688,-1.51857e-17,-0.401449,0.198982
689,0.100293,-0.401439,0.198975
690,0.200603,-0.40141,0.198952
691,0.300946,-0.401368,0.198908
692,0.401345,-0.401345,0.198828
693,-0.401368,-0.300946,0.198908
694,-0.300965,-0.300965,0.199002
695,-0.200615,-0.300994,0.199049
696,-0.100299,-0.301015,0.199074
697,-2.39236e-17,-0.301022,0.199081
698,0.100299,-0.301015,0.199074
699,0.200615,-0.300994,0.199049
700,0.300965,-0.300965,0.199002
701,0.401368,-0.300946,0.198908
702,-0.40141,-0.200603,0.198952
703,-0.300994,-0.200615,0.199049
704,-0.200633,-0.200633,0.199099
705,-0.100308,-0.200647,0.199126
706,-3.04015e-17,-0.200652,0.199134
707,0.100308,-0.200647,0.199126
708,0.200633,-0.200633,0.199099
709,0.300994,-0.200615,0.199049
710,0.40141,-0.200603,0.198952
711,-0.401439,-0.100293,0.198975
712,-0.301015,-0.100299,0.199074
713,-0.200647,-0.100308,0.199126
714,-0.100315,-0.100315,0.199153
715,1.26838e-18,-0.100317,0.199161
716,0.100315,-0.100315,0.199153
717,0.200647,-0.100308,0.199126
718,0.301015,-0.100299,0.199074
719,0.401439,-0.100293,0.198975
720,-0.401449,-2.81905e-17,0.198982
721,-0.301022,2.7709e-17,0.199081
722,-0.200652,3.47134e-17,0.199134
723,-0.100317,-4.58037e-18,0.199161
724,-1.91984e-17,-7.69778e-18,0.19917
725,0.100317,3.82799e-18,0.199161
726,0.200652,-3.7815e-18,0.199134
727,0.301022,-6.02944e-17,0.199081
728,0.401449,8.14977e-18,0.198982
729,-0.401439,0.100293,0.198975
730,-0.301015,0.100299,0.199074
731,-0.200647,0.100308,0.199126
732,-0.100315,0.100315,0.199153
733,2.20051e-19,0.100317,0.199161
734,0.100315,0.100315,0.199153
735,0.200647,0.100308,0.199126
736,0.301015,0.100299,0.199074
737,0.401439,0.100293,0.198975
738,-0.40141,0.200603,0.198952
739,-0.300994,0.200615,0.199049
740,-0.200633,0.200633,0.199099
741,-0.100308,0.200647,0.199126
742,-3.32339e-18,0.200652,0.199134
743,0.100308,0.200647,0.199126
744,0.200633,0.200633,0.199099
745,0.300994,0.200615,0.199049
746,0.40141,0.200603,0.198952
747,-0.401368,0.300946,0.198908
748,-0.300965,0.300965,0.199002
749,-0.200615,0.300994,0.199049
750,-0.100299,0.301015,0.199074
751,2.52186e-17,0.301022,0.199081
752,0.100299,0.301015,0.199074
753,0.200615,0.300994,0.199049
754,0.300965,0.300965,0.199002
755,0.401368,0.300946,0.198908
756,-0.401345,0.401345,0.198828
757,-0.300946,0.401368,0.198908
758,-0.200603,0.40141,0.198952
759,-0.100293,0.401439,0.198975
760,2.95877e-17,0.401449,0.198982
761,0.100293,0.401439,0.198975
762,0.200603,0.40141,0.198952
763,0.300946,0.401368,0.198908
764,0.401345,0.401345,0.198828
765,-0.401637,-0.401637,0.297904
766,-0.301197,-0.401666,0.298019
767,-0.20078,-0.401699,0.298087
768,-0.100384,-0.401724,0.298124
769,-1.48938e-17,-0.401734,0.298136
770,0.100384,-0.401724,0.298124
771,0.20078,-0.401699,0.298087
772,0.301197,-0.401666,0.298019
773,0.401637,-0.401637,0.297904
774,-0.401666,-0.301197,0.298019
775,-0.301218,-0.301218,0.298138
776,-0.200792,-0.301243,0.298209
777,-0.10039,-0.301263,0.298247
778,2.35964e-17,-0.30127,0.298259
779,0.10039,-0.301263,0.298247
780,0.200792,-0.301243,0.298209
781,0.301218,-0.301218,0.298138
782,0.401666,-0.301197,0.298019
783,-0.401699,-0.20078,0.298087
784,-0.301243,-0.200792,0.298209
785,-0.200809,-0.200809,0.298283
786,-0.100398,-0.200822,0.298324
787,-1.87768e-17,-0.200827,0.298336
788,0.100398,-0.200822,0.298324
789,0.200809,-0.200809,0.298283
790,0.301243,-0.200792,0.298209
791,0.401699,-0.20078,0.298087
792,-0.401724,-0.100384,0.298124
793,-0.301263,-0.10039,0.298247
794,-0.200822,-0.100398,0.298324
795,-0.100405,-0.100405,0.298365
796,-8.31744e-18,-0.100407,0.298378
797,0.100405,-0.100405,0.298365
798,0.200822,-0.100398,0.298324
799,0.301263,-0.10039,0.298247
800,0.401724,-0.100384,0.298124
801,-0.401734,1.8063e-17,0.298136
802,-0.30127,6.11801e-18,0.298259
803,-0.200827,6.4281e-18,0.298336
804,-0.100407,2.32593e-17,0.298378
805,-1.83481e-17,-1.33085e-17,0.298392
806,0.100407,1.73538e-18,0.298378
807,0.200827,-1.27311e-17,0.298336
808,0.30127,-2.31078e-17,0.298259
809,0.401734,1.69495e-17,0.298136
810,-0.401724,0.100384,0.298124
811,-0.301263,0.10039,0.298247
812,-0.200822,0.100398,0.298324
813,-0.100405,0.100405,0.298365
814,9.16948e-18,0.100407,0.298378
815,0.100405,0.100405,0.298365
816,0.200822,0.100398,0.298324
817,0.301263,0.10039,0.298247
818,0.401724,0.100384,0.298124
819,-0.401699,0.20078,0.298087
820,-0.301243,0.200792,0.298209
821,-0.200809,0.200809,0.298283
822,-0.100398,0.200822,0.298324
823,-1.67382e-17,0.200827,0.298336
824,0.100398,0.200822,0.298324
825,0.200809,0.200809,0.298283
826,0.301243,0.200792,0.298209
827,0.401699,0.20078,0.298087
828,-0.401666,0.301197,0.298019
829,-0.301218,0.301218,0.298138
830,-0.200792,0.301243,0.298209
831,-0.10039,0.301263,0.298247
832,9.27902e-18,0.30127,0.298259
833,0.10039,0.301263,0.298247
834,0.200792,0.301243,0.298209
835,0.301218,0.301218,0.298138
836,0.401666,0.301197,0.298019
837,-0.401637,0.401637,0.297904
838,-0.301197,0.401666,0.298019
839,-0.20078,0.401699,0.298087
840,-0.100384,0.401724,0.298124
841,-5.18642e-18,0.401734,0.298136
842,0.100384,0.401724,0.298124
843,0.20078,0.401699,0.298087
844,0.301197,0.401666,0.298019
845,0.401637,0.401637,0.297904
846,-0.401795,-0.401795,0.396963
847,-0.301339,-0.401824,0.397078
848,-0.200886,-0.401852,0.397155
849,-0.10044,-0.401872,0.397199
850,-1.38274e-18,-0.40188,0.397213
851,0.10044,-0.401872,0.397199
852,0.200886,-0.401852,0.397155
853,0.301339,-0.401824,0.397078
854,0.401795,-0.401795,0.396963
855,-0.401824,-0.301339,0.397078
856,-0.301359,-0.301359,0.397191
857,-0.200897,-0.301381,0.39727
858,-0.100445,-0.301397,0.397315
859,6.25381e-19,-0.301403,0.39733
860,0.100445,-0.301397,0.397315
861,0.200897,-0.301381,0.39727
862,0.301359,-0.301359,0.397191
863,0.401824,-0.301339,0.397078
864,-0.401852,-0.200886,0.397155
865,-0.301381,-0.200897,0.39727
866,-0.200912,-0.200912,0.397351
867,-0.100453,-0.200923,0.397398
868,1.57849e-17,-0.200927,0.397413
869,0.100453,-0.200923,0.397398
870,0.200912,-0.200912,0.397351
871,0.301381,-0.200897,0.39727
872,0.401852,-0.200886,0.397155
873,-0.401872,-0.10044,0.397199
874,-0.301397,-0.100445,0.397315
875,-0.200923,-0.100453,0.397398
876,-0.100458,-0.100458,0.397447
877,-2.09076e-17,-0.10046,0.397463
878,0.100458,-0.100458,0.397447
879,0.200923,-0.100453,0.397398
880,0.301397,-0.100445,0.397315
881,0.401872,-0.10044,0.397199
882,-0.40188,7.4766e-17,0.397213
883,-0.301403,8.70532e-18,0.39733
884,-0.200927,2.71548e-17,0.397413
885,-0.10046,3.71388e-17,0.397463
886,-1.48733e-17,2.6583e-17,0.397479
887,0.10046,2.08508e-17,0.397463
888,0.200927,-2.72147e-17,0.397413
889,0.301403,-1.33001e-17,0.39733
890,0.40188,3.81784e-17,0.397213
891,-0.401872,0.10044,0.397199
892,-0.301397,0.100445,0.397315
893,-0.200923,0.100453,0.397398
894,-0.100458,0.100458,0.397447
895,-1.323e-17,0.10046,0.397463
896,0.100458,0.100458,0.397447
897,0.200923,0.100453,0.397398
898,0.301397,0.100445,0.397315
899,0.401872,0.10044,0.397199
900,-0.401852,0.200886,0.397155
901,-0.301381,0.200897,0.39727
902,-0.200912,0.200912,0.397351
903,-0.100453,0.200923,0.397398
904,-4.70164e-17,0.200927,0.397413
905,0.100453,0.200923,0.397398
906,0.200912,0.200912,0.397351
907,0.301381,0.200897,0.39727
908,0.401852,0.200886,0.397155
909,-0.401824,0.301339,0.397078
910,-0.301359,0.301359,0.397191
911,-0.200897,0.301381,0.39727
912,-0.100445,0.301397,0.397315
913,-3.29641e-17,0.301403,0.39733
914,0.100445,0.301397,0.397315
915,0.200897,0.301381,0.39727
916,0.301359,0.301359,0.397191
917,0.401824,0.301339,0.397078
918,-0.401795,0.401795,0.396963
919,-0.301339,0.401824,0.397078
920,-0.200886,0.401852,0.397155
921,-0.10044,0.401872,0.397199
922,3.46011e-17,0.40188,0.397213
923,0.10044,0.401872,0.397199
924,0.200886,0.401852,0.397155
925,0.301339,0.401824,0.397078
926,0.401795,0.401795,0.396963
927,-0.401878,-0.401878,0.496017
928,-0.301414,-0.401903,0.496115
929,-0.200943,-0.401926,0.496189
930,-0.100471,-0.401942,0.496234
931,-4.38545e-17,-0.401947,0.496249
932,0.100471,-0.401942,0.496234
933,0.200943,-0.401926,0.496189
934,0.301414,-0.401903,0.496115
935,0.401878,-0.401878,0.496017
936,-0.401903,-0.301414,0.496115
937,-0.30143,-0.30143,0.496211
938,-0.200952,-0.301448,0.496286
939,-0.100475,-0.301461,0.496331
940,-1.29042e-17,-0.301466,0.496347
941,0.100475,-0.301461,0.496331
942,0.200952,-0.301448,0.496286
943,0.30143,-0.30143,0.496211
944,0.401903,-0.301414,0.496115
945,-0.401926,-0.200943,0.496189
946,-0.301448,-0.200952,0.496286
947,-0.200964,-0.200964,0.496362
948,-0.100481,-0.200973,0.496409
949,-2.25818e-18,-0.200976,0.496425
950,0.100481,-0.200973,0.496409
951,0.200964,-0.200964,0.496362
952,0.301448,-0.200952,0.496286
953,0.401926,-0.200943,0.496189
954,-0.401942,-0.100471,0.496234
955,-0.301461,-0.100475,0.496331
956,-0.200973,-0.100481,0.496409
957,-0.100486,-0.100486,0.496457
958,-1.19685e-17,-0.100487,0.496473
959,0.100486,-0.100486,0.496457
960,0.200973,-0.100481,0.496409
961,0.301461,-0.100475,0.496331
962,0.401942,-0.100471,0.496234
963,-0.401947,-4.76371e-18,0.496249
964,-0.301466,6.23705e-18,0.496347
965,-0.200976,-8.98076e-18,0.496425
966,-0.100487,-4.0337e-18,0.496473
967,-2.78524e-17,8.88416e-18,0.49649
968,0.100487,-2.28043e-17,0.496473
969,0.200976,-1.2786e-17,0.496425
970,0.301466,8.07869e-19,0.496347
971,0.401947,2.45113e-17,0.496249
972,-0.401942,0.100471,0.496234
973,-0.301461,0.100475,0.496331
974,-0.200973,0.100481,0.496409
975,-0.100486,0.100486,0.496457
976,-1.01434e-17,0.100487,0.496473
977,0.100486,0.100486,0.496457
978,0.200973,0.100481,0.496409
979,0.301461,0.100475,0.496331
980,0.401942,0.100471,0.496234
981,-0.401926,0.200943,0.496189
982,-0.301448,0.200952,0.496286
983,-0.200964,0.200964,0.496362
984,-0.100481,0.200973,0.496409
985,-3.84597e-17,0.200976,0.496425
986,0.100481,0.200973,0.496409
987,0.200964,0.200964,0.496362
988,0.301448,0.200952,0.496286
989,0.401926,0.200943,0.496189
990,-0.401903,0.301414,0.496115
991,-0.30143,0.30143,0.496211
992,-0.200952,0.301448,0.496286
993,-0.100475,0.301461,0.496331
994,-2.52266e-17,0.301466,0.496347
995,0.100475,0.301461,0.496331
996,0.200952,0.301448,0.496286
997,0.30143,0.30143,0.496211
998,0.401903,0.301414,0.496115
999,-0.401878,0.401878,0.496017
1000,-0.301414,0.401903,0.496115
1001,-0.200943,0.401926,0.496189
1002,-0.100471,0.401942,0.496234
1003,-1.55852e-17,0.401947,0.496249
1004,0.100471,0.401942,0.496234
1005,0.200943,0.401926,0.496189
1006,0.301414,0.401903,0.496115
1007,0.401878,0.401878,0.496017
1008,-0.40192,-0.40192,0.595062
1009,-0.30145,-0.401939,0.59514
1010,-0.20097,-0.401957,0.595205
1011,-0.100486,-0.401968,0.595247
1012,-3.32938e-17,-0.401973,0.595261
1013,0.100486,-0.401968,0.595247
1014,0.20097,-0.401957,0.595205
1015,0.30145,-0.401939,0.59514
1016,0.40192,-0.40192,0.595062
1017,-0.401939,-0.30145,0.59514
1018,-0.301462,-0.301462,0.595217
1019,-0.200977,-0.301476,0.595282
1020,-0.100489,-0.301486,0.595325
1021,1.24055e-17,-0.301489,0.595339
1022,0.100489,-0.301486,0.595325
1023,0.200977,-0.301476,0.595282
1024,0.301462,-0.301462,0.595217
1025,0.401939,-0.30145,0.59514
1026,-0.401957,-0.20097,0.595205
1027,-0.301476,-0.200977,0.595282
1028,-0.200986,-0.200986,0.595348
1029,-0.100493,-0.200993,0.595392
1030,-1.95715e-17,-0.200995,0.595406
1031,0.100493,-0.200993,0.595392
1032,0.200986,-0.200986,0.595348
1033,0.301476,-0.200977,0.595282
1034,0.401957,-0.20097,0.595205
1035,-0.401968,-0.100486,0.595247
1036,-0.301486,-0.100489,0.595325
1037,-0.200993,-0.100493,0.595392
1038,-0.100497,-0.100497,0.595435
1039,-1.08259e-17,-0.100498,0.595451
1040,0.100497,-0.100497,0.595435
1041,0.200993,-0.100493,0.595392
1042,0.301486,-0.100489,0.595325
1043,0.401968,-0.100486,0.595247
1044,-0.401973,-2.6782e-18,0.595261
1045,-0.301489,2.9512e-17,0.595339
1046,-0.200995,5.54071e-17,0.595406
1047,-0.100498,5.69539e-18,0.595451
1048,-4.48658e-17,2.89817e-17,0.595466
1049,0.100498,-1.20475e-18,0.595451
1050,0.200995,3.24363e-17,0.595406
1051,0.301489,3.12536e-17,0.595339
1052,0.401973,2.55514e-17,0.595261
1053,-0.401968,0.100486,0.595247
1054,-0.301486,0.100489,0.595325
1055,-0.200993,0.100493,0.595392
1056,-0.100497,0.100497,0.595435
1057,-1.18433e-17,0.100498,0.595451
1058,0.100497,0.100497,0.595435
1059,0.200993,0.100493,0.595392
1060,0.301486,0.100489,0.595325
1061,0.401968,0.100486,0.595247
1062,-0.401957,0.20097,0.595205
1063,-0.301476,0.200977,0.595282
1064,-0.200986,0.200986,0.595348
1065,-0.100493,0.200993,0.595392
1066,-5.65311e-17,0.200995,0.595406
1067,0.100493,0.200993,0.595392
1068,0.200986,0.200986,0.595348
1069,0.301476,0.200977,0.595282
1070,0.401957,0.20097,0.595205
1071,-0.401939,0.30145,0.59514
1072,-0.301462,0.301462,0.595217
1073,-0.200977,0.301476,0.595282
1074,-0.100489,0.301486,0.595325
1075,2.0565e-17,0.301489,0.595339
1076,0.100489,0.301486,0.595325
1077,0.200977,0.301476,0.595282
1078,0.301462,0.301462,0.595217
1079,0.401939,0.30145,0.59514
1080,-0.40192,0.40192,0.595062
1081,-0.30145,0.401939,0.59514
1082,-0.20097,0.401957,0.595205
1083,-0.100486,0.401968,0.595247
1084,-1.18167e-17,0.401973,0.595261
1085,0.100486,0.401968,0.595247
1086,0.20097,0.401957,0.595205
1087,0.30145,0.401939,0.59514
1088,0.40192,0.40192,0.595062
1089,-0.401942,-0.401942,0.694095
1090,-0.301466,-0.401954,0.694157
1091,-0.200982,-0.401966,0.694212
1092,-0.100492,-0.401974,0.694249
1093,-4.50935e-17,-0.401977,0.694261
1094,0.100492,-0.401974,0.694249
1095,0.200982,-0.401966,0.694212
1096,0.301466,-0.401954,0.694157
1097,0.401942,-0.401942,0.694095
1098,-0.401954,-0.301466,0.694157
1099,-0.301474,-0.301474,0.694218
1100,-0.200987,-0.301484,0.694273
1101,-0.100494,-0.30149,0.69431
1102,-6.28334e-18,-0.301493,0.694323
1103,0.100494,-0.30149,0.69431
1104,0.200987,-0.301484,0.694273
1105,0.301474,-0.301474,0.694218
1106,0.401954,-0.301466,0.694157
1107,-0.401966,-0.200982,0.694212
1108,-0.301484,-0.200987,0.694273
1109,-0.200993,-0.200993,0.694328
1110,-0.100497,-0.200997,0.694366
1111,-1.54795e-18,-0.200999,0.694379
1112,0.100497,-0.200997,0.694366
1113,0.200993,-0.200993,0.694328
1114,0.301484,-0.200987,0.694273
1115,0.401966,-0.200982,0.694212
1116,-0.401974,-0.100492,0.694249
1117,-0.30149,-0.100494,0.69431
1118,-0.200997,-0.100497,0.694366
1119,-0.1005,-0.1005,0.694404
1120,1.67945e-17,-0.100501,0.694418
1121,0.1005,-0.1005,0.694404
1122,0.200997,-0.100497,0.694366
1123,0.30149,-0.100494,0.69431
1124,0.401974,-0.100492,0.694249
1125,-0.401977,6.97447e-17,0.694261
1126,-0.301493,6.77421e-17,0.694323
1127,-0.200999,9.03618e-17,0.694379
1128,-0.100501,6.0597e-17,0.694418
1129,-1.65481e-17,4.3123e-17,0.694431
1130,0.100501,7.14342e-17,0.694418
1131,0.200999,4.74879e-17,0.694379
1132,0.301493,9.37495e-17,0.694323
1133,0.401977,8.04636e-17,0.694261
1134,-0.401974,0.100492,0.694249
1135,-0.30149,0.100494,0.69431
1136,-0.200997,0.100497,0.694366
1137,-0.1005,0.1005,0.694404
1138,-1.69976e-17,0.100501,0.694418
1139,0.1005,0.1005,0.694404
1140,0.200997,0.100497,0.694366
1141,0.30149,0.100494,0.69431
1142,0.401974,0.100492,0.694249
1143,-0.401966,0.200982,0.694212
1144,-0.301484,0.200987,0.694273
1145,-0.200993,0.200993,0.694328
1146,-0.100497,0.200997,0.694366
1147,-7.07569e-18,0.200999,0.694379
1148,0.100497,0.200997,0.694366
1149,0.200993,0.200993,0.694328
1150,0.301484,0.200987,0.694273
1151,0.401966,0.200982,0.694212
1152,-0.401954,0.301466,0.694157
1153,-0.301474,0.301474,0.694218
1154,-0.200987,0.301484,0.694273
1155,-0.100494,0.30149,0.69431
1156,1.74602e-17,0.301493,0.694323
1157,0.100494,0.30149,0.69431
1158,0.200987,0.301484,0.694273
1159,0.301474,0.301474,0.694218
1160,0.401954,0.301466,0.694157
1161,-0.401942,0.401942,0.694095
1162,-0.301466,0.401954,0.694157
1163,-0.200982,0.401966,0.694212
1164,-0.100492,0.401974,0.694249
1165,2.09619e-17,0.401977,0.694261
1166,0.100492,0.401974,0.694249
1167,0.200982,0.401966,0.694212
1168,0.301466,0.401954,0.694157
1169,0.401942,0.401942,0.694095
1170,-0.401956,-0.401956,0.793115
1171,-0.301475,-0.401962,0.793165
1172,-0.200988,-0.401969,0.793212
1173,-0.100495,-0.401973,0.793244
1174,-8.96873e-17,-0.401975,0.793256
1175,0.100495,-0.401973,0.793244
1176,0.200988,-0.401969,0.793212
1177,0.301475,-0.401962,0.793165
1178,0.401956,-0.401956,0.793115
1179,-0.401962,-0.301475,0.793165
1180,-0.30148,-0.30148,0.793214
1181,-0.200991,-0.301485,0.793261
1182,-0.100497,-0.301489,0.793293
1183,2.29154e-17,-0.30149,0.793304
1184,0.100497,-0.301489,0.793293
1185,0.200991,-0.301485,0.793261
1186,0.30148,-0.30148,0.793214
1187,0.401962,-0.301475,0.793165
1188,-0.401969,-0.200988,0.793212
1189,-0.301485,-0.200991,0.793261
1190,-0.200994,-0.200994,0.793307
1191,-0.100498,-0.200997,0.79334
1192,1.60091e-17,-0.200997,0.793352
1193,0.100498,-0.200997,0.79334
1194,0.200994,-0.200994,0.793307
1195,0.301485,-0.200991,0.793261
1196,0.401969,-0.200988,0.793212
1197,-0.401973,-0.100495,0.793244
1198,-0.301489,-0.100497,0.793293
1199,-0.200997,-0.100498,0.79334
1200,-0.100499,-0.100499,0.793373
1201,-1.69441e-17,-0.1005,0.793385
1202,0.100499,-0.100499,0.793373
1203,0.200997,-0.100498,0.79334
1204,0.301489,-0.100497,0.793293
1205,0.401973,-0.100495,0.793244
1206,-0.401975,7.60247e-17,0.793256
1207,-0.30149,8.29685e-17,0.793304
1208,-0.200997,9.47335e-17,0.793352
1209,-0.1005,5.39996e-17,0.793385
1210,-3.85799e-17,9.82727e-17,0.793396
1211,0.1005,1.0858e-16,0.793385
1212,0.200997,9.03113e-17,0.793352
1213,0.30149,1.82586e-17,0.793304
1214,0.401975,8.10824e-17,0.793256
1215,-0.401973,0.100495,0.793244
1216,-0.301489,0.100497,0.793293
1217,-0.200997,0.100498,0.79334
1218,-0.100499,0.100499,0.793373
1219,-4.05795e-17,0.1005,0.793385
1220,0.100499,0.100499,0.793373
1221,0.200997,0.100498,0.79334
1222,0.301489,0.100497,0.793293
1223,0.401973,0.100495,0.793244
1224,-0.401969,0.200988,0.793212
1225,-0.301485,0.200991,0.793261
1226,-0.200994,0.200994,0.793307
1227,-0.100498,0.200997,0.79334
1228,-5.0565e-17,0.200997,0.793352
1229,0.100498,0.200997,0.79334
1230,0.200994,0.200994,0.793307
1231,0.301485,0.200991,0.793261
1232,0.401969,0.200988,0.793212
1233,-0.401962,0.301475,0.793165
1234,-0.30148,0.30148,0.793214
1235,-0.200991,0.301485,0.793261
1236,-0.100497,0.301489,0.793293
1237,-2.94978e-17,0.30149,0.793304
1238,0.100497,0.301489,0.793293
1239,0.200991,0.301485,0.793261
1240,0.30148,0.30148,0.793214
1241,0.401962,0.301475,0.793165
1242,-0.401956,0.401956,0.793115
1243,-0.301475,0.401962,0.793165
1244,-0.200988,0.401969,0.793212
1245,-0.100495,0.401973,0.793244
1246,7.995e-18,0.401975,0.793256
1247,0.100495,0.401973,0.793244
1248,0.200988,0.401969,0.793212
1249,0.301475,0.401962,0.793165
1250,0.401956,0.401956,0.793115
1251,-0.401971,-0.401971,0.892124
1252,-0.301486,-0.401973,0.892167
1253,-0.200995,-0.401974,0.892207
1254,-0.100499,-0.401975,0.892235
1255,-2.46772e-17,-0.401975,0.892245
1256,0.100499,-0.401975,0.892235
1257,0.200995,-0.401974,0.892207
1258,0.301486,-0.401973,0.892167
1259,0.401971,-0.401971,0.892124
1260,-0.401973,-0.301486,0.892167
1261,-0.301488,-0.301488,0.892208
1262,-0.200996,-0.301489,0.892247
1263,-0.1005,-0.30149,0.892275
1264,-1.06365e-17,-0.30149,0.892285
1265,0.1005,-0.30149,0.892275
1266,0.200996,-0.301489,0.892247
1267,0.301488,-0.301488,0.892208
1268,0.401973,-0.301486,0.892167
1269,-0.401974,-0.200995,0.892207
1270,-0.301489,-0.200996,0.892247
1271,-0.200997,-0.200997,0.892287
1272,-0.1005,-0.200998,0.892315
1273,7.78145e-18,-0.200998,0.892325
1274,0.1005,-0.200998,0.892315
1275,0.200997,-0.200997,0.892287
1276,0.301489,-0.200996,0.892247
1277,0.401974,-0.200995,0.892207
1278,-0.401975,-0.100499,0.892235
1279,-0.30149,-0.1005,0.892275
1280,-0.200998,-0.1005,0.892315
1281,-0.100501,-0.100501,0.892343
1282,1.36337e-17,-0.100501,0.892353
1283,0.100501,-0.100501,0.892343
1284,0.200998,-0.1005,0.892315
1285,0.30149,-0.1005,0.892275
1286,0.401975,-0.100499,0.892235
1287,-0.401975,6.47576e-17,0.892245
1288,-0.30149,7.36722e-17,0.892285
1289,-0.200998,4.58121e-17,0.892325
1290,-0.100501,7.54924e-17,0.892353
1291,-3.13297e-17,3.76731e-17,0.892363
1292,0.100501,9.61205e-17,0.892353
1293,0.200998,2.17129e-17,0.892325
1294,0.30149,1.38551e-17,0.892285
1295,0.401975,4.20717e-17,0.892245
1296,-0.401975,0.100499,0.892235
1297,-0.30149,0.1005,0.892275
1298,-0.200998,0.1005,0.892315
1299,-0.100501,0.100501,0.892343
1300,-2.41087e-17,0.100501,0.892353
1301,0.100501,0.100501,0.892343
1302,0.200998,0.1005,0.892315
1303,0.30149,0.1005,0.892275
1304,0.401975,0.100499,0.892235
1305,-0.401974,0.200995,0.892207
1306,-0.301489,0.200996,0.892247
1307,-0.200997,0.200997,0.892287
1308,-0.1005,0.200998,0.892315
1309,-1.48651e-17,0.200998,0.892325
1310,0.1005,0.200998,0.892315
1311,0.200997,0.200997,0.892287
1312,0.301489,0.200996,0.892247
1313,0.401974,0.200995,0.892207
1314,-0.401973,0.301486,0.892167
1315,-0.301488,0.301488,0.892208
1316,-0.200996,0.301489,0.892247
1317,-0.1005,0.30149,0.892275
1318,-1.11889e-17,0.30149,0.892285
1319,0.1005,0.30149,0.892275
1320,0.200996,0.301489,0.892247
1321,0.301488,0.301488,0.892208
1322,0.401973,0.301486,0.892167
1323,-0.401971,0.401971,0.892124
1324,-0.301486,0.401973,0.892167
1325,-0.200995,0.401974,0.892207
1326,-0.100499,0.401975,0.892235
1327,1.54923e-17,0.401975,0.892245
1328,0.100499,0.401975,0.892235
1329,0.200995,0.401974,0.892207
1330,0.301486,0.401973,0.892167
1331,0.401971,0.401971,0.892124
