1,0.000998722
2,0.000998998
3,0.000998985
4,0.000999
5,0.000999
6,0.000999
7,0.000999
8,0.000998985
9,0.000998998
10,0.000998722
11,0.000998998
12,0.000999298
13,0.000999263
14,0.000999272
15,0.000999272
16,0.000999272
17,0.000999272
18,0.000999263
19,0.000999298
20,0.000998998
21,0.000998985
22,0.000999263
23,0.00099923
24,0.000999232
25,0.000999229
26,0.000999229
27,0.000999232
28,0.00099923
29,0.000999263
30,0.000998985
31,0.000999
32,0.000999272
33,0.000999232
34,0.000999232
35,0.000999227
36,0.000999227
37,0.000999232
38,0.000999232
39,0.000999272
40,0.000999
41,0.000999
42,0.000999272
43,0.000999229
44,0.000999227
45,0.000999221
46,0.000999221
47,0.000999227
48,0.000999229
49,0.000999272
50,0.000999
51,0.000999
52,0.000999272
53,0.000999229
54,0.000999227
55,0.000999221
56,0.000999221
57,0.000999227
58,0.000999229
59,0.000999272
60,0.000999
61,0.000999
62,0.000999272
63,0.000999232
64,0.000999232
65,0.000999227
66,0.000999227
67,0.000999232
68,0.000999232
69,0.000999272
70,0.000999
71,0.000998985
72,0.000999263
73,0.00099923
74,0.000999232
75,0.000999229
76,0.000999229
77,0.000999232
78,0.00099923
79,0.000999263
80,0.000998985
81,0.000998998
82,0.000999298
83,0.000999263
84,0.000999272
85,0.000999272
86,0.000999272
87,0.000999272
88,0.000999263
89,0.000999298
90,0.000998998
91,0.000998722
92,0.000998998
93,0.000998985
94,0.000999
95,0.000999
96,0.000999
97,0.000999
98,0.000998985
99,0.000998998
100,0.000998722
101,0.00099958
102,0.000999453
103,0.000999495
104,0.000999499
105,0.000999505
106,0.000999505
107,0.000999499
108,0.000999495
109,0.000999453
110,0.00099958
111,0.000999453
112,0.000999339
113,0.000999353
114,0.000999343
115,0.000999342
116,0.000999342
117,0.000999343
118,0.000999353
119,0.000999339
120,0.000999453
121,0.000999495
122,0.000999353
123,0.000999369
124,0.000999353
125,0.00099935
126,0.00099935
127,0.000999353
128,0.000999369
129,0.000999353
130,0.000999495
131,0.000999499
132,0.000999343
133,0.000999353
134,0.000999333
135,0.000999328
136,0.000999328
137,0.000999333
138,0.000999353
139,0.000999343
140,0.000999499
141,0.000999505
142,0.000999342
143,0.00099935
144,0.000999328
145,0.000999322
146,0.000999322
147,0.000999328
148,0.00099935
149,0.000999342
150,0.000999505
151,0.000999505
152,0.000999342
153,0.00099935
154,0.000999328
155,0.000999322
156,0.000999322
157,0.000999328
158,0.00099935
159,0.000999342
160,0.000999505
161,0.000999499
162,0.000999343
163,0.000999353
164,0.000999333
165,0.000999328
166,0.000999328
167,0.000999333
168,0.000999353
169,0.000999343
170,0.000999499
171,0.000999495
172,0.000999353
173,0.000999369
174,0.000999353
175,0.00099935
176,0.00099935
177,0.000999353
178,0.000999369
179,0.000999353
180,0.000999495
181,0.000999453
182,0.000999339
183,0.000999353
184,0.000999343
185,0.000999342
186,0.000999342
187,0.000999343
188,0.000999353
189,0.000999339
190,0.000999453
191,0.00099958
192,0.000999453
193,0.000999495
194,0.000999499
195,0.000999505
196,0.000999505
197,0.000999499
198,0.000999495
199,0.000999453
200,0.00099958
201,0.000999678
202,0.000999618
203,0.00099959
204,0.00099959
205,0.000999589
206,0.000999589
207,0.00099959
208,0.00099959
209,0.000999618
210,0.000999678
211,0.000999618
212,0.000999538
213,0.000999508
214,0.0009995
215,0.000999496
216,0.000999496
217,0.0009995
218,0.000999508
219,0.000999538
220,0.000999618
221,0.00099959
222,0.000999508
223,0.000999459
224,0.000999446
225,0.000999438
226,0.000999438
227,0.000999446
228,0.000999459
229,0.000999508
230,0.00099959
231,0.00099959
232,0.0009995
233,0.000999446
234,0.000999431
235,0.000999422
236,0.000999422
237,0.000999431
238,0.000999446
239,0.0009995
240,0.00099959
241,0.000999589
242,0.000999496
243,0.000999438
244,0.000999422
245,0.000999411
246,0.000999411
247,0.000999422
248,0.000999438
249,0.000999496
250,0.000999589
251,0.000999589
252,0.000999496
253,0.000999438
254,0.000999422
255,0.000999411
256,0.000999411
257,0.000999422
258,0.000999438
259,0.000999496
260,0.000999589
261,0.00099959
262,0.0009995
263,0.000999446
264,0.000999431
265,0.000999422
266,0.000999422
267,0.000999431
268,0.000999446
269,0.0009995
270,0.00099959
271,0.00099959
272,0.000999508
273,0.000999459
274,0.000999446
275,0.000999438
276,0.000999438
277,0.000999446
278,0.000999459
279,0.000999508
280,0.00099959
281,0.000999618
282,0.000999538
283,0.000999508
284,0.0009995
285,0.000999496
286,0.000999496
287,0.0009995
288,0.000999508
289,0.000999538
290,0.000999618
291,0.000999678
292,0.000999618
293,0.00099959
294,0.00099959
295,0.000999589
296,0.000999589
297,0.00099959
298,0.00099959
299,0.000999618
300,0.000999678
301,0.000999683
302,0.000999663
303,0.000999639
304,0.000999629
305,0.000999626
306,0.000999626
307,0.000999629
308,0.000999639
309,0.000999663
310,0.000999683
311,0.000999663
312,0.000999608
313,0.000999581
314,0.000999567
315,0.000999562
316,0.000999562
317,0.000999567
318,0.000999581
319,0.000999608
320,0.000999663
321,0.000999639
322,0.000999581
323,0.000999546
324,0.000999527
325,0.00099952
326,0.00099952
327,0.000999527
328,0.000999546
329,0.000999581
330,0.000999639
331,0.000999629
332,0.000999567
333,0.000999527
334,0.000999504
335,0.000999495
336,0.000999495
337,0.000999504
338,0.000999527
339,0.000999567
340,0.000999629
341,0.000999626
342,0.000999562
343,0.00099952
344,0.000999495
345,0.000999486
346,0.000999486
347,0.000999495
348,0.00099952
349,0.000999562
350,0.000999626
351,0.000999626
352,0.000999562
353,0.00099952
354,0.000999495
355,0.000999486
356,0.000999486
357,0.000999495
358,0.00099952
359,0.000999562
360,0.000999626
361,0.000999629
362,0.000999567
363,0.000999527
364,0.000999504
365,0.000999495
366,0.000999495
367,0.000999504
368,0.000999527
369,0.000999567
370,0.000999629
371,0.000999639
372,0.000999581
373,0.000999546
374,0.000999527
375,0.00099952
376,0.00099952
377,0.000999527
378,0.000999546
379,0.000999581
380,0.000999639
381,0.000999663
382,0.000999608
383,0.000999581
384,0.000999567
385,0.000999562
386,0.000999562
387,0.000999567
388,0.000999581
389,0.000999608
390,0.000999663
391,0.000999683
392,0.000999663
393,0.000999639
394,0.000999629
395,0.000999626
396,0.000999626
397,0.000999629
398,0.000999639
399,0.000999663
400,0.000999683
401,0.000999672
402,0.000999668
403,0.000999654
404,0.000999645
405,0.000999641
406,0.000999641
407,0.000999645
408,0.000999654
409,0.000999668
410,0.000999672
411,0.000999668
412,0.000999637
413,0.000999618
414,0.000999606
415,0.000999601
416,0.000999601
417,0.000999606
418,0.000999618
419,0.000999637
420,0.000999668
421,0.000999654
422,0.000999618
423,0.000999592
424,0.000999577
425,0.00099957
426,0.00099957
427,0.000999577
428,0.000999592
429,0.000999618
430,0.000999654
431,0.000999645
432,0.000999606
433,0.000999577
434,0.000999559
435,0.000999551
436,0.000999551
437,0.000999559
438,0.000999577
439,0.000999606
440,0.000999645
441,0.000999641
442,0.000999601
443,0.00099957
444,0.000999551
445,0.000999542
446,0.000999542
447,0.000999551
448,0.00099957
449,0.000999601
450,0.000999641
451,0.000999641
452,0.000999601
453,0.00099957
454,0.000999551
455,0.000999542
456,0.000999542
457,0.000999551
458,0.00099957
459,0.000999601
460,0.000999641
461,0.000999645
462,0.000999606
463,0.000999577
464,0.000999559
465,0.000999551
466,0.000999551
467,0.000999559
468,0.000999577
469,0.000999606
470,0.000999645
471,0.000999654
472,0.000999618
473,0.000999592
474,0.000999577
475,0.00099957
476,0.00099957
477,0.000999577
478,0.000999592
479,0.000999618
480,0.000999654
481,0.000999668
482,0.000999637
483,0.000999618
484,0.000999606
485,0.000999601
486,0.000999601
487,0.000999606
488,0.000999618
489,0.000999637
490,0.000999668
491,0.000999672
492,0.000999668
493,0.000999654
494,0.000999645
495,0.000999641
496,0.000999641
497,0.000999645
498,0.000999654
499,0.000999668
500,0.000999672
501,0.00099966
502,0.000999662
503,0.000999656
504,0.00099965
505,0.000999647
506,0.000999647
507,0.00099965
508,0.000999656
509,0.000999662
510,0.00099966
511,0.000999662
512,0.000999646
513,0.000999634
514,0.000999626
515,0.000999622
516,0.000999622
517,0.000999626
518,0.000999634
519,0.000999646
520,0.000999662
521,0.000999656
522,0.000999634
523,0.000999618
524,0.000999608
525,0.000999603
526,0.000999603
527,0.000999608
528,0.000999618
529,0.000999634
530,0.000999656
531,0.00099965
532,0.000999626
533,0.000999608
534,0.000999596
535,0.00099959
536,0.00099959
537,0.000999596
538,0.000999608
539,0.000999626
540,0.00099965
541,0.000999647
542,0.000999622
543,0.000999603
544,0.00099959
545,0.000999583
546,0.000999583
547,0.00099959
548,0.000999603
549,0.000999622
550,0.000999647
551,0.000999647
552,0.000999622
553,0.000999603
554,0.00099959
555,0.000999583
556,0.000999583
557,0.00099959
558,0.000999603
559,0.000999622
560,0.000999647
561,0.00099965
562,0.000999626
563,0.000999608
564,0.000999596
565,0.00099959
566,0.00099959
567,0.000999596
568,0.000999608
569,0.000999626
570,0.00099965
571,0.000999656
572,0.000999634
573,0.000999618
574,0.000999608
575,0.000999603
576,0.000999603
577,0.000999608
578,0.000999618
579,0.000999634
580,0.000999656
581,0.000999662
582,0.000999646
583,0.000999634
584,0.000999626
585,0.000999622
586,0.000999622
587,0.000999626
588,0.000999634
589,0.000999646
590,0.000999662
591,0.00099966
592,0.000999662
593,0.000999656
594,0.00099965
595,0.000999647
596,0.000999647
597,0.00099965
598,0.000999656
599,0.000999662
600,0.00099966
601,0.000999649
602,0.000999653
603,0.000999652
604,0.000999649
605,0.000999647
606,0.000999647
607,0.000999649
608,0.000999652
609,0.000999653
610,0.000999649
611,0.000999653
612,0.000999646
613,0.000999641
614,0.000999636
615,0.000999634
616,0.000999634
617,0.000999636
618,0.000999641
619,0.000999646
620,0.000999653
621,0.000999652
622,0.000999641
623,0.000999632
624,0.000999626
625,0.000999622
626,0.000999622
627,0.000999626
628,0.000999632
629,0.000999641
630,0.000999652
631,0.000999649
632,0.000999636
633,0.000999626
634,0.000999618
635,0.000999615
636,0.000999615
637,0.000999618
638,0.000999626
639,0.000999636
640,0.000999649
641,0.000999647
642,0.000999634
643,0.000999622
644,0.000999615
645,0.000999611
646,0.000999611
647,0.000999615
648,0.000999622
649,0.000999634
650,0.000999647
651,0.000999647
652,0.000999634
653,0.000999622
654,0.000999615
655,0.000999611
656,0.000999611
657,0.000999615
658,0.000999622
659,0.000999634
660,0.000999647
661,0.000999649
662,0.000999636
663,0.000999626
664,0.000999618
665,0.000999615
666,0.000999615
667,0.000999618
668,0.000999626
669,0.000999636
670,0.000999649
671,0.000999652
672,0.000999641
673,0.000999632
674,0.000999626
675,0.000999622
676,0.000999622
677,0.000999626
678,0.000999632
679,0.000999641
680,0.000999652
681,0.000999653
682,0.000999646
683,0.000999641
684,0.000999636
685,0.000999634
686,0.000999634
687,0.000999636
688,0.000999641
689,0.000999646
690,0.000999653
691,0.000999649
692,0.000999653
693,0.000999652
694,0.000999649
695,0.000999647
696,0.000999647
697,0.000999649
698,0.000999652
699,0.000999653
700,0.000999649
701,0.000999642
702,0.000999646
703,0.000999647
704,0.000999647
705,0.000999646
706,0.000999646
707,0.000999647
708,0.000999647
709,0.000999646
710,0.000999642
711,0.000999646
712,0.000999644
713,0.000999643
714,0.000999642
715,0.000999641
716,0.000999641
717,0.000999642
718,0.000999643
719,0.000999644
720,0.000999646
721,0.000999647
722,0.000999643
723,0.00099964
724,0.000999638
725,0.000999637
726,0.000999637
727,0.000999638
728,0.00099964
729,0.000999643
730,0.000999647
731,0.000999647
732,0.000999642
733,0.000999638
734,0.000999635
735,0.000999633
736,0.000999633
737,0.000999635
738,0.000999638
739,0.000999642
740,0.000999647
741,0.000999646
742,0.000999641
743,0.000999637
744,0.000999633
745,0.000999631
746,0.000999631
747,0.000999633
748,0.000999637
749,0.000999641
750,0.000999646
751,0.000999646
752,0.000999641
753,0.000999637
754,0.000999633
755,0.000999631
756,0.000999631
757,0.000999633
758,0.000999637
759,0.000999641
760,0.000999646
761,0.000999647
762,0.000999642
763,0.000999638
764,0.000999635
765,0.000999633
766,0.000999633
767,0.000999635
768,0.000999638
769,0.000999642
770,0.000999647
771,0.000999647
772,0.000999643
773,0.00099964
774,0.000999638
775,0.000999637
776,0.000999637
777,0.000999638
778,0.00099964
779,0.000999643
780,0.000999647
781,0.000999646
782,0.000999644
783,0.000999643
784,0.000999642
785,0.000999641
786,0.000999641
787,0.000999642
788,0.000999643
789,0.000999644
790,0.000999646
791,0.000999642
792,0.000999646
793,0.000999647
794,0.000999647
795,0.000999646
796,0.000999646
797,0.000999647
798,0.000999647
799,0.000999646
800,0.000999642
801,0.000999635
802,0.000999639
803,0.000999642
804,0.000999644
805,0.000999645
806,0.000999645
807,0.000999644
808,0.000999642
809,0.000999639
810,0.000999635
811,0.000999639
812,0.000999641
813,0.000999644
814,0.000999645
815,0.000999646
816,0.000999646
817,0.000999645
818,0.000999644
819,0.000999641
820,0.000999639
821,0.000999642
822,0.000999644
823,0.000999645
824,0.000999646
825,0.000999647
826,0.000999647
827,0.000999646
828,0.000999645
829,0.000999644
830,0.000999642
831,0.000999644
832,0.000999645
833,0.000999646
834,0.000999647
835,0.000999648
836,0.000999648
837,0.000999647
838,0.000999646
839,0.000999645
840,0.000999644
841,0.000999645
842,0.000999646
843,0.000999647
844,0.000999648
845,0.000999648
846,0.000999648
847,0.000999648
848,0.000999647
849,0.000999646
850,0.000999645
851,0.000999645
852,0.000999646
853,0.000999647
854,0.000999648
855,0.000999648
856,0.000999648
857,0.000999648
858,0.000999647
859,0.000999646
860,0.000999645
861,0.000999644
862,0.000999645
863,0.000999646
864,0.000999647
865,0.000999648
866,0.000999648
867,0.000999647
868,0.000999646
869,0.000999645
870,0.000999644
871,0.000999642
872,0.000999644
873,0.000999645
874,0.000999646
875,0.000999647
876,0.000999647
877,0.000999646
878,0.000999645
879,0.000999644
880,0.000999642
881,0.000999639
882,0.000999641
883,0.000999644
884,0.000999645
885,0.000999646
886,0.000999646
887,0.000999645
888,0.000999644
889,0.000999641
890,0.000999639
891,0.000999635
892,0.000999639
893,0.000999642
894,0.000999644
895,0.000999645
896,0.000999645
897,0.000999644
898,0.000999642
899,0.000999639
900,0.000999635
901,0.00099963
902,0.000999635
903,0.000999639
904,0.000999643
905,0.000999645
906,0.000999645
907,0.000999643
908,0.000999639
909,0.000999635
910,0.00099963
911,0.000999635
912,0.000999639
913,0.000999645
914,0.00099965
915,0.000999652
916,0.000999652
917,0.00099965
918,0.000999645
919,0.000999639
920,0.000999635
921,0.000999639
922,0.000999645
923,0.000999651
924,0.000999656
925,0.000999659
926,0.000999659
927,0.000999656
928,0.000999651
929,0.000999645
930,0.000999639
931,0.000999643
932,0.00099965
933,0.000999656
934,0.000999661
935,0.000999664
936,0.000999664
937,0.000999661
938,0.000999656
939,0.00099965
940,0.000999643
941,0.000999645
942,0.000999652
943,0.000999659
944,0.000999664
945,0.000999667
946,0.000999667
947,0.000999664
948,0.000999659
949,0.000999652
950,0.000999645
951,0.000999645
952,0.000999652
953,0.000999659
954,0.000999664
955,0.000999667
956,0.000999667
957,0.000999664
958,0.000999659
959,0.000999652
960,0.000999645
961,0.000999643
962,0.00099965
963,0.000999656
964,0.000999661
965,0.000999664
966,0.000999664
967,0.000999661
968,0.000999656
969,0.00099965
970,0.000999643
971,0.000999639
972,0.000999645
973,0.000999651
974,0.000999656
975,0.000999659
976,0.000999659
977,0.000999656
978,0.000999651
979,0.000999645
980,0.000999639
981,0.000999635
982,0.000999639
983,0.000999645
984,0.00099965
985,0.000999652
986,0.000999652
987,0.00099965
988,0.000999645
989,0.000999639
990,0.000999635
991,0.00099963
992,0.000999635
993,0.000999639
994,0.000999643
995,0.000999645
996,0.000999645
997,0.000999643
998,0.000999639
999,0.000999635
1000,0.00099963
