1,0.04,0.0398667,0.0397254,0.039575,0.0394146,0.0392428,0.0390578,0.0388576,0.0386394,0.0383997,0.0381332
2,0.04,0.0398667,0.0397254,0.039575,0.0394146,0.0392428,0.0390578,0.0388576,0.0386394,0.0383997,0.0381332
3,0.04,0.04,0.04,0.04,0.04,0.04,0.04,0.04,0.04,0.04,0.04
4,0.04,0.0398735,0.039741,0.0396018,0.0394552,0.0393001,0.0391355,0.0389596,0.0387708,0.0385663,0.0383424
5,0.04,0.04,0.04,0.04,0.04,0.04,0.04,0.04,0.04,0.04,0.04
6,0.04,0.0398702,0.0397347,0.0395931,0.0394447,0.0392884,0.0391233,0.0389479,0.0387606,0.038559,0.0383396
7,0.04,0.04,0.04,0.04,0.04,0.04,0.04,0.04,0.04,0.04,0.04
8,0.04,0.0398735,0.039741,0.0396018,0.0394552,0.0393001,0.0391355,0.0389596,0.0387708,0.0385663,0.0383424
9,0.04,0.04,0.04,0.04,0.04,0.04,0.04,0.04,0.04,0.04,0.04
10,0.04,0.0398667,0.0397254,0.039575,0.0394146,0.0392428,0.0390578,0.0388576,0.0386394,0.0383997,0.0381332
11,0.04,0.0398667,0.0397254,0.039575,0.0394146,0.0392428,0.0390578,0.0388576,0.0386394,0.0383997,0.0381332
12,0.04,0.04,0.04,0.04,0.04,0.04,0.04,0.04,0.04,0.04,0.04
13,0.04,0.0398735,0.039741,0.0396018,0.0394552,0.0393001,0.0391355,0.0389596,0.0387708,0.0385663,0.0383424
14,0.04,0.04,0.04,0.04,0.04,0.04,0.04,0.04,0.04,0.04,0.04
15,0.04,0.04,0.04,0.04,0.04,0.04,0.04,0.04,0.04,0.04,0.04
16,0.04,0.04,0.04,0.04,0.04,0.04,0.04,0.04,0.04,0.04,0.04
17,0.04,0.04,0.04,0.04,0.04,0.04,0.04,0.04,0.04,0.04,0.04
18,0.04,0.0398735,0.039741,0.0396018,0.0394552,0.0393001,0.0391355,0.0389596,0.0387708,0.0385663,0.0383424
19,0.04,0.04,0.04,0.04,0.04,0.04,0.04,0.04,0.04,0.04,0.04
20,0.04,0.0398702,0.0397347,0.0395931,0.0394447,0.0392884,0.0391233,0.0389479,0.0387606,0.038559,0.0383396
21,0.04,0.04,0.04,0.04,0.04,0.04,0.04,0.04,0.04,0.04,0.04
22,0.04,0.04,0.04,0.04,0.04,0.04,0.04,0.04,0.04,0.04,0.04
23,0.04,0.04,0.04,0.04,0.04,0.04,0.04,0.04,0.04,0.04,0.04
24,0.04,0.04,0.04,0.04,0.04,0.04,0.04,0.04,0.04,0.04,0.04
25,0.04,0.0398702,0.0397347,0.0395931,0.0394447,0.0392884,0.0391233,0.0389479,0.0387606,0.038559,0.0383396
26,0.04,0.04,0.04,0.04,0.04,0.04,0.04,0.04,0.04,0.04,0.04
27,0.04,0.0398735,0.039741,0.0396018,0.0394552,0.0393001,0.0391355,0.0389596,0.0387708,0.0385663,0.0383424
28,0.04,0.04,0.04,0.04,0.04,0.04,0.04,0.04,0.04,0.04,0.04
29,0.04,0.04,0.04,0.04,0.04,0.04,0.04,0.04,0.04,0.04,0.04
30,0.04,0.04,0.04,0.04,0.04,0.04,0.04,0.04,0.04,0.04,0.04
31,0.04,0.04,0.04,0.04,0.04,0.04,0.04,0.04,0.04,0.04,0.04
32,0.04,0.0398735,0.039741,0.0396018,0.0394552,0.0393001,0.0391355,0.0389596,0.0387708,0.0385663,0.0383424
33,0.04,0.04,0.04,0.04,0.04,0.04,0.04,0.04,0.04,0.04,0.04
34,0.04,0.0398667,0.0397254,0.039575,0.0394146,0.0392428,0.0390578,0.0388576,0.0386394,0.0383997,0.0381332
35,0.04,0.0398667,0.0397254,0.039575,0.0394146,0.0392428,0.0390578,0.0388576,0.0386394,0.0383997,0.0381332
36,0.04,0.04,0.04,0.04,0.04,0.04,0.04,0.04,0.04,0.04,0.04
37,0.04,0.0398735,0.039741,0.0396018,0.0394552,0.0393001,0.0391355,0.0389596,0.0387708,0.0385663,0.0383424
38,0.04,0.04,0.04,0.04,0.04,0.04,0.04,0.04,0.04,0.04,0.04
39,0.04,0.0398702,0.0397347,0.0395931,0.0394447,0.0392884,0.0391233,0.0389479,0.0387606,0.038559,0.0383396
40,0.04,0.04,0.04,0.04,0.04,0.04,0.04,0.04,0.04,0.04,0.04
41,0.04,0.0398735,0.039741,0.0396018,0.0394552,0.0393001,0.0391355,0.0389596,0.0387708,0.0385663,0.0383424
42,0.04,0.04,0.04,0.04,0.04,0.04,0.04,0.04,0.04,0.04,0.04
43,0.04,0.0398667,0.0397254,0.039575,0.0394146,0.0392428,0.0390578,0.0388576,0.0386394,0.0383997,0.0381332
44,0.04,0.0398667,0.0397254,0.039575,0.0394146,0.0392428,0.0390578,0.0388576,0.0386394,0.0383997,0.0381332
45,0.04,0.04,0.04,0.04,0.04,0.04,0.04,0.04,0.04,0.04,0.04
46,0.04,0.0398169,0.0396201,0.0394077,0.0391778,0.0389279,0.0386548,0.0383544,0.0380216,0.0376492,0.0372269
47,0.04,0.0398169,0.0396201,0.0394077,0.0391778,0.0389279,0.0386548,0.0383544,0.0380216,0.0376492,0.0372269
48,0.04,0.0398121,0.0396111,0.0393953,0.0391626,0.0389107,0.0386365,0.0383361,0.0380043,0.0376341,0.0372158
49,0.04,0.0398114,0.0396101,0.0393945,0.0391627,0.0389122,0.0386402,0.0383426,0.0380146,0.0376495,0.0372373
50,0.04,0.0398121,0.0396111,0.0393953,0.0391626,0.0389107,0.0386365,0.0383361,0.0380043,0.0376341,0.0372158
51,0.04,0.0398169,0.0396201,0.0394077,0.0391778,0.0389279,0.0386548,0.0383544,0.0380216,0.0376492,0.0372269
52,0.04,0.0398169,0.0396201,0.0394077,0.0391778,0.0389279,0.0386548,0.0383544,0.0380216,0.0376492,0.0372269
53,0.04,0.0398121,0.0396111,0.0393953,0.0391626,0.0389107,0.0386365,0.0383361,0.0380043,0.0376341,0.0372158
54,0.04,0.0398121,0.0396111,0.0393953,0.0391626,0.0389107,0.0386365,0.0383361,0.0380043,0.0376341,0.0372158
55,0.04,0.0398114,0.0396101,0.0393945,0.0391627,0.0389122,0.0386402,0.0383426,0.0380146,0.0376495,0.0372373
56,0.04,0.0398114,0.0396101,0.0393945,0.0391627,0.0389122,0.0386402,0.0383426,0.0380146,0.0376495,0.0372373
57,0.04,0.0398121,0.0396111,0.0393953,0.0391626,0.0389107,0.0386365,0.0383361,0.0380043,0.0376341,0.0372158
58,0.04,0.0398121,0.0396111,0.0393953,0.0391626,0.0389107,0.0386365,0.0383361,0.0380043,0.0376341,0.0372158
59,0.04,0.0398169,0.0396201,0.0394077,0.0391778,0.0389279,0.0386548,0.0383544,0.0380216,0.0376492,0.0372269
60,0.04,0.0398169,0.0396201,0.0394077,0.0391778,0.0389279,0.0386548,0.0383544,0.0380216,0.0376492,0.0372269
61,0.04,0.0398121,0.0396111,0.0393953,0.0391626,0.0389107,0.0386365,0.0383361,0.0380043,0.0376341,0.0372158
62,0.04,0.0398114,0.0396101,0.0393945,0.0391627,0.0389122,0.0386402,0.0383426,0.0380146,0.0376495,0.0372373
63,0.04,0.0398121,0.0396111,0.0393953,0.0391626,0.0389107,0.0386365,0.0383361,0.0380043,0.0376341,0.0372158
64,0.04,0.0398169,0.0396201,0.0394077,0.0391778,0.0389279,0.0386548,0.0383544,0.0380216,0.0376492,0.0372269
65,0.04,0.0398169,0.0396201,0.0394077,0.0391778,0.0389279,0.0386548,0.0383544,0.0380216,0.0376492,0.0372269
66,0.04,0.0398036,0.0395912,0.0393607,0.0391096,0.0388347,0.0385323,0.0381972,0.0378229,0.0374001,0.0369158
67,0.04,0.0398036,0.0395912,0.0393607,0.0391096,0.0388347,0.0385323,0.0381972,0.0378229,0.0374001,0.0369158
68,0.04,0.0398004,0.0395846,0.0393502,0.0390949,0.0388152,0.0385072,0.0381656,0.0377835,0.0373515,0.0368558
69,0.04,0.0398009,0.0395856,0.039352,0.0390976,0.038819,0.0385122,0.0381719,0.0377913,0.0373609,0.0368669
70,0.04,0.0398004,0.0395846,0.0393502,0.0390949,0.0388152,0.0385072,0.0381656,0.0377835,0.0373515,0.0368558
71,0.04,0.0398036,0.0395912,0.0393607,0.0391096,0.0388347,0.0385323,0.0381972,0.0378229,0.0374001,0.0369158
72,0.04,0.0398036,0.0395912,0.0393607,0.0391096,0.0388347,0.0385323,0.0381972,0.0378229,0.0374001,0.0369158
73,0.04,0.0398004,0.0395846,0.0393502,0.0390949,0.0388152,0.0385072,0.0381656,0.0377835,0.0373515,0.0368558
74,0.04,0.0398004,0.0395846,0.0393502,0.0390949,0.0388152,0.0385072,0.0381656,0.0377835,0.0373515,0.0368558
75,0.04,0.0398009,0.0395856,0.039352,0.0390976,0.038819,0.0385122,0.0381719,0.0377913,0.0373609,0.0368669
76,0.04,0.0398009,0.0395856,0.039352,0.0390976,0.038819,0.0385122,0.0381719,0.0377913,0.0373609,0.0368669
77,0.04,0.0398004,0.0395846,0.0393502,0.0390949,0.0388152,0.0385072,0.0381656,0.0377835,0.0373515,0.0368558
78,0.04,0.0398004,0.0395846,0.0393502,0.0390949,0.0388152,0.0385072,0.0381656,0.0377835,0.0373515,0.0368558
79,0.04,0.0398036,0.0395912,0.0393607,0.0391096,0.0388347,0.0385323,0.0381972,0.0378229,0.0374001,0.0369158
80,0.04,0.0398036,0.0395912,0.0393607,0.0391096,0.0388347,0.0385323,0.0381972,0.0378229,0.0374001,0.0369158
81,0.04,0.0398004,0.0395846,0.0393502,0.0390949,0.0388152,0.0385072,0.0381656,0.0377835,0.0373515,0.0368558
82,0.04,0.0398009,0.0395856,0.039352,0.0390976,0.038819,0.0385122,0.0381719,0.0377913,0.0373609,0.0368669
83,0.04,0.0398004,0.0395846,0.0393502,0.0390949,0.0388152,0.0385072,0.0381656,0.0377835,0.0373515,0.0368558
84,0.04,0.0398036,0.0395912,0.0393607,0.0391096,0.0388347,0.0385323,0.0381972,0.0378229,0.0374001,0.0369158
85,0.04,0.0398036,0.0395912,0.0393607,0.0391096,0.0388347,0.0385323,0.0381972,0.0378229,0.0374001,0.0369158
86,0.04,0.0397937,0.0395698,0.0393262,0.0390598,0.0387674,0.0384444,0.038085,0.0376818,0.0372242,0.0366969
87,0.04,0.0397937,0.0395698,0.0393262,0.0390598,0.0387674,0.0384444,0.038085,0.0376818,0.0372242,0.0366969
88,0.04,0.0397916,0.0395653,0.0393187,0.0390488,0.0387519,0.0384236,0.0380577,0.0376465,0.0371789,0.0366388
89,0.04,0.0397919,0.0395658,0.0393193,0.0390494,0.0387524,0.0384238,0.0380574,0.0376453,0.0371763,0.0366342
90,0.04,0.0397916,0.0395653,0.0393187,0.0390488,0.0387519,0.0384236,0.0380577,0.0376465,0.0371789,0.0366388
91,0.04,0.0397937,0.0395698,0.0393262,0.0390598,0.0387674,0.0384444,0.038085,0.0376818,0.0372242,0.0366969
92,0.04,0.0397937,0.0395698,0.0393262,0.0390598,0.0387674,0.0384444,0.038085,0.0376818,0.0372242,0.0366969
93,0.04,0.0397916,0.0395653,0.0393187,0.0390488,0.0387519,0.0384236,0.0380577,0.0376465,0.0371789,0.0366388
94,0.04,0.0397916,0.0395653,0.0393187,0.0390488,0.0387519,0.0384236,0.0380577,0.0376465,0.0371789,0.0366388
95,0.04,0.0397919,0.0395658,0.0393193,0.0390494,0.0387524,0.0384238,0.0380574,0.0376453,0.0371763,0.0366342
96,0.04,0.0397919,0.0395658,0.0393193,0.0390494,0.0387524,0.0384238,0.0380574,0.0376453,0.0371763,0.0366342
97,0.04,0.0397916,0.0395653,0.0393187,0.0390488,0.0387519,0.0384236,0.0380577,0.0376465,0.0371789,0.0366388
98,0.04,0.0397916,0.0395653,0.0393187,0.0390488,0.0387519,0.0384236,0.0380577,0.0376465,0.0371789,0.0366388
99,0.04,0.0397937,0.0395698,0.0393262,0.0390598,0.0387674,0.0384444,0.038085,0.0376818,0.0372242,0.0366969
100,0.04,0.0397937,0.0395698,0.0393262,0.0390598,0.0387674,0.0384444,0.038085,0.0376818,0.0372242,0.0366969
101,0.04,0.0397916,0.0395653,0.0393187,0.0390488,0.0387519,0.0384236,0.0380577,0.0376465,0.0371789,0.0366388
102,0.04,0.0397919,0.0395658,0.0393193,0.0390494,0.0387524,0.0384238,0.0380574,0.0376453,0.0371763,0.0366342
103,0.04,0.0397916,0.0395653,0.0393187,0.0390488,0.0387519,0.0384236,0.0380577,0.0376465,0.0371789,0.0366388
104,0.04,0.0397937,0.0395698,0.0393262,0.0390598,0.0387674,0.0384444,0.038085,0.0376818,0.0372242,0.0366969
105,0.04,0.0397937,0.0395698,0.0393262,0.0390598,0.0387674,0.0384444,0.038085,0.0376818,0.0372242,0.0366969
106,0.04,0.039787,0.0395557,0.0393034,0.0390271,0.0387233,0.038387,0.0380121,0.0375906,0.037111,0.0365566
107,0.04,0.0397871,0.0395557,0.0393034,0.0390271,0.0387233,0.038387,0.0380121,0.0375906,0.037111,0.0365566
108,0.04,0.0403891,0.0407946,0.0412183,0.0416624,0.0421297,0.0426234,0.0431482,0.0437097,0.0443158,0.0449781
109,0.04,0.0397869,0.039555,0.0393017,0.039024,0.0387179,0.0383787,0.0379998,0.037573,0.0370864,0.0365227
110,0.04,0.040394,0.0408046,0.0412337,0.0416835,0.0421569,0.0426572,0.0431891,0.0437584,0.0443733,0.0450455
111,0.04,0.0397873,0.0395555,0.0393023,0.0390244,0.0387179,0.0383779,0.0379979,0.0375695,0.0370806,0.0365137
112,0.04,0.040396,0.0408087,0.0412401,0.0416922,0.0421681,0.0426711,0.043206,0.0437785,0.044397,0.0450733
113,0.04,0.0397869,0.039555,0.0393017,0.039024,0.0387179,0.0383787,0.0379998,0.037573,0.0370864,0.0365227
114,0.04,0.040394,0.0408046,0.0412337,0.0416835,0.0421569,0.0426572,0.0431891,0.0437584,0.0443733,0.0450455
115,0.04,0.0397871,0.0395557,0.0393034,0.0390271,0.0387233,0.038387,0.0380121,0.0375906,0.037111,0.0365566
116,0.04,0.039787,0.0395557,0.0393034,0.0390271,0.0387233,0.038387,0.0380121,0.0375906,0.037111,0.0365566
117,0.04,0.0403891,0.0407946,0.0412183,0.0416624,0.0421297,0.0426234,0.0431482,0.0437097,0.0443158,0.0449781
118,0.04,0.0397869,0.039555,0.0393017,0.039024,0.0387179,0.0383787,0.0379998,0.037573,0.0370864,0.0365227
119,0.04,0.040394,0.0408046,0.0412337,0.0416835,0.0421569,0.0426572,0.0431891,0.0437584,0.0443733,0.0450455
120,0.04,0.0403993,0.0408153,0.04125,0.0417056,0.042185,0.0426917,0.0432303,0.0438068,0.0444294,0.0451103
121,0.04,0.0404016,0.04082,0.0412572,0.0417154,0.0421975,0.0427071,0.0432488,0.0438285,0.0444547,0.0451395
122,0.04,0.0403993,0.0408153,0.04125,0.0417056,0.042185,0.0426917,0.0432303,0.0438068,0.0444294,0.0451103
123,0.04,0.0397869,0.039555,0.0393017,0.039024,0.0387179,0.0383787,0.0379998,0.037573,0.0370864,0.0365227
124,0.04,0.040394,0.0408046,0.0412337,0.0416835,0.0421569,0.0426572,0.0431891,0.0437584,0.0443733,0.0450455
125,0.04,0.0397873,0.0395555,0.0393023,0.0390244,0.0387179,0.0383779,0.0379979,0.0375695,0.0370806,0.0365137
126,0.04,0.040396,0.0408087,0.0412401,0.0416922,0.0421681,0.0426711,0.043206,0.0437785,0.044397,0.0450733
127,0.04,0.0404016,0.04082,0.0412572,0.0417154,0.0421975,0.0427071,0.0432488,0.0438285,0.0444547,0.0451395
128,0.04,0.040404,0.0408249,0.0412646,0.0417254,0.0422103,0.0427228,0.0432675,0.0438506,0.0444804,0.0451691
129,0.04,0.0404016,0.04082,0.0412572,0.0417154,0.0421975,0.0427071,0.0432488,0.0438285,0.0444547,0.0451395
130,0.04,0.0397873,0.0395555,0.0393023,0.0390244,0.0387179,0.0383779,0.0379979,0.0375695,0.0370806,0.0365137
131,0.04,0.040396,0.0408087,0.0412401,0.0416922,0.0421681,0.0426711,0.043206,0.0437785,0.044397,0.0450733
132,0.04,0.0397869,0.039555,0.0393017,0.039024,0.0387179,0.0383787,0.0379998,0.037573,0.0370864,0.0365227
133,0.04,0.040394,0.0408046,0.0412337,0.0416835,0.0421569,0.0426572,0.0431891,0.0437584,0.0443733,0.0450455
134,0.04,0.0403993,0.0408153,0.04125,0.0417056,0.042185,0.0426917,0.0432303,0.0438068,0.0444294,0.0451103
135,0.04,0.0404016,0.04082,0.0412572,0.0417154,0.0421975,0.0427071,0.0432488,0.0438285,0.0444547,0.0451396
136,0.04,0.0403993,0.0408153,0.04125,0.0417056,0.042185,0.0426917,0.0432303,0.0438068,0.0444294,0.0451103
137,0.04,0.0397869,0.039555,0.0393017,0.039024,0.0387179,0.0383787,0.0379998,0.037573,0.0370864,0.0365227
138,0.04,0.040394,0.0408046,0.0412337,0.0416835,0.0421569,0.0426572,0.0431891,0.0437584,0.0443733,0.0450455
139,0.04,0.0397871,0.0395557,0.0393034,0.0390271,0.0387233,0.038387,0.0380121,0.0375906,0.037111,0.0365566
140,0.04,0.039787,0.0395557,0.0393034,0.0390271,0.0387233,0.038387,0.0380121,0.0375906,0.037111,0.0365566
141,0.04,0.0403891,0.0407946,0.0412183,0.0416624,0.0421297,0.0426234,0.0431482,0.0437097,0.0443158,0.0449781
142,0.04,0.0397869,0.039555,0.0393017,0.039024,0.0387179,0.0383787,0.0379998,0.037573,0.0370864,0.0365227
143,0.04,0.040394,0.0408046,0.0412337,0.0416835,0.0421569,0.0426572,0.0431891,0.0437584,0.0443733,0.0450455
144,0.04,0.0397873,0.0395555,0.0393023,0.0390244,0.0387179,0.0383779,0.0379979,0.0375695,0.0370806,0.0365137
145,0.04,0.040396,0.0408087,0.0412401,0.0416922,0.0421681,0.0426711,0.0432059,0.0437785,0.044397,0.0450733
146,0.04,0.0397869,0.039555,0.0393017,0.039024,0.0387179,0.0383787,0.0379998,0.037573,0.0370864,0.0365227
147,0.04,0.040394,0.0408046,0.0412337,0.0416835,0.0421569,0.0426572,0.0431891,0.0437584,0.0443733,0.0450455
148,0.04,0.0397871,0.0395557,0.0393034,0.0390271,0.0387233,0.038387,0.0380121,0.0375906,0.037111,0.0365566
149,0.04,0.039787,0.0395557,0.0393034,0.0390271,0.0387233,0.038387,0.0380121,0.0375906,0.037111,0.0365566
150,0.04,0.0403891,0.0407946,0.0412183,0.0416624,0.0421297,0.0426234,0.0431482,0.0437097,0.0443158,0.0449781
