1,-0.5,-0.5,0,-0.5,-0.5,0,-0.5,-0.5,0,-0.5,-0.5,0,-0.5,-0.5,0,-0.5,-0.5,0,-0.5,-0.5,0,-0.5,-0.5,0,-0.5,-0.5,0,-0.5,-0.5,0,-0.5,-0.5,0
2,0.5,-0.5,0,0.5,-0.5,0,0.5,-0.5,0,0.5,-0.5,0,0.5,-0.5,0,0.5,-0.5,0,0.5,-0.5,0,0.5,-0.5,0,0.5,-0.5,0,0.5,-0.5,0,0.5,-0.5,0
3,0.5,0.5,0,0.5,0.5,0,0.5,0.5,0,0.5,0.5,0,0.5,0.5,0,0.5,0.5,0,0.5,0.5,0,0.5,0.5,0,0.5,0.5,0,0.5,0.5,0,0.5,0.5,0
4,-0.5,0.5,0,-0.5,0.5,0,-0.5,0.5,0,-0.5,0.5,0,-0.5,0.5,0,-0.5,0.5,0,-0.5,0.5,0,-0.5,0.5,0,-0.5,0.5,0,-0.5,0.5,0,-0.5,0.5,0
5,-0.5,-0.5,1,-0.502463,-0.502463,0.991394,-0.505016,-0.505016,0.982334,-0.507668,-0.507668,0.972765,-0.510431,-0.510431,0.96262,-0.513321,-0.513321,0.951818,-0.516357,-0.516357,0.940256,-0.519562,-0.519562,0.927799,-0.522968,-0.522968,0.914279,-0.526618,-0.526618,0.899455,-0.530578,-0.530578,0.88298
6,0.5,-0.5,1,0.502463,-0.502463,0.991394,0.505016,-0.505016,0.982334,0.507668,-0.507668,0.972765,0.510431,-0.510431,0.96262,0.513321,-0.513321,0.951818,0.516357,-0.516357,0.940256,0.519562,-0.519562,0.927799,0.522968,-0.522968,0.914279,0.526618,-0.526618,0.899455,0.530578,-0.530578,0.88298
7,0.5,0.5,1,0.502463,0.502463,0.991394,0.505016,0.505016,0.982334,0.507668,0.507668,0.972765,0.510431,0.510431,0.96262,0.513321,0.513321,0.951818,0.516357,0.516357,0.940256,0.519562,0.519562,0.927799,0.522968,0.522968,0.914279,0.526618,0.526618,0.899455,0.530578,0.530578,0.88298
8,-0.5,0.5,1,-0.502463,0.502463,0.991394,-0.505016,0.505016,0.982334,-0.507668,0.507668,0.972765,-0.510431,0.510431,0.96262,-0.513321,0.513321,0.951818,-0.516357,0.516357,0.940256,-0.519562,0.519562,0.927799,-0.522968,0.522968,0.914279,-0.526618,0.526618,0.899455,-0.530578,0.530578,0.88298
9,-0.3,-0.5,0,-0.3,-0.5,0,-0.3,-0.5,0,-0.3,-0.5,0,-0.3,-0.5,0,-0.3,-0.5,0,-0.3,-0.5,0,-0.3,-0.5,0,-0.3,-0.5,0,-0.3,-0.5,0,-0.3,-0.5,0
10,-0.1,-0.5,0,-0.1,-0.5,0,-0.1,-0.5,0,-0.1,-0.5,0,-0.1,-0.5,0,-0.1,-0.5,0,-0.1,-0.5,0,-0.1,-0.5,0,-0.1,-0.5,0,-0.1,-0.5,0,-0.1,-0.5,0
11,0.1,-0.5,0,0.1,-0.5,0,0.1,-0.5,0,0.1,-0.5,0,0.1,-0.5,0,0.1,-0.5,0,0.1,-0.5,0,0.1,-0.5,0,0.1,-0.5,0,0.1,-0.5,0,0.1,-0.5,0
12,0.3,-0.5,0,0.3,-0.5,0,0.3,-0.5,0,0.3,-0.5,0,0.3,-0.5,0,0.3,-0.5,0,0.3,-0.5,0,0.3,-0.5,0,0.3,-0.5,0,0.3,-0.5,0,0.3,-0.5,0
13,0.5,-0.5,0.2,0.501618,-0.501618,0.19886,0.503301,-0.503301,0.197647,0.505056,-0.505056,0.196352,0.50689,-0.50689,0.194964,0.508813,-0.508813,0.193471,0.510837,-0.510837,0.191855,0.512977,-0.512977,0.190097,0.51525,-0.51525,0.18817,0.517681,-0.517681,0.186037,0.520308,-0.520308,0.183647
14,0.5,-0.5,0.4,0.502096,-0.502096,0.397134,0.504272,-0.504272,0.394111,0.506537,-0.506537,0.390913,0.508901,-0.508901,0.387516,0.511376,-0.511376,0.383893,0.513976,-0.513976,0.38001,0.516722,-0.516722,0.375823,0.519637,-0.519637,0.371275,0.522757,-0.522757,0.366288,0.526128,-0.526128,0.360752
15,0.5,-0.5,0.6,0.502296,-0.502296,0.595316,0.50468,-0.50468,0.590382,0.507159,-0.507159,0.585169,0.509747,-0.509747,0.579642,0.512455,-0.512455,0.573756,0.515302,-0.515302,0.567457,0.518311,-0.518311,0.560673,0.521508,-0.521508,0.553314,0.524935,-0.524935,0.545254,0.528648,-0.528648,0.53631
16,0.5,-0.5,0.8,0.502397,-0.502397,0.793393,0.504883,-0.504883,0.786436,0.507469,-0.507469,0.779089,0.510166,-0.510166,0.7713,0.512989,-0.512989,0.763007,0.515956,-0.515956,0.754132,0.519092,-0.519092,0.744574,0.522427,-0.522427,0.734204,0.526003,-0.526003,0.722841,0.529884,-0.529884,0.710225
17,0.3,-0.5,1,0.301495,-0.502473,0.99149,0.303044,-0.505036,0.982529,0.304653,-0.5077,0.973063,0.30633,-0.510477,0.963027,0.308083,-0.513382,0.952339,0.309924,-0.516434,0.940897,0.311868,-0.519658,0.92857,0.313934,-0.523086,0.915189,0.316148,-0.526762,0.900516,0.31855,-0.53075,0.88421
18,0.1,-0.5,1,0.100502,-0.502468,0.991559,0.101023,-0.505028,0.982669,0.101563,-0.50769,0.973277,0.102127,-0.510467,0.963316,0.102715,-0.513374,0.952708,0.103334,-0.51643,0.94135,0.103987,-0.519661,0.929111,0.104681,-0.523098,0.915822,0.105424,-0.526788,0.90125,0.106231,-0.530794,0.885052
19,-0.1,-0.5,1,-0.100502,-0.502468,0.991559,-0.101023,-0.505028,0.982669,-0.101563,-0.50769,0.973277,-0.102127,-0.510467,0.963316,-0.102715,-0.513374,0.952708,-0.103334,-0.51643,0.94135,-0.103987,-0.519661,0.929111,-0.104681,-0.523098,0.915822,-0.105424,-0.526788,0.90125,-0.106231,-0.530794,0.885052
20,-0.3,-0.5,1,-0.301495,-0.502473,0.99149,-0.303044,-0.505036,0.982529,-0.304653,-0.5077,0.973063,-0.30633,-0.510477,0.963027,-0.308083,-0.513382,0.952339,-0.309924,-0.516434,0.940897,-0.311868,-0.519658,0.92857,-0.313934,-0.523086,0.915189,-0.316148,-0.526762,0.900516,-0.31855,-0.53075,0.88421
21,-0.5,-0.5,0.8,-0.502397,-0.502397,0.793393,-0.504883,-0.504883,0.786436,-0.507469,-0.507469,0.779089,-0.510166,-0.510166,0.7713,-0.512989,-0.512989,0.763007,-0.515956,-0.515956,0.754132,-0.519092,-0.519092,0.744574,-0.522427,-0.522427,0.734204,-0.526003,-0.526003,0.722841,-0.529884,-0.529884,0.710225
22,-0.5,-0.5,0.6,-0.502296,-0.502296,0.595316,-0.50468,-0.50468,0.590382,-0.507159,-0.507159,0.585169,-0.509747,-0.509747,0.579642,-0.512455,-0.512455,0.573756,-0.515302,-0.515302,0.567457,-0.518311,-0.518311,0.560673,-0.521508,-0.521508,0.553314,-0.524935,-0.524935,0.545254,-0.528648,-0.528648,0.53631
23,-0.5,-0.5,0.4,-0.502096,-0.502096,0.397134,-0.504272,-0.504272,0.394111,-0.506537,-0.506537,0.390913,-0.508901,-0.508901,0.387516,-0.511376,-0.511376,0.383893,-0.513976,-0.513976,0.38001,-0.516722,-0.516722,0.375823,-0.519637,-0.519637,0.371275,-0.522757,-0.522757,0.366288,-0.526128,-0.526128,0.360752
24,-0.5,-0.5,0.2,-0.501618,-0.501618,0.19886,-0.503301,-0.503301,0.197647,-0.505056,-0.505056,0.196352,-0.50689,-0.50689,0.194964,-0.508813,-0.508813,0.193471,-0.510837,-0.510837,0.191855,-0.512977,-0.512977,0.190097,-0.51525,-0.51525,0.18817,-0.517681,-0.517681,0.186037,-0.520308,-0.520308,0.183647
25,0.5,-0.3,0,0.5,-0.3,0,0.5,-0.3,0,0.5,-0.3,0,0.5,-0.3,0,0.5,-0.3,0,0.5,-0.3,0,0.5,-0.3,0,0.5,-0.3,0,0.5,-0.3,0,0.5,-0.3,0
26,0.5,-0.1,0,0.5,-0.1,0,0.5,-0.1,0,0.5,-0.1,0,0.5,-0.1,0,0.5,-0.1,0,0.5,-0.1,0,0.5,-0.1,0,0.5,-0.1,0,0.5,-0.1,0,0.5,-0.1,0
27,0.5,0.1,0,0.5,0.1,0,0.5,0.1,0,0.5,0.1,0,0.5,0.1,0,0.5,0.1,0,0.5,0.1,0,0.5,0.1,0,0.5,0.1,0,0.5,0.1,0,0.5,0.1,0
28,0.5,0.3,0,0.5,0.3,0,0.5,0.3,0,0.5,0.3,0,0.5,0.3,0,0.5,0.3,0,0.5,0.3,0,0.5,0.3,0,0.5,0.3,0,0.5,0.3,0,0.5,0.3,0
29,0.5,0.5,0.2,0.501618,0.501618,0.19886,0.503301,0.503301,0.197647,0.505056,0.505056,0.196352,0.50689,0.50689,0.194964,0.508813,0.508813,0.193471,0.510837,0.510837,0.191855,0.512977,0.512977,0.190097,0.51525,0.51525,0.18817,0.517681,0.517681,0.186037,0.520308,0.520308,0.183647
30,0.5,0.5,0.4,0.502096,0.502096,0.397134,0.504272,0.504272,0.394111,0.506537,0.506537,0.390913,0.508901,0.508901,0.387516,0.511376,0.511376,0.383893,0.513976,0.513976,0.38001,0.516722,0.516722,0.375823,0.519637,0.519637,0.371275,0.522757,0.522757,0.366288,0.526128,0.526128,0.360752
31,0.5,0.5,0.6,0.502296,0.502296,0.595316,0.50468,0.50468,0.590382,0.507159,0.507159,0.585169,0.509747,0.509747,0.579642,0.512455,0.512455,0.573756,0.515302,0.515302,0.567457,0.518311,0.518311,0.560673,0.521508,0.521508,0.553314,0.524935,0.524935,0.545254,0.528648,0.528648,0.53631
32,0.5,0.5,0.8,0.502397,0.502397,0.793393,0.504883,0.504883,0.786436,0.507469,0.507469,0.779089,0.510166,0.510166,0.7713,0.512989,0.512989,0.763007,0.515956,0.515956,0.754132,0.519092,0.519092,0.744574,0.522427,0.522427,0.734204,0.526003,0.526003,0.722841,0.529884,0.529884,0.710225
33,0.5,0.3,1,0.502473,0.301495,0.99149,0.505036,0.303044,0.982529,0.5077,0.304653,0.973063,0.510477,0.30633,0.963027,0.513382,0.308083,0.952339,0.516434,0.309924,0.940897,0.519658,0.311868,0.92857,0.523086,0.313934,0.915189,0.526762,0.316148,0.900516,0.53075,0.31855,0.88421
34,0.5,0.1,1,0.502468,0.100502,0.991559,0.505028,0.101023,0.982669,0.50769,0.101563,0.973277,0.510467,0.102127,0.963316,0.513374,0.102715,0.952708,0.51643,0.103334,0.94135,0.519661,0.103987,0.929111,0.523098,0.104681,0.915822,0.526788,0.105424,0.90125,0.530794,0.106231,0.885052
35,0.5,-0.1,1,0.502468,-0.100502,0.991559,0.505028,-0.101023,0.982669,0.50769,-0.101563,0.973277,0.510467,-0.102127,0.963316,0.513374,-0.102715,0.952708,0.51643,-0.103334,0.94135,0.519661,-0.103987,0.929111,0.523098,-0.104681,0.915822,0.526788,-0.105424,0.90125,0.530794,-0.106231,0.885052
36,0.5,-0.3,1,0.502473,-0.301495,0.99149,0.505036,-0.303044,0.982529,0.5077,-0.304653,0.973063,0.510477,-0.30633,0.963027,0.513382,-0.308083,0.952339,0.516434,-0.309924,0.940897,0.519658,-0.311868,0.92857,0.523086,-0.313934,0.915189,0.526762,-0.316148,0.900516,0.53075,-0.31855,0.88421
37,0.3,0.5,0,0.3,0.5,0,0.3,0.5,0,0.3,0.5,0,0.3,0.5,0,0.3,0.5,0,0.3,0.5,0,0.3,0.5,0,0.3,0.5,0,0.3,0.5,0,0.3,0.5,0
38,0.1,0.5,0,0.1,0.5,0,0.1,0.5,0,0.1,0.5,0,0.1,0.5,0,0.1,0.5,0,0.1,0.5,0,0.1,0.5,0,0.1,0.5,0,0.1,0.5,0,0.1,0.5,0
39,-0.1,0.5,0,-0.1,0.5,0,-0.1,0.5,0,-0.1,0.5,0,-0.1,0.5,0,-0.1,0.5,0,-0.1,0.5,0,-0.1,0.5,0,-0.1,0.5,0,-0.1,0.5,0,-0.1,0.5,0
40,-0.3,0.5,0,-0.3,0.5,0,-0.3,0.5,0,-0.3,0.5,0,-0.3,0.5,0,-0.3,0.5,0,-0.3,0.5,0,-0.3,0.5,0,-0.3,0.5,0,-0.3,0.5,0,-0.3,0.5,0
41,-0.5,0.5,0.2,-0.501618,0.501618,0.19886,-0.503301,0.503301,0.197647,-0.505056,0.505056,0.196352,-0.50689,0.50689,0.194964,-0.508813,0.508813,0.193471,-0.510837,0.510837,0.191855,-0.512977,0.512977,0.190097,-0.51525,0.51525,0.18817,-0.517681,0.517681,0.186037,-0.520308,0.520308,0.183647
42,-0.5,0.5,0.4,-0.502096,0.502096,0.397134,-0.504272,0.504272,0.394111,-0.506537,0.506537,0.390913,-0.508901,0.508901,0.387516,-0.511376,0.511376,0.383893,-0.513976,0.513976,0.38001,-0.516722,0.516722,0.375823,-0.519637,0.519637,0.371275,-0.522757,0.522757,0.366288,-0.526128,0.526128,0.360752
43,-0.5,0.5,0.6,-0.502296,0.502296,0.595316,-0.50468,0.50468,0.590382,-0.507159,0.507159,0.585169,-0.509747,0.509747,0.579642,-0.512455,0.512455,0.573756,-0.515302,0.515302,0.567457,-0.518311,0.518311,0.560673,-0.521508,0.521508,0.553314,-0.524935,0.524935,0.545254,-0.528648,0.528648,0.53631
44,-0.5,0.5,0.8,-0.502397,0.502397,0.793393,-0.504883,0.504883,0.786436,-0.507469,0.507469,0.779089,-0.510166,0.510166,0.7713,-0.512989,0.512989,0.763007,-0.515956,0.515956,0.754132,-0.519092,0.519092,0.744574,-0.522427,0.522427,0.734204,-0.526003,0.526003,0.722841,-0.529884,0.529884,0.710225
45,-0.3,0.5,1,-0.301495,0.502473,0.99149,-0.303044,0.505036,0.982529,-0.304653,0.5077,0.973063,-0.30633,0.510477,0.963027,-0.308083,0.513382,0.952339,-0.309924,0.516434,0.940897,-0.311868,0.519658,0.92857,-0.313934,0.523086,0.915189,-0.316148,0.526762,0.900516,-0.31855,0.53075,0.88421
46,-0.1,0.5,1,-0.100502,0.502468,0.991559,-0.101023,0.505028,0.982669,-0.101563,0.50769,0.973277,-0.102127,0.510467,0.963316,-0.102715,0.513374,0.952708,-0.103334,0.51643,0.94135,-0.103987,0.519661,0.929111,-0.104681,0.523098,0.915822,-0.105424,0.526788,0.90125,-0.106231,0.530794,0.885052
47,0.1,0.5,1,0.100502,0.502468,0.991559,0.101023,0.505028,0.982669,0.101563,0.50769,0.973277,0.102127,0.510467,0.963316,0.102715,0.513374,0.952708,0.103334,0.51643,0.94135,0.103987,0.519661,0.929111,0.104681,0.523098,0.915822,0.105424,0.526788,0.90125,0.106231,0.530794,0.885052
48,0.3,0.5,1,0.301495,0.502473,0.99149,0.303044,0.505036,0.982529,0.304653,0.5077,0.973063,0.30633,0.510477,0.963027,0.308083,0.513382,0.952339,0.309924,0.516434,0.940897,0.311868,0.519658,0.92857,0.313934,0.523086,0.915189,0.316148,0.526762,0.900516,0.31855,0.53075,0.88421
49,-0.5,0.3,0,-0.5,0.3,0,-0.5,0.3,0,-0.5,0.3,0,-0.5,0.3,0,-0.5,0.3,0,-0.5,0.3,0,-0.5,0.3,0,-0.5,0.3,0,-0.5,0.3,0,-0.5,0.3,0
50,-0.5,0.1,0,-0.5,0.1,0,-0.5,0.1,0,-0.5,0.1,0,-0.5,0.1,0,-0.5,0.1,0,-0.5,0.1,0,-0.5,0.1,0,-0.5,0.1,0,-0.5,0.1,0,-0.5,0.1,0
51,-0.5,-0.1,0,-0.5,-0.1,0,-0.5,-0.1,0,-0.5,-0.1,0,-0.5,-0.1,0,-0.5,-0.1,0,-0.5,-0.1,0,-0.5,-0.1,0,-0.5,-0.1,0,-0.5,-0.1,0,-0.5,-0.1,0
52,-0.5,-0.3,0,-0.5,-0.3,0,-0.5,-0.3,0,-0.5,-0.3,0,-0.5,-0.3,0,-0.5,-0.3,0,-0.5,-0.3,0,-0.5,-0.3,0,-0.5,-0.3,0,-0.5,-0.3,0,-0.5,-0.3,0
53,-0.5,-0.3,1,-0.502473,-0.301495,0.99149,-0.505036,-0.303044,0.982529,-0.5077,-0.304653,0.973063,-0.510477,-0.30633,0.963027,-0.513382,-0.308083,0.952339,-0.516434,-0.309924,0.940897,-0.519658,-0.311868,0.92857,-0.523086,-0.313934,0.915189,-0.526762,-0.316148,0.900516,-0.53075,-0.31855,0.88421
54,-0.5,-0.1,1,-0.502468,-0.100502,0.991559,-0.505028,-0.101023,0.982669,-0.50769,-0.101563,0.973277,-0.510467,-0.102127,0.963316,-0.513374,-0.102715,0.952708,-0.51643,-0.103334,0.94135,-0.519661,-0.103987,0.929111,-0.523098,-0.104681,0.915822,-0.526788,-0.105424,0.90125,-0.530794,-0.106231,0.885052
55,-0.5,0.1,1,-0.502468,0.100502,0.991559,-0.505028,0.101023,0.982669,-0.50769,0.101563,0.973277,-0.510467,0.102127,0.963316,-0.513374,0.102715,0.952708,-0.51643,0.103334,0.94135,-0.519661,0.103987,0.929111,-0.523098,0.104681,0.915822,-0.526788,0.105424,0.90125,-0.530794,0.106231,0.885052
56,-0.5,0.3,1,-0.502473,0.301495,0.99149,-0.505036,0.303044,0.982529,-0.5077,0.304653,0.973063,-0.510477,0.30633,0.963027,-0.513382,0.308083,0.952339,-0.516434,0.309924,0.940897,-0.519658,0.311868,0.92857,-0.523086,0.313934,0.915189,-0.526762,0.316148,0.900516,-0.53075,0.31855,0.88421
57,-0.3,-0.5,0.2,-0.300875,-0.50153,0.199054,-0.301789,-0.503121,0.198053,-0.302746,-0.50478,0.196991,-0.303752,-0.506514,0.19586,-0.304811,-0.508332,0.194651,-0.305931,-0.510244,0.193352,-0.307121,-0.512264,0.191948,-0.308391,-0.514408,0.190422,-0.309756,-0.516698,0.188747,-0.311237,-0.519168,0.186889
58,-0.1,-0.5,0.2,-0.100275,-0.50161,0.199071,-0.100562,-0.50328,0.19809,-0.100864,-0.505016,0.19705,-0.101183,-0.506825,0.195945,-0.101519,-0.508714,0.194767,-0.101875,-0.510695,0.193504,-0.102255,-0.512779,0.192144,-0.102661,-0.514983,0.190671,-0.103099,-0.517327,0.189061,-0.103576,-0.519842,0.187283
59,0.1,-0.5,0.2,0.100275,-0.50161,0.199071,0.100562,-0.50328,0.19809,0.100864,-0.505016,0.19705,0.101183,-0.506825,0.195945,0.101519,-0.508714,0.194767,0.101875,-0.510695,0.193504,0.102255,-0.512779,0.192144,0.102661,-0.514983,0.190671,0.103099,-0.517327,0.189061,0.103576,-0.519842,0.187283
60,0.3,-0.5,0.2,0.300875,-0.50153,0.199054,0.301789,-0.503121,0.198053,0.302746,-0.50478,0.196991,0.303752,-0.506514,0.19586,0.304811,-0.508332,0.194651,0.305931,-0.510244,0.193352,0.307121,-0.512264,0.191948,0.308391,-0.514408,0.190422,0.309756,-0.516698,0.188747,0.311237,-0.519168,0.186889
61,-0.3,-0.5,0.4,-0.30125,-0.502148,0.39737,-0.302549,-0.504379,0.3946,-0.303904,-0.506703,0.391672,-0.305319,-0.50913,0.388568,-0.306804,-0.511672,0.385264,-0.308366,-0.514345,0.381729,-0.310018,-0.517168,0.377925,-0.311775,-0.520167,0.373805,-0.313658,-0.523376,0.369302,-0.315696,-0.526845,0.36432
62,-0.1,-0.5,0.4,-0.100411,-0.502138,0.397447,-0.100839,-0.504358,0.394759,-0.101285,-0.506668,0.391921,-0.101752,-0.509078,0.388914,-0.102243,-0.5116,0.385714,-0.102759,-0.51425,0.382296,-0.103306,-0.517048,0.378622,-0.103889,-0.520017,0.374648,-0.104513,-0.523191,0.370311,-0.10519,-0.526618,0.365523
63,0.1,-0.5,0.4,0.100411,-0.502138,0.397447,0.100839,-0.504358,0.394759,0.101285,-0.506668,0.391921,0.101752,-0.509078,0.388914,0.102243,-0.5116,0.385714,0.102759,-0.51425,0.382296,0.103306,-0.517048,0.378622,0.103889,-0.520017,0.374648,0.104513,-0.523191,0.370311,0.10519,-0.526618,0.365523
64,0.3,-0.5,0.4,0.30125,-0.502148,0.39737,0.302549,-0.504379,0.3946,0.303904,-0.506703,0.391672,0.305319,-0.50913,0.388568,0.306804,-0.511672,0.385264,0.308366,-0.514345,0.381729,0.310018,-0.517168,0.377925,0.311775,-0.520167,0.373805,0.313658,-0.523376,0.369302,0.315696,-0.526845,0.36432
65,-0.3,-0.5,0.6,-0.301392,-0.502356,0.59549,-0.302838,-0.504802,0.590741,-0.304343,-0.507348,0.585726,-0.305915,-0.510005,0.58041,-0.307561,-0.512787,0.574753,-0.309293,-0.515713,0.568702,-0.311124,-0.518805,0.56219,-0.313072,-0.522093,0.555132,-0.315161,-0.525617,0.547412,-0.317426,-0.529438,0.53886
66,-0.1,-0.5,0.6,-0.100466,-0.502357,0.595583,-0.10095,-0.504803,0.590933,-0.101454,-0.507349,0.586022,-0.10198,-0.510006,0.580817,-0.102532,-0.512789,0.57528,-0.103113,-0.515716,0.569359,-0.103727,-0.518809,0.562989,-0.104381,-0.522099,0.55609,-0.105082,-0.525626,0.548547,-0.105843,-0.529449,0.540198
67,0.1,-0.5,0.6,0.100466,-0.502357,0.595583,0.10095,-0.504803,0.590933,0.101454,-0.507349,0.586022,0.10198,-0.510006,0.580817,0.102532,-0.512789,0.57528,0.103113,-0.515716,0.569359,0.103727,-0.518809,0.562989,0.104381,-0.522099,0.55609,0.105082,-0.525626,0.548547,0.105843,-0.529449,0.540198
68,0.3,-0.5,0.6,0.301392,-0.502356,0.59549,0.302838,-0.504802,0.590741,0.304343,-0.507348,0.585726,0.305915,-0.510005,0.58041,0.307561,-0.512787,0.574753,0.309293,-0.515713,0.568702,0.311124,-0.518805,0.56219,0.313072,-0.522093,0.555132,0.315161,-0.525617,0.547412,0.317426,-0.529438,0.53886
69,-0.3,-0.5,0.8,-0.30145,-0.502429,0.793517,-0.302955,-0.504949,0.78669,-0.30452,-0.50757,0.77948,-0.306154,-0.510305,0.771836,-0.307864,-0.513168,0.763698,-0.309662,-0.516178,0.754991,-0.311563,-0.519359,0.745614,-0.313586,-0.522744,0.735443,-0.315756,-0.526375,0.724302,-0.318113,-0.530316,0.711939
70,-0.1,-0.5,0.8,-0.100486,-0.502439,0.7936,-0.10099,-0.50497,0.786861,-0.101514,-0.507603,0.779743,-0.102061,-0.510351,0.772197,-0.102635,-0.513228,0.764162,-0.103237,-0.516254,0.755565,-0.103875,-0.519454,0.746307,-0.104554,-0.522859,0.736265,-0.105282,-0.526514,0.725268,-0.106074,-0.530482,0.713065
71,0.1,-0.5,0.8,0.100486,-0.502439,0.7936,0.10099,-0.50497,0.786861,0.101514,-0.507603,0.779743,0.102061,-0.510351,0.772197,0.102635,-0.513228,0.764162,0.103237,-0.516254,0.755565,0.103875,-0.519454,0.746307,0.104554,-0.522859,0.736265,0.105282,-0.526514,0.725268,0.106074,-0.530482,0.713065
72,0.3,-0.5,0.8,0.30145,-0.502429,0.793517,0.302955,-0.504949,0.78669,0.30452,-0.50757,0.77948,0.306154,-0.510305,0.771836,0.307864,-0.513168,0.763698,0.309662,-0.516178,0.754991,0.311563,-0.519359,0.745614,0.313586,-0.522744,0.735443,0.315756,-0.526375,0.724302,0.318113,-0.530316,0.711939
73,0.5,-0.3,0.2,0.50153,-0.300875,0.199054,0.503121,-0.301789,0.198053,0.50478,-0.302746,0.196991,0.506514,-0.303752,0.19586,0.508332,-0.304811,0.194651,0.510244,-0.305931,0.193352,0.512264,-0.307121,0.191948,0.514408,-0.308391,0.190422,0.516698,-0.309756,0.188747,0.519168,-0.311237,0.186889
74,0.5,-0.1,0.2,0.50161,-0.100275,0.199071,0.50328,-0.100562,0.19809,0.505016,-0.100864,0.19705,0.506825,-0.101183,0.195945,0.508714,-0.101519,0.194767,0.510695,-0.101875,0.193504,0.512779,-0.102255,0.192144,0.514983,-0.102661,0.190671,0.517327,-0.103099,0.189061,0.519842,-0.103576,0.187283
75,0.5,0.1,0.2,0.50161,0.100275,0.199071,0.50328,0.100562,0.19809,0.505016,0.100864,0.19705,0.506825,0.101183,0.195945,0.508714,0.101519,0.194767,0.510695,0.101875,0.193504,0.512779,0.102255,0.192144,0.514983,0.102661,0.190671,0.517327,0.103099,0.189061,0.519842,0.103576,0.187283
76,0.5,0.3,0.2,0.50153,0.300875,0.199054,0.503121,0.301789,0.198053,0.50478,0.302746,0.196991,0.506514,0.303752,0.19586,0.508332,0.304811,0.194651,0.510244,0.305931,0.193352,0.512264,0.307121,0.191948,0.514408,0.308391,0.190422,0.516698,0.309756,0.188747,0.519168,0.311237,0.186889
77,0.5,-0.3,0.4,0.502148,-0.30125,0.39737,0.504379,-0.302549,0.3946,0.506703,-0.303904,0.391672,0.50913,-0.305319,0.388568,0.511672,-0.306804,0.385264,0.514345,-0.308366,0.381729,0.517168,-0.310018,0.377925,0.520167,-0.311775,0.373805,0.523376,-0.313658,0.369302,0.526845,-0.315696,0.36432
78,0.5,-0.1,0.4,0.502138,-0.100411,0.397447,0.504358,-0.100839,0.394759,0.506668,-0.101285,0.391921,0.509078,-0.101752,0.388914,0.5116,-0.102243,0.385714,0.51425,-0.102759,0.382296,0.517048,-0.103306,0.378622,0.520017,-0.103889,0.374648,0.523191,-0.104513,0.370311,0.526618,-0.10519,0.365523
79,0.5,0.1,0.4,0.502138,0.100411,0.397447,0.504358,0.100839,0.394759,0.506668,0.101285,0.391921,0.509078,0.101752,0.388914,0.5116,0.102243,0.385714,0.51425,0.102759,0.382296,0.517048,0.103306,0.378622,0.520017,0.103889,0.374648,0.523191,0.104513,0.370311,0.526618,0.10519,0.365523
80,0.5,0.3,0.4,0.502148,0.30125,0.39737,0.504379,0.302549,0.3946,0.506703,0.303904,0.391672,0.50913,0.305319,0.388568,0.511672,0.306804,0.385264,0.514345,0.308366,0.381729,0.517168,0.310018,0.377925,0.520167,0.311775,0.373805,0.523376,0.313658,0.369302,0.526845,0.315696,0.36432
81,0.5,-0.3,0.6,0.502356,-0.301392,0.59549,0.504802,-0.302838,0.590741,0.507348,-0.304343,0.585726,0.510005,-0.305915,0.58041,0.512787,-0.307561,0.574753,0.515713,-0.309293,0.568702,0.518805,-0.311124,0.56219,0.522093,-0.313072,0.555132,0.525617,-0.315161,0.547412,0.529438,-0.317426,0.53886
82,0.5,-0.1,0.6,0.502357,-0.100466,0.595583,0.504803,-0.10095,0.590933,0.507349,-0.101454,0.586022,0.510006,-0.10198,0.580817,0.512789,-0.102532,0.57528,0.515716,-0.103113,0.569359,0.518809,-0.103727,0.562989,0.522099,-0.104381,0.55609,0.525626,-0.105082,0.548547,0.529449,-0.105843,0.540198
83,0.5,0.1,0.6,0.502357,0.100466,0.595583,0.504803,0.10095,0.590933,0.507349,0.101454,0.586022,0.510006,0.10198,0.580817,0.512789,0.102532,0.57528,0.515716,0.103113,0.569359,0.518809,0.103727,0.562989,0.522099,0.104381,0.55609,0.525626,0.105082,0.548547,0.529449,0.105843,0.540198
84,0.5,0.3,0.6,0.502356,0.301392,0.59549,0.504802,0.302838,0.590741,0.507348,0.304343,0.585726,0.510005,0.305915,0.58041,0.512787,0.307561,0.574753,0.515713,0.309293,0.568702,0.518805,0.311124,0.56219,0.522093,0.313072,0.555132,0.525617,0.315161,0.547412,0.529438,0.317426,0.53886
85,0.5,-0.3,0.8,0.502429,-0.30145,0.793517,0.504949,-0.302955,0.78669,0.50757,-0.30452,0.77948,0.510305,-0.306154,0.771836,0.513168,-0.307864,0.763698,0.516178,-0.309662,0.754991,0.519359,-0.311563,0.745614,0.522744,-0.313586,0.735443,0.526375,-0.315756,0.724302,0.530316,-0.318113,0.711939
86,0.5,-0.1,0.8,0.502439,-0.100486,0.7936,0.50497,-0.10099,0.786861,0.507603,-0.101514,0.779743,0.510351,-0.102061,0.772197,0.513228,-0.102635,0.764162,0.516254,-0.103237,0.755565,0.519454,-0.103875,0.746307,0.522859,-0.104554,0.736265,0.526514,-0.105282,0.725268,0.530482,-0.106074,0.713065
87,0.5,0.1,0.8,0.502439,0.100486,0.7936,0.50497,0.10099,0.786861,0.507603,0.101514,0.779743,0.510351,0.102061,0.772197,0.513228,0.102635,0.764162,0.516254,0.103237,0.755565,0.519454,0.103875,0.746307,0.522859,0.104554,0.736265,0.526514,0.105282,0.725268,0.530482,0.106074,0.713065
88,0.5,0.3,0.8,0.502429,0.30145,0.793517,0.504949,0.302955,0.78669,0.50757,0.30452,0.77948,0.510305,0.306154,0.771836,0.513168,0.307864,0.763698,0.516178,0.309662,0.754991,0.519359,0.311563,0.745614,0.522744,0.313586,0.735443,0.526375,0.315756,0.724302,0.530316,0.318113,0.711939
89,0.3,0.5,0.2,0.300875,0.50153,0.199054,0.301789,0.503121,0.198053,0.302746,0.50478,0.196991,0.303752,0.506514,0.19586,0.304811,0.508332,0.194651,0.305931,0.510244,0.193352,0.307121,0.512264,0.191948,0.308391,0.514408,0.190422,0.309756,0.516698,0.188747,0.311237,0.519168,0.186889
90,0.1,0.5,0.2,0.100275,0.50161,0.199071,0.100562,0.50328,0.19809,0.100864,0.505016,0.19705,0.101183,0.506825,0.195945,0.101519,0.508714,0.194767,0.101875,0.510695,0.193504,0.102255,0.512779,0.192144,0.102661,0.514983,0.190671,0.103099,0.517327,0.189061,0.103576,0.519842,0.187283
91,-0.1,0.5,0.2,-0.100275,0.50161,0.199071,-0.100562,0.50328,0.19809,-0.100864,0.505016,0.19705,-0.101183,0.506825,0.195945,-0.101519,0.508714,0.194767,-0.101875,0.510695,0.193504,-0.102255,0.512779,0.192144,-0.102661,0.514983,0.190671,-0.103099,0.517327,0.189061,-0.103576,0.519842,0.187283
92,-0.3,0.5,0.2,-0.300875,0.50153,0.199054,-0.301789,0.503121,0.198053,-0.302746,0.50478,0.196991,-0.303752,0.506514,0.19586,-0.304811,0.508332,0.194651,-0.305931,0.510244,0.193352,-0.307121,0.512264,0.191948,-0.308391,0.514408,0.190422,-0.309756,0.516698,0.188747,-0.311237,0.519168,0.186889
93,0.3,0.5,0.4,0.30125,0.502148,0.39737,0.302549,0.504379,0.3946,0.303904,0.506703,0.391672,0.305319,0.50913,0.388568,0.306804,0.511672,0.385264,0.308366,0.514345,0.381729,0.310018,0.517168,0.377925,0.311775,0.520167,0.373805,0.313658,0.523376,0.369302,0.315696,0.526845,0.36432
94,0.1,0.5,0.4,0.100411,0.502138,0.397447,0.100839,0.504358,0.394759,0.101285,0.506668,0.391921,0.101752,0.509078,0.388914,0.102243,0.5116,0.385714,0.102759,0.51425,0.382296,0.103306,0.517048,0.378622,0.103889,0.520017,0.374648,0.104513,0.523191,0.370311,0.10519,0.526618,0.365523
95,-0.1,0.5,0.4,-0.100411,0.502138,0.397447,-0.100839,0.504358,0.394759,-0.101285,0.506668,0.391921,-0.101752,0.509078,0.388914,-0.102243,0.5116,0.385714,-0.102759,0.51425,0.382296,-0.103306,0.517048,0.378622,-0.103889,0.520017,0.374648,-0.104513,0.523191,0.370311,-0.10519,0.526618,0.365523
96,-0.3,0.5,0.4,-0.30125,0.502148,0.39737,-0.302549,0.504379,0.3946,-0.303904,0.506703,0.391672,-0.305319,0.50913,0.388568,-0.306804,0.511672,0.385264,-0.308366,0.514345,0.381729,-0.310018,0.517168,0.377925,-0.311775,0.520167,0.373805,-0.313658,0.523376,0.369302,-0.315696,0.526845,0.36432
97,0.3,0.5,0.6,0.301392,0.502356,0.59549,0.302838,0.504802,0.590741,0.304343,0.507348,0.585726,0.305915,0.510005,0.58041,0.307561,0.512787,0.574753,0.309293,0.515713,0.568702,0.311124,0.518805,0.56219,0.313072,0.522093,0.555132,0.315161,0.525617,0.547412,0.317426,0.529438,0.53886
98,0.1,0.5,0.6,0.100466,0.502357,0.595583,0.10095,0.504803,0.590933,0.101454,0.507349,0.586022,0.10198,0.510006,0.580817,0.102532,0.512789,0.57528,0.103113,0.515716,0.569359,0.103727,0.518809,0.562989,0.104381,0.522099,0.55609,0.105082,0.525626,0.548547,0.105843,0.529449,0.540198
99,-0.1,0.5,0.6,-0.100466,0.502357,0.595583,-0.10095,0.504803,0.590933,-0.101454,0.507349,0.586022,-0.10198,0.510006,0.580817,-0.102532,0.512789,0.57528,-0.103113,0.515716,0.569359,-0.103727,0.518809,0.562989,-0.104381,0.522099,0.55609,-0.105082,0.525626,0.548547,-0.105843,0.529449,0.540198
100,-0.3,0.5,0.6,-0.301392,0.502356,0.59549,-0.302838,0.504802,0.590741,-0.304343,0.507348,0.585726,-0.305915,0.510005,0.58041,-0.307561,0.512787,0.574753,-0.309293,0.515713,0.568702,-0.311124,0.518805,0.56219,-0.313072,0.522093,0.555132,-0.315161,0.525617,0.547412,-0.317426,0.529438,0.53886
101,0.3,0.5,0.8,0.30145,0.502429,0.793517,0.302955,0.504949,0.78669,0.30452,0.50757,0.77948,0.306154,0.510305,0.771836,0.307864,0.513168,0.763698,0.309662,0.516178,0.754991,0.311563,0.519359,0.745614,0.313586,0.522744,0.735443,0.315756,0.526375,0.724302,0.318113,0.530316,0.711939
102,0.1,0.5,0.8,0.100486,0.502439,0.7936,0.10099,0.50497,0.786861,0.101514,0.507603,0.779743,0.102061,0.510351,0.772197,0.102635,0.513228,0.764162,0.103237,0.516254,0.755565,0.103875,0.519454,0.746307,0.104554,0.522859,0.736265,0.105282,0.526514,0.725268,0.106074,0.530482,0.713065
103,-0.1,0.5,0.8,-0.100486,0.502439,0.7936,-0.10099,0.50497,0.786861,-0.101514,0.507603,0.779743,-0.102061,0.510351,0.772197,-0.102635,0.513228,0.764162,-0.103237,0.516254,0.755565,-0.103875,0.519454,0.746307,-0.104554,0.522859,0.736265,-0.105282,0.526514,0.725268,-0.106074,0.530482,0.713065
104,-0.3,0.5,0.8,-0.30145,0.502429,0.793517,-0.302955,0.504949,0.78669,-0.30452,0.50757,0.77948,-0.306154,0.510305,0.771836,-0.307864,0.513168,0.763698,-0.309662,0.516178,0.754991,-0.311563,0.519359,0.745614,-0.313586,0.522744,0.735443,-0.315756,0.526375,0.724302,-0.318113,0.530316,0.711939
105,-0.5,0.3,0.2,-0.50153,0.300875,0.199054,-0.503121,0.301789,0.198053,-0.50478,0.302746,0.196991,-0.506514,0.303752,0.19586,-0.508332,0.304811,0.194651,-0.510244,0.305931,0.193352,-0.512264,0.307121,0.191948,-0.514408,0.308391,0.190422,-0.516698,0.309756,0.188747,-0.519168,0.311237,0.186889
106,-0.5,0.1,0.2,-0.50161,0.100275,0.199071,-0.50328,0.100562,0.19809,-0.505016,0.100864,0.19705,-0.506825,0.101183,0.195945,-0.508714,0.101519,0.194767,-0.510695,0.101875,0.193504,-0.512779,0.102255,0.192144,-0.514983,0.102661,0.190671,-0.517327,0.103099,0.189061,-0.519842,0.103576,0.187283
107,-0.5,-0.1,0.2,-0.50161,-0.100275,0.199071,-0.50328,-0.100562,0.19809,-0.505016,-0.100864,0.19705,-0.506825,-0.101183,0.195945,-0.508714,-0.101519,0.194767,-0.510695,-0.101875,0.193504,-0.512779,-0.102255,0.192144,-0.514983,-0.102661,0.190671,-0.517327,-0.103099,0.189061,-0.519842,-0.103576,0.187283
108,-0.5,-0.3,0.2,-0.50153,-0.300875,0.199054,-0.503121,-0.301789,0.198053,-0.50478,-0.302746,0.196991,-0.506514,-0.303752,0.19586,-0.508332,-0.304811,0.194651,-0.510244,-0.305931,0.193352,-0.512264,-0.307121,0.191948,-0.514408,-0.308391,0.190422,-0.516698,-0.309756,0.188747,-0.519168,-0.311237,0.186889
109,-0.5,0.3,0.4,-0.502148,0.30125,0.39737,-0.504379,0.302549,0.3946,-0.506703,0.303904,0.391672,-0.50913,0.305319,0.388568,-0.511672,0.306804,0.385264,-0.514345,0.308366,0.381729,-0.517168,0.310018,0.377925,-0.520167,0.311775,0.373805,-0.523376,0.313658,0.369302,-0.526845,0.315696,0.36432
110,-0.5,0.1,0.4,-0.502138,0.100411,0.397447,-0.504358,0.100839,0.394759,-0.506668,0.101285,0.391921,-0.509078,0.101752,0.388914,-0.5116,0.102243,0.385714,-0.51425,0.102759,0.382296,-0.517048,0.103306,0.378622,-0.520017,0.103889,0.374648,-0.523191,0.104513,0.370311,-0.526618,0.10519,0.365523
111,-0.5,-0.1,0.4,-0.502138,-0.100411,0.397447,-0.504358,-0.100839,0.394759,-0.506668,-0.101285,0.391921,-0.509078,-0.101752,0.388914,-0.5116,-0.102243,0.385714,-0.51425,-0.102759,0.382296,-0.517048,-0.103306,0.378622,-0.520017,-0.103889,0.374648,-0.523191,-0.104513,0.370311,-0.526618,-0.10519,0.365523
112,-0.5,-0.3,0.4,-0.502148,-0.30125,0.39737,-0.504379,-0.302549,0.3946,-0.506703,-0.303904,0.391672,-0.50913,-0.305319,0.388568,-0.511672,-0.306804,0.385264,-0.514345,-0.308366,0.381729,-0.517168,-0.310018,0.377925,-0.520167,-0.311775,0.373805,-0.523376,-0.313658,0.369302,-0.526845,-0.315696,0.36432
113,-0.5,0.3,0.6,-0.502356,0.301392,0.59549,-0.504802,0.302838,0.590741,-0.507348,0.304343,0.585726,-0.510005,0.305915,0.58041,-0.512787,0.307561,0.574753,-0.515713,0.309293,0.568702,-0.518805,0.311124,0.56219,-0.522093,0.313072,0.555132,-0.525617,0.315161,0.547412,-0.529438,0.317426,0.53886
114,-0.5,0.1,0.6,-0.502357,0.100466,0.595583,-0.504803,0.10095,0.590933,-0.507349,0.101454,0.586022,-0.510006,0.10198,0.580817,-0.512789,0.102532,0.57528,-0.515716,0.103113,0.569359,-0.518809,0.103727,0.562989,-0.522099,0.104381,0.55609,-0.525626,0.105082,0.548547,-0.529449,0.105843,0.540198
115,-0.5,-0.1,0.6,-0.502357,-0.100466,0.595583,-0.504803,-0.10095,0.590933,-0.507349,-0.101454,0.586022,-0.510006,-0.10198,0.580817,-0.512789,-0.102532,0.57528,-0.515716,-0.103113,0.569359,-0.518809,-0.103727,0.562989,-0.522099,-0.104381,0.55609,-0.525626,-0.105082,0.548547,-0.529449,-0.105843,0.540198
116,-0.5,-0.3,0.6,-0.502356,-0.301392,0.59549,-0.504802,-0.302838,0.590741,-0.507348,-0.304343,0.585726,-0.510005,-0.305915,0.58041,-0.512787,-0.307561,0.574753,-0.515713,-0.309293,0.568702,-0.518805,-0.311124,0.56219,-0.522093,-0.313072,0.555132,-0.525617,-0.315161,0.547412,-0.529438,-0.317426,0.53886
117,-0.5,0.3,0.8,-0.502429,0.30145,0.793517,-0.504949,0.302955,0.78669,-0.50757,0.30452,0.77948,-0.510305,0.306154,0.771836,-0.513168,0.307864,0.763698,-0.516178,0.309662,0.754991,-0.519359,0.311563,0.745614,-0.522744,0.313586,0.735443,-0.526375,0.315756,0.724302,-0.530316,0.318113,0.711939
118,-0.5,0.1,0.8,-0.502439,0.100486,0.7936,-0.50497,0.10099,0.786861,-0.507603,0.101514,0.779743,-0.510351,0.102061,0.772197,-0.513228,0.102635,0.764162,-0.516254,0.103237,0.755565,-0.519454,0.103875,0.746307,-0.522859,0.104554,0.736265,-0.526514,0.105282,0.725268,-0.530482,0.106074,0.713065
119,-0.5,-0.1,0.8,-0.502439,-0.100486,0.7936,-0.50497,-0.10099,0.786861,-0.507603,-0.101514,0.779743,-0.510351,-0.102061,0.772197,-0.513228,-0.102635,0.764162,-0.516254,-0.103237,0.755565,-0.519454,-0.103875,0.746307,-0.522859,-0.104554,0.736265,-0.526514,-0.105282,0.725268,-0.530482,-0.106074,0.713065
120,-0.5,-0.3,0.8,-0.502429,-0.30145,0.793517,-0.504949,-0.302955,0.78669,-0.50757,-0.30452,0.77948,-0.510305,-0.306154,0.771836,-0.513168,-0.307864,0.763698,-0.516178,-0.309662,0.754991,-0.519359,-0.311563,0.745614,-0.522744,-0.313586,0.735443,-0.526375,-0.315756,0.724302,-0.530316,-0.318113,0.711939
121,-0.3,0.3,0,-0.3,0.3,0,-0.3,0.3,0,-0.3,0.3,0,-0.3,0.3,0,-0.3,0.3,0,-0.3,0.3,0,-0.3,0.3,0,-0.3,0.3,0,-0.3,0.3,0,-0.3,0.3,0
122,-0.1,0.3,0,-0.1,0.3,0,-0.1,0.3,0,-0.1,0.3,0,-0.1,0.3,0,-0.1,0.3,0,-0.1,0.3,0,-0.1,0.3,0,-0.1,0.3,0,-0.1,0.3,0,-0.1,0.3,0
123,0.1,0.3,0,0.1,0.3,0,0.1,0.3,0,0.1,0.3,0,0.1,0.3,0,0.1,0.3,0,0.1,0.3,0,0.1,0.3,0,0.1,0.3,0,0.1,0.3,0,0.1,0.3,0
124,0.3,0.3,0,0.3,0.3,0,0.3,0.3,0,0.3,0.3,0,0.3,0.3,0,0.3,0.3,0,0.3,0.3,0,0.3,0.3,0,0.3,0.3,0,0.3,0.3,0,0.3,0.3,0
125,-0.3,0.1,0,-0.3,0.1,0,-0.3,0.1,0,-0.3,0.1,0,-0.3,0.1,0,-0.3,0.1,0,-0.3,0.1,0,-0.3,0.1,0,-0.3,0.1,0,-0.3,0.1,0,-0.3,0.1,0
126,-0.1,0.1,0,-0.1,0.1,0,-0.1,0.1,0,-0.1,0.1,0,-0.1,0.1,0,-0.1,0.1,0,-0.1,0.1,0,-0.1,0.1,0,-0.1,0.1,0,-0.1,0.1,0,-0.1,0.1,0
127,0.1,0.1,0,0.1,0.1,0,0.1,0.1,0,0.1,0.1,0,0.1,0.1,0,0.1,0.1,0,0.1,0.1,0,0.1,0.1,0,0.1,0.1,0,0.1,0.1,0,0.1,0.1,0
128,0.3,0.1,0,0.3,0.1,0,0.3,0.1,0,0.3,0.1,0,0.3,0.1,0,0.3,0.1,0,0.3,0.1,0,0.3,0.1,0,0.3,0.1,0,0.3,0.1,0,0.3,0.1,0
129,-0.3,-0.1,0,-0.3,-0.1,0,-0.3,-0.1,0,-0.3,-0.1,0,-0.3,-0.1,0,-0.3,-0.1,0,-0.3,-0.1,0,-0.3,-0.1,0,-0.3,-0.1,0,-0.3,-0.1,0,-0.3,-0.1,0
130,-0.1,-0.1,0,-0.1,-0.1,0,-0.1,-0.1,0,-0.1,-0.1,0,-0.1,-0.1,0,-0.1,-0.1,0,-0.1,-0.1,0,-0.1,-0.1,0,-0.1,-0.1,0,-0.1,-0.1,0,-0.1,-0.1,0
131,0.1,-0.1,0,0.1,-0.1,0,0.1,-0.1,0,0.1,-0.1,0,0.1,-0.1,0,0.1,-0.1,0,0.1,-0.1,0,0.1,-0.1,0,0.1,-0.1,0,0.1,-0.1,0,0.1,-0.1,0
132,0.3,-0.1,0,0.3,-0.1,0,0.3,-0.1,0,0.3,-0.1,0,0.3,-0.1,0,0.3,-0.1,0,0.3,-0.1,0,0.3,-0.1,0,0.3,-0.1,0,0.3,-0.1,0,0.3,-0.1,0
133,-0.3,-0.3,0,-0.3,-0.3,0,-0.3,-0.3,0,-0.3,-0.3,0,-0.3,-0.3,0,-0.3,-0.3,0,-0.3,-0.3,0,-0.3,-0.3,0,-0.3,-0.3,0,-0.3,-0.3,0,-0.3,-0.3,0
134,-0.1,-0.3,0,-0.1,-0.3,0,-0.1,-0.3,0,-0.1,-0.3,0,-0.1,-0.3,0,-0.1,-0.3,0,-0.1,-0.3,0,-0.1,-0.3,0,-0.1,-0.3,0,-0.1,-0.3,0,-0.1,-0.3,0
135,0.1,-0.3,0,0.1,-0.3,0,0.1,-0.3,0,0.1,-0.3,0,0.1,-0.3,0,0.1,-0.3,0,0.1,-0.3,0,0.1,-0.3,0,0.1,-0.3,0,0.1,-0.3,0,0.1,-0.3,0
136,0.3,-0.3,0,0.3,-0.3,0,0.3,-0.3,0,0.3,-0.3,0,0.3,-0.3,0,0.3,-0.3,0,0.3,-0.3,0,0.3,-0.3,0,0.3,-0.3,0,0.3,-0.3,0,0.3,-0.3,0
137,-0.3,-0.3,1,-0.3015,-0.3015,0.991589,-0.303054,-0.303054,0.982732,-0.304669,-0.304669,0.973375,-0.306352,-0.306352,0.963454,-0.308112,-0.308112,0.952887,-0.30996,-0.30996,0.941577,-0.311912,-0.311912,0.929392,-0.313987,-0.313987,0.916164,-0.316211,-0.316211,0.901663,-0.318624,-0.318624,0.885552
138,-0.1,-0.3,1,-0.100504,-0.301499,0.991661,-0.101026,-0.303053,0.982878,-0.101568,-0.304669,0.9736,-0.102133,-0.306354,0.963761,-0.102724,-0.308117,0.953282,-0.103344,-0.309969,0.942065,-0.103999,-0.311927,0.929979,-0.104695,-0.31401,0.916859,-0.105441,-0.316244,0.902476,-0.10625,-0.31867,0.886497
139,0.1,-0.3,1,0.100504,-0.301499,0.991661,0.101026,-0.303053,0.982878,0.101568,-0.304669,0.9736,0.102133,-0.306354,0.963761,0.102724,-0.308117,0.953282,0.103344,-0.309969,0.942065,0.103999,-0.311927,0.929979,0.104695,-0.31401,0.916859,0.105441,-0.316244,0.902476,0.10625,-0.31867,0.886497
140,0.3,-0.3,1,0.3015,-0.3015,0.991589,0.303054,-0.303054,0.982732,0.304669,-0.304669,0.973375,0.306352,-0.306352,0.963454,0.308112,-0.308112,0.952887,0.30996,-0.30996,0.941577,0.311912,-0.311912,0.929392,0.313987,-0.313987,0.916164,0.316211,-0.316211,0.901663,0.318624,-0.318624,0.885552
141,-0.3,-0.1,1,-0.301499,-0.100504,0.991661,-0.303053,-0.101026,0.982878,-0.304669,-0.101568,0.9736,-0.306354,-0.102133,0.963761,-0.308117,-0.102724,0.953282,-0.309969,-0.103344,0.942065,-0.311927,-0.103999,0.929979,-0.31401,-0.104695,0.916859,-0.316244,-0.105441,0.902476,-0.31867,-0.10625,0.886497
142,-0.1,-0.1,1,-0.100504,-0.100504,0.991727,-0.101026,-0.101026,0.983014,-0.101568,-0.101568,0.973807,-0.102134,-0.102134,0.964044,-0.102726,-0.102726,0.953646,-0.103347,-0.103347,0.942513,-0.104004,-0.104004,0.930519,-0.104703,-0.104703,0.917499,-0.105452,-0.105452,0.903224,-0.106265,-0.106265,0.887367
143,0.1,-0.1,1,0.100504,-0.100504,0.991727,0.101026,-0.101026,0.983014,0.101568,-0.101568,0.973807,0.102134,-0.102134,0.964044,0.102726,-0.102726,0.953646,0.103347,-0.103347,0.942513,0.104004,-0.104004,0.930519,0.104703,-0.104703,0.917499,0.105452,-0.105452,0.903224,0.106265,-0.106265,0.887367
144,0.3,-0.1,1,0.301499,-0.100504,0.991661,0.303053,-0.101026,0.982878,0.304669,-0.101568,0.9736,0.306354,-0.102133,0.963761,0.308117,-0.102724,0.953282,0.309969,-0.103344,0.942065,0.311927,-0.103999,0.929979,0.31401,-0.104695,0.916859,0.316244,-0.105441,0.902476,0.31867,-0.10625,0.886497
145,-0.3,0.1,1,-0.301499,0.100504,0.991661,-0.303053,0.101026,0.982878,-0.304669,0.101568,0.9736,-0.306354,0.102133,0.963761,-0.308117,0.102724,0.953282,-0.309969,0.103344,0.942065,-0.311927,0.103999,0.929979,-0.31401,0.104695,0.916859,-0.316244,0.105441,0.902476,-0.31867,0.10625,0.886497
146,-0.1,0.1,1,-0.100504,0.100504,0.991727,-0.101026,0.101026,0.983014,-0.101568,0.101568,0.973807,-0.102134,0.102134,0.964044,-0.102726,0.102726,0.953646,-0.103347,0.103347,0.942513,-0.104004,0.104004,0.930519,-0.104703,0.104703,0.917499,-0.105452,0.105452,0.903224,-0.106265,0.106265,0.887367
147,0.1,0.1,1,0.100504,0.100504,0.991727,0.101026,0.101026,0.983014,0.101568,0.101568,0.973807,0.102134,0.102134,0.964044,0.102726,0.102726,0.953646,0.103347,0.103347,0.942513,0.104004,0.104004,0.930519,0.104703,0.104703,0.917499,0.105452,0.105452,0.903224,0.106265,0.106265,0.887367
148,0.3,0.1,1,0.301499,0.100504,0.991661,0.303053,0.101026,0.982878,0.304669,0.101568,0.9736,0.306354,0.102133,0.963761,0.308117,0.102724,0.953282,0.309969,0.103344,0.942065,0.311927,0.103999,0.929979,0.31401,0.104695,0.916859,0.316244,0.105441,0.902476,0.31867,0.10625,0.886497
149,-0.3,0.3,1,-0.3015,0.3015,0.991589,-0.303054,0.303054,0.982732,-0.304669,0.304669,0.973375,-0.306352,0.306352,0.963454,-0.308112,0.308112,0.952887,-0.30996,0.30996,0.941577,-0.311912,0.311912,0.929392,-0.313987,0.313987,0.916164,-0.316211,0.316211,0.901663,-0.318624,0.318624,0.885552
150,-0.1,0.3,1,-0.100504,0.301499,0.991661,-0.101026,0.303053,0.982878,-0.101568,0.304669,0.9736,-0.102133,0.306354,0.963761,-0.102724,0.308117,0.953282,-0.103344,0.309969,0.942065,-0.103999,0.311927,0.929979,-0.104695,0.31401,0.916859,-0.105441,0.316244,0.902476,-0.10625,0.31867,0.886497
151,0.1,0.3,1,0.100504,0.301499,0.991661,0.101026,0.303053,0.982878,0.101568,0.304669,0.9736,0.102133,0.306354,0.963761,0.102724,0.308117,0.953282,0.103344,0.309969,0.942065,0.103999,0.311927,0.929979,0.104695,0.31401,0.916859,0.105441,0.316244,0.902476,0.10625,0.31867,0.886497
152,0.3,0.3,1,0.3015,0.3015,0.991589,0.303054,0.303054,0.982732,0.304669,0.304669,0.973375,0.306352,0.306352,0.963454,0.308112,0.308112,0.952887,0.30996,0.30996,0.941577,0.311912,0.311912,0.929392,0.313987,0.313987,0.916164,0.316211,0.316211,0.901663,0.318624,0.318624,0.885552
153,-0.3,-0.3,0.2,-0.300841,-0.300841,0.199245,-0.301719,-0.301719,0.198451,-0.302638,-0.302638,0.197614,-0.303604,-0.303604,0.19673,-0.30462,-0.30462,0.195791,-0.305694,-0.305694,0.194791,-0.306833,-0.306833,0.193721,-0.308049,-0.308049,0.192568,-0.309353,-0.309353,0.191318,-0.310765,-0.310765,0.189947
154,-0.1,-0.3,0.2,-0.100267,-0.300875,0.199256,-0.100547,-0.301786,0.198476,-0.100841,-0.302737,0.197657,-0.10115,-0.303733,0.196793,-0.101476,-0.304778,0.19588,-0.101822,-0.305878,0.194912,-0.10219,-0.307041,0.193879,-0.102584,-0.308276,0.192773,-0.103008,-0.309596,0.19158,-0.103468,-0.311017,0.190281
155,0.1,-0.3,0.2,0.100267,-0.300875,0.199256,0.100547,-0.301786,0.198476,0.100841,-0.302737,0.197657,0.10115,-0.303733,0.196793,0.101476,-0.304778,0.19588,0.101822,-0.305878,0.194912,0.10219,-0.307041,0.193879,0.102584,-0.308276,0.192773,0.103008,-0.309596,0.19158,0.103468,-0.311017,0.190281
156,0.3,-0.3,0.2,0.300841,-0.300841,0.199245,0.301719,-0.301719,0.198451,0.302638,-0.302638,0.197614,0.303604,-0.303604,0.19673,0.30462,-0.30462,0.195791,0.305694,-0.305694,0.194791,0.306833,-0.306833,0.193721,0.308049,-0.308049,0.192568,0.309353,-0.309353,0.191318,0.310765,-0.310765,0.189947
157,-0.3,-0.1,0.2,-0.300875,-0.100267,0.199256,-0.301786,-0.100547,0.198476,-0.302737,-0.100841,0.197657,-0.303733,-0.10115,0.196793,-0.304778,-0.101476,0.19588,-0.305878,-0.101822,0.194912,-0.307041,-0.10219,0.193879,-0.308276,-0.102584,0.192773,-0.309596,-0.103008,0.19158,-0.311017,-0.103468,0.190281
158,-0.1,-0.1,0.2,-0.100278,-0.100278,0.199277,-0.100568,-0.100568,0.198521,-0.100872,-0.100872,0.19773,-0.10119,-0.10119,0.196899,-0.101526,-0.101526,0.196025,-0.10188,-0.10188,0.195101,-0.102255,-0.102255,0.194121,-0.102655,-0.102655,0.193077,-0.103083,-0.103083,0.191958,-0.103546,-0.103546,0.190748
159,0.1,-0.1,0.2,0.100278,-0.100278,0.199277,0.100568,-0.100568,0.198521,0.100872,-0.100872,0.19773,0.10119,-0.10119,0.196899,0.101526,-0.101526,0.196025,0.10188,-0.10188,0.195101,0.102255,-0.102255,0.194121,0.102655,-0.102655,0.193077,0.103083,-0.103083,0.191958,0.103546,-0.103546,0.190748
160,0.3,-0.1,0.2,0.300875,-0.100267,0.199256,0.301786,-0.100547,0.198476,0.302737,-0.100841,0.197657,0.303733,-0.10115,0.196793,0.304778,-0.101476,0.19588,0.305878,-0.101822,0.194912,0.307041,-0.10219,0.193879,0.308276,-0.102584,0.192773,0.309596,-0.103008,0.19158,0.311017,-0.103468,0.190281
161,-0.3,0.1,0.2,-0.300875,0.100267,0.199256,-0.301786,0.100547,0.198476,-0.302737,0.100841,0.197657,-0.303733,0.10115,0.196793,-0.304778,0.101476,0.19588,-0.305878,0.101822,0.194912,-0.307041,0.10219,0.193879,-0.308276,0.102584,0.192773,-0.309596,0.103008,0.19158,-0.311017,0.103468,0.190281
162,-0.1,0.1,0.2,-0.100278,0.100278,0.199277,-0.100568,0.100568,0.198521,-0.100872,0.100872,0.19773,-0.10119,0.10119,0.196899,-0.101526,0.101526,0.196025,-0.10188,0.10188,0.195101,-0.102255,0.102255,0.194121,-0.102655,0.102655,0.193077,-0.103083,0.103083,0.191958,-0.103546,0.103546,0.190748
163,0.1,0.1,0.2,0.100278,0.100278,0.199277,0.100568,0.100568,0.198521,0.100872,0.100872,0.19773,0.10119,0.10119,0.196899,0.101526,0.101526,0.196025,0.10188,0.10188,0.195101,0.102255,0.102255,0.194121,0.102655,0.102655,0.193077,0.103083,0.103083,0.191958,0.103546,0.103546,0.190748
164,0.3,0.1,0.2,0.300875,0.100267,0.199256,0.301786,0.100547,0.198476,0.302737,0.100841,0.197657,0.303733,0.10115,0.196793,0.304778,0.101476,0.19588,0.305878,0.101822,0.194912,0.307041,0.10219,0.193879,0.308276,0.102584,0.192773,0.309596,0.103008,0.19158,0.311017,0.103468,0.190281
165,-0.3,0.3,0.2,-0.300841,0.300841,0.199245,-0.301719,0.301719,0.198451,-0.302638,0.302638,0.197614,-0.303604,0.303604,0.19673,-0.30462,0.30462,0.195791,-0.305694,0.305694,0.194791,-0.306833,0.306833,0.193721,-0.308049,0.308049,0.192568,-0.309353,0.309353,0.191318,-0.310765,0.310765,0.189947
166,-0.1,0.3,0.2,-0.100267,0.300875,0.199256,-0.100547,0.301786,0.198476,-0.100841,0.302737,0.197657,-0.10115,0.303733,0.196793,-0.101476,0.304778,0.19588,-0.101822,0.305878,0.194912,-0.10219,0.307041,0.193879,-0.102584,0.308276,0.192773,-0.103008,0.309596,0.19158,-0.103468,0.311017,0.190281
167,0.1,0.3,0.2,0.100267,0.300875,0.199256,0.100547,0.301786,0.198476,0.100841,0.302737,0.197657,0.10115,0.303733,0.196793,0.101476,0.304778,0.19588,0.101822,0.305878,0.194912,0.10219,0.307041,0.193879,0.102584,0.308276,0.192773,0.103008,0.309596,0.19158,0.103468,0.311017,0.190281
168,0.3,0.3,0.2,0.300841,0.300841,0.199245,0.301719,0.301719,0.198451,0.302638,0.302638,0.197614,0.303604,0.303604,0.19673,0.30462,0.30462,0.195791,0.305694,0.305694,0.194791,0.306833,0.306833,0.193721,0.308049,0.308049,0.192568,0.309353,0.309353,0.191318,0.310765,0.310765,0.189947
169,-0.3,-0.3,0.4,-0.301269,-0.301269,0.397603,-0.30259,-0.30259,0.395082,-0.303967,-0.303967,0.392423,-0.305408,-0.305408,0.389609,-0.306919,-0.306919,0.386621,-0.30851,-0.30851,0.383433,-0.310194,-0.310194,0.380013,-0.311986,-0.311986,0.37632,-0.313906,-0.313906,0.372302,-0.315984,-0.315984,0.367879
170,-0.1,-0.3,0.4,-0.100415,-0.301271,0.39767,-0.100847,-0.302593,0.395221,-0.101298,-0.30397,0.39264,-0.101771,-0.305409,0.389912,-0.102267,-0.306917,0.387017,-0.10279,-0.308504,0.383932,-0.103345,-0.310181,0.380628,-0.103935,-0.311964,0.377067,-0.104569,-0.313873,0.373198,-0.105256,-0.315936,0.368951
171,0.1,-0.3,0.4,0.100415,-0.301271,0.39767,0.100847,-0.302593,0.395221,0.101298,-0.30397,0.39264,0.101771,-0.305409,0.389912,0.102267,-0.306917,0.387017,0.10279,-0.308504,0.383932,0.103345,-0.310181,0.380628,0.103935,-0.311964,0.377067,0.104569,-0.313873,0.373198,0.105256,-0.315936,0.368951
172,0.3,-0.3,0.4,0.301269,-0.301269,0.397603,0.30259,-0.30259,0.395082,0.303967,-0.303967,0.392423,0.305408,-0.305408,0.389609,0.306919,-0.306919,0.386621,0.30851,-0.30851,0.383433,0.310194,-0.310194,0.380013,0.311986,-0.311986,0.37632,0.313906,-0.313906,0.372302,0.315984,-0.315984,0.367879
173,-0.3,-0.1,0.4,-0.301271,-0.100415,0.39767,-0.302593,-0.100847,0.395221,-0.30397,-0.101298,0.39264,-0.305409,-0.101771,0.389912,-0.306917,-0.102267,0.387017,-0.308504,-0.10279,0.383932,-0.310181,-0.103345,0.380628,-0.311964,-0.103935,0.377067,-0.313873,-0.104569,0.373198,-0.315936,-0.105256,0.368951
174,-0.1,-0.1,0.4,-0.100416,-0.100416,0.397751,-0.100848,-0.100848,0.39539,-0.1013,-0.1013,0.392903,-0.101772,-0.101772,0.390276,-0.102268,-0.102268,0.387493,-0.10279,-0.10279,0.38453,-0.103342,-0.103342,0.381361,-0.10393,-0.10393,0.377952,-0.10456,-0.10456,0.374256,-0.105242,-0.105242,0.370208
175,0.1,-0.1,0.4,0.100416,-0.100416,0.397751,0.100848,-0.100848,0.39539,0.1013,-0.1013,0.392903,0.101772,-0.101772,0.390276,0.102268,-0.102268,0.387493,0.10279,-0.10279,0.38453,0.103342,-0.103342,0.381361,0.10393,-0.10393,0.377952,0.10456,-0.10456,0.374256,0.105242,-0.105242,0.370208
176,0.3,-0.1,0.4,0.301271,-0.100415,0.39767,0.302593,-0.100847,0.395221,0.30397,-0.101298,0.39264,0.305409,-0.101771,0.389912,0.306917,-0.102267,0.387017,0.308504,-0.10279,0.383932,0.310181,-0.103345,0.380628,0.311964,-0.103935,0.377067,0.313873,-0.104569,0.373198,0.315936,-0.105256,0.368951
177,-0.3,0.1,0.4,-0.301271,0.100415,0.39767,-0.302593,0.100847,0.395221,-0.30397,0.101298,0.39264,-0.305409,0.101771,0.389912,-0.306917,0.102267,0.387017,-0.308504,0.10279,0.383932,-0.310181,0.103345,0.380628,-0.311964,0.103935,0.377067,-0.313873,0.104569,0.373198,-0.315936,0.105256,0.368951
178,-0.1,0.1,0.4,-0.100416,0.100416,0.397751,-0.100848,0.100848,0.39539,-0.1013,0.1013,0.392903,-0.101772,0.101772,0.390276,-0.102268,0.102268,0.387493,-0.10279,0.10279,0.38453,-0.103342,0.103342,0.381361,-0.10393,0.10393,0.377952,-0.10456,0.10456,0.374256,-0.105242,0.105242,0.370208
179,0.1,0.1,0.4,0.100416,0.100416,0.397751,0.100848,0.100848,0.39539,0.1013,0.1013,0.392903,0.101772,0.101772,0.390276,0.102268,0.102268,0.387493,0.10279,0.10279,0.38453,0.103342,0.103342,0.381361,0.10393,0.10393,0.377952,0.10456,0.10456,0.374256,0.105242,0.105242,0.370208
180,0.3,0.1,0.4,0.301271,0.100415,0.39767,0.302593,0.100847,0.395221,0.30397,0.101298,0.39264,0.305409,0.101771,0.389912,0.306917,0.102267,0.387017,0.308504,0.10279,0.383932,0.310181,0.103345,0.380628,0.311964,0.103935,0.377067,0.313873,0.104569,0.373198,0.315936,0.105256,0.368951
181,-0.3,0.3,0.4,-0.301269,0.301269,0.397603,-0.30259,0.30259,0.395082,-0.303967,0.303967,0.392423,-0.305408,0.305408,0.389609,-0.306919,0.306919,0.386621,-0.30851,0.30851,0.383433,-0.310194,0.310194,0.380013,-0.311986,0.311986,0.37632,-0.313906,0.313906,0.372302,-0.315984,0.315984,0.367879
182,-0.1,0.3,0.4,-0.100415,0.301271,0.39767,-0.100847,0.302593,0.395221,-0.101298,0.30397,0.39264,-0.101771,0.305409,0.389912,-0.102267,0.306917,0.387017,-0.10279,0.308504,0.383932,-0.103345,0.310181,0.380628,-0.103935,0.311964,0.377067,-0.104569,0.313873,0.373198,-0.105256,0.315936,0.368951
183,0.1,0.3,0.4,0.100415,0.301271,0.39767,0.100847,0.302593,0.395221,0.101298,0.30397,0.39264,0.101771,0.305409,0.389912,0.102267,0.306917,0.387017,0.10279,0.308504,0.383932,0.103345,0.310181,0.380628,0.103935,0.311964,0.377067,0.104569,0.313873,0.373198,0.105256,0.315936,0.368951
184,0.3,0.3,0.4,0.301269,0.301269,0.397603,0.30259,0.30259,0.395082,0.303967,0.303967,0.392423,0.305408,0.305408,0.389609,0.306919,0.306919,0.386621,0.30851,0.30851,0.383433,0.310194,0.310194,0.380013,0.311986,0.311986,0.37632,0.313906,0.313906,0.372302,0.315984,0.315984,0.367879
185,-0.3,-0.3,0.6,-0.301417,-0.301417,0.595665,-0.302889,-0.302889,0.591103,-0.304422,-0.304422,0.586286,-0.306023,-0.306023,0.581184,-0.3077,-0.3077,0.575757,-0.309465,-0.309465,0.569958,-0.311332,-0.311332,0.563723,-0.313318,-0.313318,0.556974,-0.315449,-0.315449,0.549602,-0.31776,-0.31776,0.541452
186,-0.1,-0.3,0.6,-0.100471,-0.301423,0.595756,-0.100961,-0.302901,0.591291,-0.101471,-0.30444,0.586578,-0.102004,-0.306048,0.581587,-0.102562,-0.307732,0.57628,-0.103151,-0.309505,0.570611,-0.103773,-0.31138,0.564519,-0.104435,-0.313375,0.55793,-0.105146,-0.315515,0.550738,-0.105918,-0.317837,0.542795
187,0.1,-0.3,0.6,0.100471,-0.301423,0.595756,0.100961,-0.302901,0.591291,0.101471,-0.30444,0.586578,0.102004,-0.306048,0.581587,0.102562,-0.307732,0.57628,0.103151,-0.309505,0.570611,0.103773,-0.31138,0.564519,0.104435,-0.313375,0.55793,0.105146,-0.315515,0.550738,0.105918,-0.317837,0.542795
188,0.3,-0.3,0.6,0.301417,-0.301417,0.595665,0.302889,-0.302889,0.591103,0.304422,-0.304422,0.586286,0.306023,-0.306023,0.581184,0.3077,-0.3077,0.575757,0.309465,-0.309465,0.569958,0.311332,-0.311332,0.563723,0.313318,-0.313318,0.556974,0.315449,-0.315449,0.549602,0.31776,-0.31776,0.541452
189,-0.3,-0.1,0.6,-0.301423,-0.100471,0.595756,-0.302901,-0.100961,0.591291,-0.30444,-0.101471,0.586578,-0.306048,-0.102004,0.581587,-0.307732,-0.102562,0.57628,-0.309505,-0.103151,0.570611,-0.31138,-0.103773,0.564519,-0.313375,-0.104435,0.55793,-0.315515,-0.105146,0.550738,-0.317837,-0.105918,0.542795
190,-0.1,-0.1,0.6,-0.100474,-0.100474,0.59585,-0.100966,-0.100966,0.591483,-0.101479,-0.101479,0.586875,-0.102015,-0.102015,0.581997,-0.102577,-0.102577,0.576812,-0.103169,-0.103169,0.571275,-0.103795,-0.103795,0.565328,-0.104461,-0.104461,0.5589,-0.105176,-0.105176,0.551889,-0.105952,-0.105952,0.544155
191,0.1,-0.1,0.6,0.100474,-0.100474,0.59585,0.100966,-0.100966,0.591483,0.101479,-0.101479,0.586875,0.102015,-0.102015,0.581997,0.102577,-0.102577,0.576812,0.103169,-0.103169,0.571275,0.103795,-0.103795,0.565328,0.104461,-0.104461,0.5589,0.105176,-0.105176,0.551889,0.105952,-0.105952,0.544155
192,0.3,-0.1,0.6,0.301423,-0.100471,0.595756,0.302901,-0.100961,0.591291,0.30444,-0.101471,0.586578,0.306048,-0.102004,0.581587,0.307732,-0.102562,0.57628,0.309505,-0.103151,0.570611,0.31138,-0.103773,0.564519,0.313375,-0.104435,0.55793,0.315515,-0.105146,0.550738,0.317837,-0.105918,0.542795
193,-0.3,0.1,0.6,-0.301423,0.100471,0.595756,-0.302901,0.100961,0.591291,-0.30444,0.101471,0.586578,-0.306048,0.102004,0.581587,-0.307732,0.102562,0.57628,-0.309505,0.103151,0.570611,-0.31138,0.103773,0.564519,-0.313375,0.104435,0.55793,-0.315515,0.105146,0.550738,-0.317837,0.105918,0.542795
194,-0.1,0.1,0.6,-0.100474,0.100474,0.59585,-0.100966,0.100966,0.591483,-0.101479,0.101479,0.586875,-0.102015,0.102015,0.581997,-0.102577,0.102577,0.576812,-0.103169,0.103169,0.571275,-0.103795,0.103795,0.565328,-0.104461,0.104461,0.5589,-0.105176,0.105176,0.551889,-0.105952,0.105952,0.544155
195,0.1,0.1,0.6,0.100474,0.100474,0.59585,0.100966,0.100966,0.591483,0.101479,0.101479,0.586875,0.102015,0.102015,0.581997,0.102577,0.102577,0.576812,0.103169,0.103169,0.571275,0.103795,0.103795,0.565328,0.104461,0.104461,0.5589,0.105176,0.105176,0.551889,0.105952,0.105952,0.544155
196,0.3,0.1,0.6,0.301423,0.100471,0.595756,0.302901,0.100961,0.591291,0.30444,0.101471,0.586578,0.306048,0.102004,0.581587,0.307732,0.102562,0.57628,0.309505,0.103151,0.570611,0.31138,0.103773,0.564519,0.313375,0.104435,0.55793,0.315515,0.105146,0.550738,0.317837,0.105918,0.542795
197,-0.3,0.3,0.6,-0.301417,0.301417,0.595665,-0.302889,0.302889,0.591103,-0.304422,0.304422,0.586286,-0.306023,0.306023,0.581184,-0.3077,0.3077,0.575757,-0.309465,0.309465,0.569958,-0.311332,0.311332,0.563723,-0.313318,0.313318,0.556974,-0.315449,0.315449,0.549602,-0.31776,0.31776,0.541452
198,-0.1,0.3,0.6,-0.100471,0.301423,0.595756,-0.100961,0.302901,0.591291,-0.101471,0.30444,0.586578,-0.102004,0.306048,0.581587,-0.102562,0.307732,0.57628,-0.103151,0.309505,0.570611,-0.103773,0.31138,0.564519,-0.104435,0.313375,0.55793,-0.105146,0.315515,0.550738,-0.105918,0.317837,0.542795
199,0.1,0.3,0.6,0.100471,0.301423,0.595756,0.100961,0.302901,0.591291,0.101471,0.30444,0.586578,0.102004,0.306048,0.581587,0.102562,0.307732,0.57628,0.103151,0.309505,0.570611,0.103773,0.31138,0.564519,0.104435,0.313375,0.55793,0.105146,0.315515,0.550738,0.105918,0.317837,0.542795
200,0.3,0.3,0.6,0.301417,0.301417,0.595665,0.302889,0.302889,0.591103,0.304422,0.304422,0.586286,0.306023,0.306023,0.581184,0.3077,0.3077,0.575757,0.309465,0.309465,0.569958,0.311332,0.311332,0.563723,0.313318,0.313318,0.556974,0.315449,0.315449,0.549602,0.31776,0.31776,0.541452
201,-0.3,-0.3,0.8,-0.301464,-0.301464,0.793642,-0.302984,-0.302984,0.786948,-0.304565,-0.304565,0.779878,-0.306214,-0.306214,0.772383,-0.307942,-0.307942,0.764405,-0.309758,-0.309758,0.75587,-0.311679,-0.311679,0.746682,-0.313723,-0.313723,0.736719,-0.315916,-0.315916,0.725811,-0.318298,-0.318298,0.713715
202,-0.1,-0.3,0.8,-0.100489,-0.301473,0.793729,-0.100997,-0.303001,0.787126,-0.101525,-0.304592,0.780153,-0.102076,-0.306252,0.772761,-0.102653,-0.30799,0.764892,-0.10326,-0.30982,0.756475,-0.103903,-0.311754,0.747415,-0.104586,-0.313813,0.737592,-0.10532,-0.316024,0.726841,-0.106117,-0.318426,0.714923
203,0.1,-0.3,0.8,0.100489,-0.301473,0.793729,0.100997,-0.303001,0.787126,0.101525,-0.304592,0.780153,0.102076,-0.306252,0.772761,0.102653,-0.30799,0.764892,0.10326,-0.30982,0.756475,0.103903,-0.311754,0.747415,0.104586,-0.313813,0.737592,0.10532,-0.316024,0.726841,0.106117,-0.318426,0.714923
204,0.3,-0.3,0.8,0.301464,-0.301464,0.793642,0.302984,-0.302984,0.786948,0.304565,-0.304565,0.779878,0.306214,-0.306214,0.772383,0.307942,-0.307942,0.764405,0.309758,-0.309758,0.75587,0.311679,-0.311679,0.746682,0.313723,-0.313723,0.736719,0.315916,-0.315916,0.725811,0.318298,-0.318298,0.713715
205,-0.3,-0.1,0.8,-0.301473,-0.100489,0.793729,-0.303001,-0.100997,0.787126,-0.304592,-0.101525,0.780153,-0.306252,-0.102076,0.772761,-0.30799,-0.102653,0.764892,-0.30982,-0.10326,0.756475,-0.311754,-0.103903,0.747415,-0.313813,-0.104586,0.737592,-0.316024,-0.10532,0.726841,-0.318426,-0.106117,0.714923
206,-0.1,-0.1,0.8,-0.100492,-0.100492,0.793813,-0.101002,-0.101002,0.787298,-0.101534,-0.101534,0.780417,-0.102089,-0.102089,0.773123,-0.10267,-0.10267,0.76536,-0.103281,-0.103281,0.757055,-0.103928,-0.103928,0.748118,-0.104616,-0.104616,0.738429,-0.105356,-0.105356,0.727828,-0.106159,-0.106159,0.71608
207,0.1,-0.1,0.8,0.100492,-0.100492,0.793813,0.101002,-0.101002,0.787298,0.101534,-0.101534,0.780417,0.102089,-0.102089,0.773123,0.10267,-0.10267,0.76536,0.103281,-0.103281,0.757055,0.103928,-0.103928,0.748118,0.104616,-0.104616,0.738429,0.105356,-0.105356,0.727828,0.106159,-0.106159,0.71608
208,0.3,-0.1,0.8,0.301473,-0.100489,0.793729,0.303001,-0.100997,0.787126,0.304592,-0.101525,0.780153,0.306252,-0.102076,0.772761,0.30799,-0.102653,0.764892,0.30982,-0.10326,0.756475,0.311754,-0.103903,0.747415,0.313813,-0.104586,0.737592,0.316024,-0.10532,0.726841,0.318426,-0.106117,0.714923
209,-0.3,0.1,0.8,-0.301473,0.100489,0.793729,-0.303001,0.100997,0.787126,-0.304592,0.101525,0.780153,-0.306252,0.102076,0.772761,-0.30799,0.102653,0.764892,-0.30982,0.10326,0.756475,-0.311754,0.103903,0.747415,-0.313813,0.104586,0.737592,-0.316024,0.10532,0.726841,-0.318426,0.106117,0.714923
210,-0.1,0.1,0.8,-0.100492,0.100492,0.793813,-0.101002,0.101002,0.787298,-0.101534,0.101534,0.780417,-0.102089,0.102089,0.773123,-0.10267,0.10267,0.76536,-0.103281,0.103281,0.757055,-0.103928,0.103928,0.748118,-0.104616,0.104616,0.738429,-0.105356,0.105356,0.727828,-0.106159,0.106159,0.71608
211,0.1,0.1,0.8,0.100492,0.100492,0.793813,0.101002,0.101002,0.787298,0.101534,0.101534,0.780417,0.102089,0.102089,0.773123,0.10267,0.10267,0.76536,0.103281,0.103281,0.757055,0.103928,0.103928,0.748118,0.104616,0.104616,0.738429,0.105356,0.105356,0.727828,0.106159,0.106159,0.71608
212,0.3,0.1,0.8,0.301473,0.100489,0.793729,0.303001,0.100997,0.787126,0.304592,0.101525,0.780153,0.306252,0.102076,0.772761,0.30799,0.102653,0.764892,0.30982,0.10326,0.756475,0.311754,0.103903,0.747415,0.313813,0.104586,0.737592,0.316024,0.10532,0.726841,0.318426,0.106117,0.714923
213,-0.3,0.3,0.8,-0.301464,0.301464,0.793642,-0.302984,0.302984,0.786948,-0.304565,0.304565,0.779878,-0.306214,0.306214,0.772383,-0.307942,0.307942,0.764405,-0.309758,0.309758,0.75587,-0.311679,0.311679,0.746682,-0.313723,0.313723,0.736719,-0.315916,0.315916,0.725811,-0.318298,0.318298,0.713715
214,-0.1,0.3,0.8,-0.100489,0.301473,0.793729,-0.100997,0.303001,0.787126,-0.101525,0.304592,0.780153,-0.102076,0.306252,0.772761,-0.102653,0.30799,0.764892,-0.10326,0.30982,0.756475,-0.103903,0.311754,0.747415,-0.104586,0.313813,0.737592,-0.10532,0.316024,0.726841,-0.106117,0.318426,0.714923
215,0.1,0.3,0.8,0.100489,0.301473,0.793729,0.100997,0.303001,0.787126,0.101525,0.304592,0.780153,0.102076,0.306252,0.772761,0.102653,0.30799,0.764892,0.10326,0.30982,0.756475,0.103903,0.311754,0.747415,0.104586,0.313813,0.737592,0.10532,0.316024,0.726841,0.106117,0.318426,0.714923
216,0.3,0.3,0.8,0.301464,0.301464,0.793642,0.302984,0.302984,0.786948,0.304565,0.304565,0.779878,0.306214,0.306214,0.772383,0.307942,0.307942,0.764405,0.309758,0.309758,0.75587,0.311679,0.311679,0.746682,0.313723,0.313723,0.736719,0.315916,0.315916,0.725811,0.318298,0.318298,0.713715
