1,0,0,0,0,0,0,-7714.59,-7714.59,-12013.5,127.386,-1815.95,-1815.95,-15697.7,-15697.7,-24283.6,310.171,-3542.04,-3542.04,-23979.9,-23979.9,-36828.9,553.164,-5166.08,-5166.08,-32599.7,-32599.7,-49672.7,861.878,-6673.56,-6673.56,-41602.7,-41602.7,-62841.8,1242.87,-8047,-8047,-51046.1,-51046.1,-76368.7,1703.99,-9264.96,-9264.96,-61004.3,-61004.3,-90296.9,2254.96,-10300.9,-10300.9,-71570.3,-71570.3,-104676,2907.82,-11120.3,-11120.3,-82872.5,-82872.5,-119576,3678.48,-11678.2,-11678.2,-95095.3,-95095.3,-135100,4588.94,-11912.6,-11912.6
2,0,0,0,0,0,0,-6605.06,-6372.48,-10353.8,-20.1502,-1826.52,-910.901,-13423.3,-12917.4,-20917.5,-16.0716,-3582.62,-1798.05,-20474.9,-19652,-31706.1,14.6922,-5258.89,-2657.8,-27785,-26598.5,-42738.7,75.0111,-6844.19,-3485.83,-35382.6,-33782.2,-54036.8,168.312,-8325.17,-4276.96,-43303.4,-41234.5,-65626.6,298.74,-9685.59,-5024.87,-51593.4,-48996.2,-77543.4,471.458,-10905.6,-5721.9,-60307.2,-57116,-89826,692.95,-11959.4,-6358,-69520,-65661.2,-102531,971.788,-12813.8,-6920.43,-79337.9,-74727.2,-115740,1319.85,-13423.9,-7392.01
3,0,0,0,0,0,0,-6880.55,-6524.84,-10523.4,9.8044e-11,-1874.93,2.20552e-11,-13995.6,-13228.1,-21262.2,2.62497e-11,-3673.97,3.47598e-11,-21367,-20127.6,-32231.9,3.82983e-11,-5387.27,-6.05667e-11,-29022.1,-27246.3,-43452.2,1.54152e-11,-7003.2,-8.69989e-11,-36992.2,-34610.3,-54945,3.77423e-11,-8507.85,-1.09708e-11,-45315.5,-42251.8,-66737.1,-4.65761e-12,-9884.36,-2.38174e-11,-54041.6,-50212.7,-78864.5,1.89289e-11,-11112.2,1.44951e-11,-63228.6,-58542.6,-91366.8,7.72999e-11,-12164.7,-1.1255e-11,-72956.6,-67310.1,-104302,1.12976e-12,-13008,1.54614e-11,-83337.7,-76611.6,-117752,4.89138e-11,-13595.9,3.9222e-11
4,0,0,0,0,0,0,-6605.06,-6372.48,-10353.8,20.1502,-1826.52,910.901,-13423.3,-12917.4,-20917.5,16.0716,-3582.62,1798.05,-20474.9,-19652,-31706.1,-14.6922,-5258.89,2657.8,-27785,-26598.5,-42738.7,-75.0111,-6844.19,3485.83,-35382.6,-33782.2,-54036.8,-168.312,-8325.17,4276.96,-43303.4,-41234.5,-65626.6,-298.74,-9685.59,5024.87,-51593.4,-48996.2,-77543.4,-471.458,-10905.6,5721.9,-60307.2,-57116,-89826,-692.95,-11959.4,6358,-69520,-65661.2,-102531,-971.788,-12813.8,6920.43,-79337.9,-74727.2,-115740,-1319.85,-13423.9,7392.01
5,0,0,0,0,0,0,-7714.59,-7714.59,-12013.5,-127.386,-1815.95,1815.95,-15697.7,-15697.7,-24283.6,-310.171,-3542.04,3542.04,-23979.9,-23979.9,-36828.9,-553.164,-5166.08,5166.08,-32599.7,-32599.7,-49672.7,-861.878,-6673.56,6673.56,-41602.7,-41602.7,-62841.8,-1242.87,-8047,8047,-51046.1,-51046.1,-76368.7,-1703.99,-9264.96,9264.96,-61004.3,-61004.3,-90296.9,-2254.96,-10300.9,10300.9,-71570.3,-71570.3,-104676,-2907.82,-11120.3,11120.3,-82872.5,-82872.5,-119576,-3678.48,-11678.2,11678.2,-95095.3,-95095.3,-135100,-4588.94,-11912.6,11912.6
6,0,0,0,0,0,0,-6372.48,-6605.06,-10353.8,-20.1502,-910.901,-1826.52,-12917.4,-13423.3,-20917.5,-16.0716,-1798.05,-3582.62,-19652,-20474.9,-31706.1,14.6922,-2657.8,-5258.89,-26598.5,-27785,-42738.7,75.0111,-3485.83,-6844.19,-33782.2,-35382.6,-54036.8,168.312,-4276.96,-8325.17,-41234.5,-43303.4,-65626.6,298.74,-5024.87,-9685.59,-48996.2,-51593.4,-77543.4,471.458,-5721.9,-10905.6,-57116,-60307.2,-89826,692.95,-6358,-11959.4,-65661.2,-69520,-102531,971.788,-6920.43,-12813.8,-74727.2,-79337.9,-115740,1319.85,-7392.01,-13423.9
7,0,0,0,0,0,0,-5214.89,-5214.89,-8651.37,-33.1224,-915.97,-915.97,-10540.5,-10540.5,-17452.6,-55.1585,-1817.94,-1817.94,-15983,-15983,-26412.9,-64.7563,-2703.77,-2703.77,-21550.3,-21550.3,-35544.2,-60.303,-3570.96,-3570.96,-27250.3,-27250.3,-44859.3,-39.8438,-4416.6,-4416.6,-33092.2,-33092.2,-54373.8,-0.969816,-5237.22,-5237.22,-39087.6,-39087.6,-64108.7,59.3648,-6028.82,-6028.82,-45246.1,-45246.1,-74084.9,145.073,-6786.15,-6786.15,-51581.5,-51581.5,-84333.9,261.396,-7502.99,-7502.99,-58111.2,-58111.2,-94900.5,415.705,-8171.53,-8171.53
8,0,0,0,0,0,0,-5581.24,-5486.72,-8916.35,-4.67592e-11,-929.865,-6.76437e-12,-11294.3,-11092.5,-17986.6,-5.12446e-11,-1842.64,3.47171e-11,-17147.2,-16824,-27220.2,-6.4531e-11,-2735.9,-2.77112e-11,-23149.4,-22689.9,-36629.1,-5.56415e-11,-3606.81,-4.76348e-11,-29311.2,-28698.5,-46226.3,-4.78844e-11,-4452.08,9.91918e-12,-35644,-34859.8,-56027.6,2.30629e-11,-5267.8,-5.28928e-11,-42162.9,-41186.5,-66054.3,-1.02964e-11,-6049.47,2.53522e-11,-48880.8,-47689.3,-76327.5,-3.92575e-11,-6791.21,1.4154e-11,-55816.4,-54383.2,-86878.7,-5.47562e-11,-7486.08,3.47882e-11,-62993.3,-61287.6,-97753.5,-7.37153e-11,-8125.32,4.39968e-11
9,0,0,0,0,0,0,-5214.89,-5214.89,-8651.37,33.1224,-915.97,915.97,-10540.5,-10540.5,-17452.6,55.1585,-1817.94,1817.94,-15983,-15983,-26412.9,64.7563,-2703.77,2703.77,-21550.3,-21550.3,-35544.2,60.303,-3570.96,3570.96,-27250.3,-27250.3,-44859.3,39.8438,-4416.6,4416.6,-33092.2,-33092.2,-54373.8,0.969816,-5237.22,5237.22,-39087.6,-39087.6,-64108.7,-59.3648,-6028.82,6028.82,-45246.1,-45246.1,-74084.9,-145.073,-6786.15,6786.15,-51581.5,-51581.5,-84333.9,-261.396,-7502.99,7502.99,-58111.2,-58111.2,-94900.5,-415.705,-8171.53,8171.53
10,0,0,0,0,0,0,-6372.48,-6605.06,-10353.8,20.1502,-910.901,1826.52,-12917.4,-13423.3,-20917.5,16.0716,-1798.05,3582.62,-19652,-20474.9,-31706.1,-14.6922,-2657.8,5258.89,-26598.5,-27785,-42738.7,-75.0111,-3485.83,6844.19,-33782.2,-35382.6,-54036.8,-168.312,-4276.96,8325.17,-41234.5,-43303.4,-65626.6,-298.74,-5024.87,9685.59,-48996.2,-51593.4,-77543.4,-471.458,-5721.9,10905.6,-57116,-60307.2,-89826,-692.95,-6358,11959.4,-65661.2,-69520,-102531,-971.788,-6920.43,12813.8,-74727.2,-79337.9,-115740,-1319.85,-7392.01,13423.9
11,0,0,0,0,0,0,-6524.84,-6880.55,-10523.4,-3.57663e-11,1.62217e-11,-1874.93,-13228.1,-13995.6,-21262.2,1.75358e-11,1.97957e-11,-3673.97,-20127.6,-21367,-32231.9,1.57998e-11,4.60432e-11,-5387.27,-27246.3,-29022.1,-43452.2,-6.5139e-11,6.9889e-11,-7003.2,-34610.3,-36992.2,-54945,4.61817e-11,1.18803e-11,-8507.85,-42251.8,-45315.5,-66737.1,-3.76303e-11,6.84963e-12,-9884.36,-50212.7,-54041.6,-78864.5,2.467e-11,-2.10321e-12,-11112.2,-58542.6,-63228.6,-91366.8,7.26814e-11,4.33715e-11,-12164.7,-67310.1,-72956.6,-104302,-9.09495e-12,3.8483e-11,-13008,-76611.6,-83337.7,-117752,2.73133e-11,1.04592e-11,-13595.9
12,0,0,0,0,0,0,-5486.72,-5581.24,-8916.35,-6.69131e-12,5.38307e-11,-929.865,-11092.5,-11294.3,-17986.6,6.9994e-11,6.73595e-11,-1842.64,-16824,-17147.2,-27220.2,-2.79399e-11,7.01448e-11,-2735.9,-22689.9,-23149.4,-36629.1,6.75149e-12,4.74074e-11,-3606.81,-28698.5,-29311.2,-46226.3,-1.31886e-11,4.45084e-11,-4452.08,-34859.8,-35644,-56027.6,3.25793e-11,-3.63798e-11,-5267.8,-41186.5,-42162.9,-66054.3,-3.26903e-11,-7.38964e-12,-6049.47,-47689.3,-48880.8,-76327.5,-2.00551e-11,-1.2335e-11,-6791.21,-54383.2,-55816.4,-86878.7,-5.06617e-12,8.89031e-11,-7486.08,-61287.6,-62993.3,-97753.5,-2.99707e-11,3.64935e-11,-8125.32
13,0,0,0,0,0,0,-5799.08,-5799.08,-9118.81,1.61683e-11,5.91101e-11,-7.13669e-11,-11736.6,-11736.6,-18395.1,-4.48555e-11,1.30598e-11,3.41061e-12,-17820.7,-17820.7,-27838.3,-4.00646e-12,2.33058e-11,-5.4925e-11,-24061,-24061,-37460.3,9.26437e-12,3.83409e-11,-1.64562e-11,-30468,-30468,-47274.3,4.73999e-12,-2.89901e-12,2.41585e-11,-37053.4,-37053.4,-57295.9,1.2176e-11,4.26326e-12,-1.42677e-11,-43832.2,-43832.2,-67546.7,7.8737e-12,2.42153e-11,-2.50111e-12,-50817.7,-50817.7,-78047.4,-2.39622e-11,-4.55884e-11,4.88853e-12,-58028.2,-58028.2,-88829.7,3.60778e-12,3.11502e-11,-1.56888e-11,-65487.7,-65487.7,-99938.5,-1.97744e-11,-2.09184e-11,-3.83125e-11
14,0,0,0,0,0,0,-5486.72,-5581.24,-8916.35,-1.55891e-11,2.67733e-11,929.865,-11092.5,-11294.3,-17986.6,-8.43592e-12,-6.28972e-11,1842.64,-16824,-17147.2,-27220.2,3.48197e-11,-3.05533e-11,2735.9,-22689.9,-23149.4,-36629.1,-1.7786e-11,4.03588e-12,3606.81,-28698.5,-29311.2,-46226.3,5.19553e-11,-1.79625e-11,4452.08,-34859.8,-35644,-56027.6,2.7133e-11,3.20881e-11,5267.8,-41186.5,-42162.9,-66054.3,2.22908e-11,2.95586e-11,6049.47,-47689.3,-48880.8,-76327.5,7.8419e-11,-2.26805e-11,6791.21,-54383.2,-55816.4,-86878.7,2.65796e-11,3.58114e-12,7486.08,-61287.6,-62993.3,-97753.5,4.04157e-11,-1.10276e-11,8125.32
15,0,0,0,0,0,0,-6524.84,-6880.55,-10523.4,-4.32685e-11,-9.74865e-12,1874.93,-13228.1,-13995.6,-21262.2,1.83529e-11,-2.33626e-11,3673.97,-20127.6,-21367,-32231.9,-5.78702e-11,-1.96678e-11,5387.27,-27246.3,-29022.1,-43452.2,-2.75229e-11,-2.64038e-11,7003.2,-34610.3,-36992.2,-54945,-5.28679e-11,1.04592e-11,8507.85,-42251.8,-45315.5,-66737.1,-1.33937e-11,1.30171e-11,9884.36,-50212.7,-54041.6,-78864.5,-1.46514e-11,1.44951e-11,11112.2,-58542.6,-63228.6,-91366.8,7.23333e-12,1.47793e-12,12164.7,-67310.1,-72956.6,-104302,3.38645e-11,7.50333e-12,13008,-76611.6,-83337.7,-117752,-4.80043e-11,1.25056e-11,13595.9
16,0,0,0,0,0,0,-6372.48,-6605.06,-10353.8,20.1502,910.901,-1826.52,-12917.4,-13423.3,-20917.5,16.0716,1798.05,-3582.62,-19652,-20474.9,-31706.1,-14.6922,2657.8,-5258.89,-26598.5,-27785,-42738.7,-75.0111,3485.83,-6844.19,-33782.2,-35382.6,-54036.8,-168.312,4276.96,-8325.17,-41234.5,-43303.4,-65626.6,-298.74,5024.87,-9685.59,-48996.2,-51593.4,-77543.4,-471.458,5721.9,-10905.6,-57116,-60307.2,-89826,-692.95,6358,-11959.4,-65661.2,-69520,-102531,-971.788,6920.43,-12813.8,-74727.2,-79337.9,-115740,-1319.85,7392.01,-13423.9
17,0,0,0,0,0,0,-5214.89,-5214.89,-8651.37,33.1224,915.97,-915.97,-10540.5,-10540.5,-17452.6,55.1585,1817.94,-1817.94,-15983,-15983,-26412.9,64.7563,2703.77,-2703.77,-21550.3,-21550.3,-35544.2,60.303,3570.96,-3570.96,-27250.3,-27250.3,-44859.3,39.8438,4416.6,-4416.6,-33092.2,-33092.2,-54373.8,0.969816,5237.22,-5237.22,-39087.6,-39087.6,-64108.7,-59.3648,6028.82,-6028.82,-45246.1,-45246.1,-74084.9,-145.073,6786.15,-6786.15,-51581.5,-51581.5,-84333.9,-261.396,7502.99,-7502.99,-58111.2,-58111.2,-94900.5,-415.705,8171.53,-8171.53
18,0,0,0,0,0,0,-5581.24,-5486.72,-8916.35,-2.43682e-11,929.865,-3.7204e-11,-11294.3,-11092.5,-17986.6,-2.13749e-11,1842.64,-3.69056e-11,-17147.2,-16824,-27220.2,-2.22191e-11,2735.9,-3.58114e-11,-23149.4,-22689.9,-36629.1,1.7266e-11,3606.81,-1.49498e-11,-29311.2,-28698.5,-46226.3,-6.03433e-11,4452.08,-5.25802e-12,-35644,-34859.8,-56027.6,-4.50475e-11,5267.8,4.75779e-11,-42162.9,-41186.5,-66054.3,1.18909e-11,6049.47,9.89075e-12,-48880.8,-47689.3,-76327.5,4.09628e-12,6791.21,-1.00044e-11,-55816.4,-54383.2,-86878.7,-3.53175e-11,7486.08,-1.76783e-11,-62993.3,-61287.6,-97753.5,-7.49054e-11,8125.32,-7.20775e-11
19,0,0,0,0,0,0,-5214.89,-5214.89,-8651.37,-33.1224,915.97,915.97,-10540.5,-10540.5,-17452.6,-55.1585,1817.94,1817.94,-15983,-15983,-26412.9,-64.7563,2703.77,2703.77,-21550.3,-21550.3,-35544.2,-60.303,3570.96,3570.96,-27250.3,-27250.3,-44859.3,-39.8438,4416.6,4416.6,-33092.2,-33092.2,-54373.8,-0.969816,5237.22,5237.22,-39087.6,-39087.6,-64108.7,59.3648,6028.82,6028.82,-45246.1,-45246.1,-74084.9,145.073,6786.15,6786.15,-51581.5,-51581.5,-84333.9,261.396,7502.99,7502.99,-58111.2,-58111.2,-94900.5,415.705,8171.53,8171.53
20,0,0,0,0,0,0,-6372.48,-6605.06,-10353.8,-20.1502,910.901,1826.52,-12917.4,-13423.3,-20917.5,-16.0716,1798.05,3582.62,-19652,-20474.9,-31706.1,14.6922,2657.8,5258.89,-26598.5,-27785,-42738.7,75.0111,3485.83,6844.19,-33782.2,-35382.6,-54036.8,168.312,4276.96,8325.17,-41234.5,-43303.4,-65626.6,298.74,5024.87,9685.59,-48996.2,-51593.4,-77543.4,471.458,5721.9,10905.6,-57116,-60307.2,-89826,692.95,6358,11959.4,-65661.2,-69520,-102531,971.788,6920.43,12813.8,-74727.2,-79337.9,-115740,1319.85,7392.01,13423.9
21,0,0,0,0,0,0,-7714.59,-7714.59,-12013.5,-127.386,1815.95,-1815.95,-15697.7,-15697.7,-24283.6,-310.171,3542.04,-3542.04,-23979.9,-23979.9,-36828.9,-553.164,5166.08,-5166.08,-32599.7,-32599.7,-49672.7,-861.878,6673.56,-6673.56,-41602.7,-41602.7,-62841.8,-1242.87,8047,-8047,-51046.1,-51046.1,-76368.7,-1703.99,9264.96,-9264.96,-61004.3,-61004.3,-90296.9,-2254.96,10300.9,-10300.9,-71570.3,-71570.3,-104676,-2907.82,11120.3,-11120.3,-82872.5,-82872.5,-119576,-3678.48,11678.2,-11678.2,-95095.3,-95095.3,-135100,-4588.94,11912.6,-11912.6
22,0,0,0,0,0,0,-6605.06,-6372.48,-10353.8,20.1502,1826.52,-910.901,-13423.3,-12917.4,-20917.5,16.0716,3582.62,-1798.05,-20474.9,-19652,-31706.1,-14.6922,5258.89,-2657.8,-27785,-26598.5,-42738.7,-75.0111,6844.19,-3485.83,-35382.6,-33782.2,-54036.8,-168.312,8325.17,-4276.96,-43303.4,-41234.5,-65626.6,-298.74,9685.59,-5024.87,-51593.4,-48996.2,-77543.4,-471.458,10905.6,-5721.9,-60307.2,-57116,-89826,-692.95,11959.4,-6358,-69520,-65661.2,-102531,-971.788,12813.8,-6920.43,-79337.9,-74727.2,-115740,-1319.85,13423.9,-7392.01
23,0,0,0,0,0,0,-6880.55,-6524.84,-10523.4,-2.30218e-11,1874.93,1.43032e-11,-13995.6,-13228.1,-21262.2,-4.94049e-12,3673.97,-4.62421e-11,-21367,-20127.6,-32231.9,-3.04414e-11,5387.27,2.359e-12,-29022.1,-27246.3,-43452.2,-2.88765e-11,7003.2,-3.10365e-11,-36992.2,-34610.3,-54945,4.55742e-11,8507.85,-5.29496e-11,-45315.5,-42251.8,-66737.1,2.28582e-11,9884.36,1.35003e-11,-54041.6,-50212.7,-78864.5,-2.09468e-11,11112.2,-1.78488e-11,-63228.6,-58542.6,-91366.8,-2.84359e-11,12164.7,-3.58114e-12,-72956.6,-67310.1,-104302,-2.68017e-11,13008,1.22213e-11,-83337.7,-76611.6,-117752,-2.38742e-11,13595.9,1.04592e-11
24,0,0,0,0,0,0,-6605.06,-6372.48,-10353.8,-20.1502,1826.52,910.901,-13423.3,-12917.4,-20917.5,-16.0716,3582.62,1798.05,-20474.9,-19652,-31706.1,14.6922,5258.89,2657.8,-27785,-26598.5,-42738.7,75.0111,6844.19,3485.83,-35382.6,-33782.2,-54036.8,168.312,8325.17,4276.96,-43303.4,-41234.5,-65626.6,298.74,9685.59,5024.87,-51593.4,-48996.2,-77543.4,471.458,10905.6,5721.9,-60307.2,-57116,-89826,692.95,11959.4,6358,-69520,-65661.2,-102531,971.788,12813.8,6920.43,-79337.9,-74727.2,-115740,1319.85,13423.9,7392.01
25,0,0,0,0,0,0,-7714.59,-7714.59,-12013.5,127.386,1815.95,1815.95,-15697.7,-15697.7,-24283.6,310.171,3542.04,3542.04,-23979.9,-23979.9,-36828.9,553.164,5166.08,5166.08,-32599.7,-32599.7,-49672.7,861.878,6673.56,6673.56,-41602.7,-41602.7,-62841.8,1242.87,8047,8047,-51046.1,-51046.1,-76368.7,1703.99,9264.96,9264.96,-61004.3,-61004.3,-90296.9,2254.96,10300.9,10300.9,-71570.3,-71570.3,-104676,2907.82,11120.3,11120.3,-82872.5,-82872.5,-119576,3678.48,11678.2,11678.2,-95095.3,-95095.3,-135100,4588.94,11912.6,11912.6
26,0,0,0,0,0,0,-1119.38,-1119.38,-9295.27,44.7957,-425.002,-425.002,-2301.28,-2301.28,-18650.3,93.4266,-812.553,-812.553,-3553.39,-3553.39,-28068.6,146.179,-1159.75,-1159.75,-4886.34,-4886.34,-37555.4,203.433,-1463.18,-1463.18,-6312.17,-6312.17,-47116.5,265.77,-1718.87,-1718.87,-7846.09,-7846.09,-56759,334.041,-1922.03,-1922.03,-9506.89,-9506.89,-66493.8,409.584,-2066.81,-2066.81,-11319.6,-11319.6,-76331.6,494.388,-2145.81,-2145.81,-13317.2,-13317.2,-86290.3,591.74,-2149.36,-2149.36,-15546.3,-15546.3,-96398.8,707.229,-2064.09,-2064.09
27,0,0,0,0,0,0,-2219.99,-1961.96,-9970.53,-35.6034,-462.865,-373.451,-4524.99,-4011.54,-20000.1,-65.2994,-888.798,-726.091,-6924.97,-6159.08,-30091.4,-88.4975,-1275.14,-1056.32,-9433.09,-8418.12,-40248.7,-104.471,-1618.75,-1362.21,-12064.5,-10804.3,-50476.3,-112.307,-1915.99,-1641.57,-14838.6,-13337.2,-60780.1,-110.826,-2162.51,-1891.76,-17779.7,-16041.7,-71169.5,-98.4467,-2352.98,-2109.54,-20919.4,-18949.8,-81652.7,-73.0243,-2480.73,-2290.84,-24300.4,-22104.1,-92245.1,-31.456,-2537.02,-2430.4,-27984,-25565.5,-102972,31.0076,-2509.75,-2520.93
28,0,0,0,0,0,0,-2170.74,-1771.63,-9720.61,9.04221e-11,-420.048,4.72511e-12,-4415.74,-3621.53,-19503.9,7.22402e-11,-806.975,5.33049e-11,-6743.41,-5558.63,-29352.7,5.43848e-11,-1158.4,-2.38316e-11,-9164.84,-7594.6,-39271.4,4.38544e-12,-1471.46,-3.12355e-11,-11692.8,-9742.81,-49264.4,1.29516e-10,-1742.89,-1.63141e-11,-14343.4,-12020,-59337.9,2.92946e-11,-1968.7,6.51852e-11,-17137.3,-14447.1,-69501.1,3.05949e-11,-2143.99,8.39862e-12,-20100.7,-17051,-79762.7,1.08113e-10,-2262.62,-1.74509e-11,-23269.3,-19867.4,-90137.9,4.05911e-11,-2316.44,-1.29035e-11,-26694.2,-22946.4,-100652,9.54201e-11,-2294.06,4.22915e-11
29,0,0,0,0,0,0,-2219.99,-1961.96,-9970.53,35.6034,-462.865,373.451,-4524.99,-4011.54,-20000.1,65.2994,-888.798,726.091,-6924.97,-6159.08,-30091.4,88.4975,-1275.14,1056.32,-9433.09,-8418.12,-40248.7,104.471,-1618.75,1362.21,-12064.5,-10804.3,-50476.3,112.307,-1915.99,1641.57,-14838.6,-13337.2,-60780.1,110.826,-2162.51,1891.76,-17779.7,-16041.7,-71169.5,98.4467,-2352.98,2109.54,-20919.4,-18949.8,-81652.7,73.0243,-2480.73,2290.84,-24300.4,-22104.1,-92245.1,31.456,-2537.02,2430.4,-27984,-25565.5,-102972,-31.0076,-2509.75,2520.93
30,0,0,0,0,0,0,-1119.38,-1119.38,-9295.27,-44.7957,-425.002,425.002,-2301.28,-2301.28,-18650.3,-93.4266,-812.553,812.553,-3553.39,-3553.39,-28068.6,-146.179,-1159.75,1159.75,-4886.34,-4886.34,-37555.4,-203.433,-1463.18,1463.18,-6312.17,-6312.17,-47116.5,-265.77,-1718.87,1718.87,-7846.09,-7846.09,-56759,-334.041,-1922.03,1922.03,-9506.89,-9506.89,-66493.8,-409.584,-2066.81,2066.81,-11319.6,-11319.6,-76331.6,-494.388,-2145.81,2145.81,-13317.2,-13317.2,-86290.3,-591.74,-2149.36,2149.36,-15546.3,-15546.3,-96398.8,-707.229,-2064.09,2064.09
31,0,0,0,0,0,0,-1961.96,-2219.99,-9970.53,-35.6034,-373.451,-462.865,-4011.54,-4524.99,-20000.1,-65.2994,-726.091,-888.798,-6159.08,-6924.97,-30091.4,-88.4975,-1056.32,-1275.14,-8418.12,-9433.09,-40248.7,-104.471,-1362.21,-1618.75,-10804.3,-12064.5,-50476.3,-112.307,-1641.57,-1915.99,-13337.2,-14838.6,-60780.1,-110.826,-1891.76,-2162.51,-16041.7,-17779.7,-71169.5,-98.4467,-2109.54,-2352.98,-18949.8,-20919.4,-81652.7,-73.0243,-2290.84,-2480.73,-22104.1,-24300.4,-92245.1,-31.456,-2430.4,-2537.02,-25565.5,-27984,-102972,31.0076,-2520.93,-2509.75
32,0,0,0,0,0,0,-3080.61,-3080.61,-10668.5,-38.7663,-378.584,-378.584,-6266.99,-6266.99,-21392.3,-72.2749,-735.385,-735.385,-9570.68,-9570.68,-32172.4,-99.9735,-1068.82,-1068.82,-13006.3,-13006.3,-43011,-121.189,-1376.99,-1376.99,-16590.9,-16590.9,-53909.9,-135.093,-1657.73,-1657.73,-20345.7,-20345.7,-64871.9,-140.639,-1908.49,-1908.49,-24297.3,-24297.3,-75902.6,-136.458,-2126.1,-2126.1,-28479.5,-28479.5,-87005.3,-120.72,-2306.68,-2306.68,-32936.9,-32936.9,-98188.8,-90.851,-2445.14,-2445.14,-37732.5,-37732.5,-109470,-43.0094,-2534.55,-2534.55
33,0,0,0,0,0,0,-3097.72,-2967.1,-10485.2,-8.17146e-11,-351.877,2.67057e-11,-6287.83,-6027.89,-21025,-9.8068e-11,-683.641,-1.23137e-11,-9579.92,-9192.12,-31620.2,-8.5016e-11,-993.866,2.32632e-11,-12986.1,-12472.1,-42272.6,-1.01492e-10,-1280.84,2.95586e-12,-16520.4,-15882,-52983.6,-1.44718e-10,-1542.6,-9.08074e-12,-20200.2,-19439.4,-63755.6,-3.39874e-11,-1776.83,6.19593e-12,-24047.5,-23166.4,-74593.6,-9.57581e-11,-1980.64,-1.28182e-11,-28089.6,-27090.6,-85500,-6.9172e-11,-2150.46,-4.718e-12,-32362.6,-31248.1,-96482.8,-9.53992e-12,-2281.59,3.49303e-11,-36917.2,-35689.4,-107557,-8.53668e-11,-2367.57,2.81375e-12
34,0,0,0,0,0,0,-3080.61,-3080.61,-10668.5,38.7663,-378.584,378.584,-6266.99,-6266.99,-21392.3,72.2749,-735.385,735.385,-9570.68,-9570.68,-32172.4,99.9735,-1068.82,1068.82,-13006.3,-13006.3,-43011,121.189,-1376.99,1376.99,-16590.9,-16590.9,-53909.9,135.093,-1657.73,1657.73,-20345.7,-20345.7,-64871.9,140.639,-1908.49,1908.49,-24297.3,-24297.3,-75902.6,136.458,-2126.1,2126.1,-28479.5,-28479.5,-87005.3,120.72,-2306.68,2306.68,-32936.9,-32936.9,-98188.8,90.851,-2445.14,2445.14,-37732.5,-37732.5,-109470,43.0094,-2534.55,2534.55
35,0,0,0,0,0,0,-1961.96,-2219.99,-9970.53,35.6034,-373.451,462.865,-4011.54,-4524.99,-20000.1,65.2994,-726.091,888.798,-6159.08,-6924.97,-30091.4,88.4975,-1056.32,1275.14,-8418.12,-9433.09,-40248.7,104.471,-1362.21,1618.75,-10804.3,-12064.5,-50476.3,112.307,-1641.57,1915.99,-13337.2,-14838.6,-60780.1,110.826,-1891.76,2162.51,-16041.7,-17779.7,-71169.5,98.4467,-2109.54,2352.98,-18949.8,-20919.4,-81652.7,73.0243,-2290.84,2480.73,-22104.1,-24300.4,-92245.1,31.456,-2430.4,2537.02,-25565.5,-27984,-102972,-31.0076,-2520.93,2509.75
36,0,0,0,0,0,0,-1771.63,-2170.74,-9720.61,-2.00809e-11,3.04468e-12,-420.048,-3621.53,-4415.74,-19503.9,5.64292e-11,8.44196e-11,-806.975,-5558.63,-6743.41,-29352.7,-2.91627e-11,5.08393e-11,-1158.4,-7594.6,-9164.84,-39271.4,-3.53217e-12,5.1017e-11,-1471.46,-9742.81,-11692.8,-49264.4,2.02621e-11,1.329e-10,-1742.89,-12020,-14343.4,-59337.9,-4.22451e-11,5.72982e-11,-1968.7,-14447.1,-17137.3,-69501.1,9.71114e-11,2.54374e-12,-2143.99,-17051,-20100.7,-79762.7,9.17377e-11,4.70379e-11,-2262.62,-19867.4,-23269.3,-90137.9,-5.21623e-11,2.66596e-11,-2316.44,-22946.4,-26694.2,-100652,7.61879e-11,2.94165e-11,-2294.06
37,0,0,0,0,0,0,-2967.1,-3097.72,-10485.2,1.96425e-11,2.41975e-11,-351.877,-6027.89,-6287.83,-21025,9.36381e-11,8.48814e-11,-683.641,-9192.12,-9579.92,-31620.2,-1.56669e-11,2.84714e-11,-993.866,-12472.1,-12986.1,-42272.6,6.07958e-13,-1.67546e-11,-1280.84,-15882,-16520.4,-52983.6,-4.39372e-11,1.61151e-11,-1542.6,-19439.4,-20200.2,-63755.6,-7.56384e-12,-8.78231e-12,-1776.83,-23166.4,-24047.5,-74593.6,1.99039e-11,-2.84217e-13,-1980.64,-27090.6,-28089.6,-85500,7.58549e-12,6.79279e-12,-2150.46,-31248.1,-32362.6,-96482.8,-2.61657e-11,3.89946e-11,-2281.59,-35689.4,-36917.2,-107557,-2.36549e-11,9.68896e-11,-2367.57
38,0,0,0,0,0,0,-2955.38,-2955.38,-10268.3,9.57837e-11,7.53957e-11,-1.32161e-12,-5990.29,-5990.29,-20591.5,-2.8629e-12,8.30838e-11,-1.42109e-12,-9112.33,-9112.33,-30970.1,3.36335e-11,3.12994e-11,3.2756e-12,-12331.1,-12331.1,-41405.3,3.0196e-11,1.51346e-11,-1.3813e-11,-15657.4,-15657.4,-51898,5.26826e-11,2.13873e-11,-2.31495e-11,-19104.6,-19104.6,-62449.7,2.91055e-11,-7.21911e-12,-2.04352e-11,-22689.4,-22689.4,-73064.4,5.15127e-11,4.38405e-11,-3.48024e-11,-26431.9,-26431.9,-83743.4,4.91769e-11,-4.86864e-11,2.54374e-11,-30358.5,-30358.5,-94492.8,1.23355e-11,-3.53566e-11,1.7792e-11,-34504.8,-34504.8,-105325,4.35127e-11,7.98082e-11,9.52127e-12
39,0,0,0,0,0,0,-2967.1,-3097.72,-10485.2,-6.08508e-12,6.87628e-11,351.877,-6027.89,-6287.83,-21025,-5.21605e-12,4.97593e-11,683.641,-9192.12,-9579.92,-31620.2,5.47746e-11,2.25384e-11,993.866,-12472.1,-12986.1,-42272.6,3.95839e-12,1.6172e-11,1280.84,-15882,-16520.4,-52983.6,6.0416e-11,4.70664e-11,1542.6,-19439.4,-20200.2,-63755.6,5.38097e-11,-3.45324e-11,1776.83,-23166.4,-24047.5,-74593.6,3.23689e-11,-2.70006e-11,1980.64,-27090.6,-28089.6,-85500,7.4216e-11,1.1255e-11,2150.46,-31248.1,-32362.6,-96482.8,6.38607e-11,-4.47926e-11,2281.59,-35689.4,-36917.2,-107557,2.01119e-11,-3.23723e-11,2367.57
40,0,0,0,0,0,0,-1771.63,-2170.74,-9720.61,-7.87583e-11,5.00755e-11,420.048,-3621.53,-4415.74,-19503.9,-5.22727e-11,3.76161e-11,806.975,-5558.63,-6743.41,-29352.7,-2.97009e-11,3.09797e-12,1158.4,-7594.6,-9164.84,-39271.4,-7.28872e-11,-8.86473e-11,1471.46,-9742.81,-11692.8,-49264.4,-8.34155e-11,6.63505e-11,1742.89,-12020,-14343.4,-59337.9,-3.1426e-11,-1.79057e-11,1968.7,-14447.1,-17137.3,-69501.1,-1.04838e-10,-4.33431e-12,2143.99,-17051,-20100.7,-79762.7,-4.04095e-11,4.64411e-11,2262.62,-19867.4,-23269.3,-90137.9,8.98996e-11,-4.59579e-11,2316.44,-22946.4,-26694.2,-100652,-1.38851e-10,-7.87281e-11,2294.06
41,0,0,0,0,0,0,-1961.96,-2219.99,-9970.53,35.6034,373.451,-462.865,-4011.54,-4524.99,-20000.1,65.2994,726.091,-888.798,-6159.08,-6924.97,-30091.4,88.4975,1056.32,-1275.14,-8418.12,-9433.09,-40248.7,104.471,1362.21,-1618.75,-10804.3,-12064.5,-50476.3,112.307,1641.57,-1915.99,-13337.2,-14838.6,-60780.1,110.826,1891.76,-2162.51,-16041.7,-17779.7,-71169.5,98.4467,2109.54,-2352.98,-18949.8,-20919.4,-81652.7,73.0243,2290.84,-2480.73,-22104.1,-24300.4,-92245.1,31.456,2430.4,-2537.02,-25565.5,-27984,-102972,-31.0076,2520.93,-2509.75
42,0,0,0,0,0,0,-3080.61,-3080.61,-10668.5,38.7663,378.584,-378.584,-6266.99,-6266.99,-21392.3,72.2749,735.385,-735.385,-9570.68,-9570.68,-32172.4,99.9735,1068.82,-1068.82,-13006.3,-13006.3,-43011,121.189,1376.99,-1376.99,-16590.9,-16590.9,-53909.9,135.093,1657.73,-1657.73,-20345.7,-20345.7,-64871.9,140.639,1908.49,-1908.49,-24297.3,-24297.3,-75902.6,136.458,2126.1,-2126.1,-28479.5,-28479.5,-87005.3,120.72,2306.68,-2306.68,-32936.9,-32936.9,-98188.8,90.851,2445.14,-2445.14,-37732.5,-37732.5,-109470,43.0094,2534.55,-2534.55
43,0,0,0,0,0,0,-3097.72,-2967.1,-10485.2,-2.8481e-11,351.877,-5.74119e-12,-6287.83,-6027.89,-21025,-2.94745e-11,683.641,2.5608e-11,-9579.92,-9192.12,-31620.2,1.10729e-11,993.866,1.67688e-12,-12986.1,-12472.1,-42272.6,-3.3213e-11,1280.84,2.72848e-12,-16520.4,-15882,-52983.6,-3.4286e-11,1542.6,2.48548e-11,-20200.2,-19439.4,-63755.6,-6.26244e-11,1776.83,1.64562e-11,-24047.5,-23166.4,-74593.6,1.36908e-11,1980.64,1.0516e-12,-28089.6,-27090.6,-85500,2.51825e-11,2150.46,3.41061e-13,-32362.6,-31248.1,-96482.8,-3.77653e-12,2281.59,4.91696e-12,-36917.2,-35689.4,-107557,-4.6434e-11,2367.57,-3.0127e-12
44,0,0,0,0,0,0,-3080.61,-3080.61,-10668.5,-38.7663,378.584,378.584,-6266.99,-6266.99,-21392.3,-72.2749,735.385,735.385,-9570.68,-9570.68,-32172.4,-99.9735,1068.82,1068.82,-13006.3,-13006.3,-43011,-121.189,1376.99,1376.99,-16590.9,-16590.9,-53909.9,-135.093,1657.73,1657.73,-20345.7,-20345.7,-64871.9,-140.639,1908.49,1908.49,-24297.3,-24297.3,-75902.6,-136.458,2126.1,2126.1,-28479.5,-28479.5,-87005.3,-120.72,2306.68,2306.68,-32936.9,-32936.9,-98188.8,-90.851,2445.14,2445.14,-37732.5,-37732.5,-109470,-43.0094,2534.55,2534.55
45,0,0,0,0,0,0,-1961.96,-2219.99,-9970.53,-35.6034,373.451,462.865,-4011.54,-4524.99,-20000.1,-65.2994,726.091,888.798,-6159.08,-6924.97,-30091.4,-88.4975,1056.32,1275.14,-8418.12,-9433.09,-40248.7,-104.471,1362.21,1618.75,-10804.3,-12064.5,-50476.3,-112.307,1641.57,1915.99,-13337.2,-14838.6,-60780.1,-110.826,1891.76,2162.51,-16041.7,-17779.7,-71169.5,-98.4467,2109.54,2352.98,-18949.8,-20919.4,-81652.7,-73.0243,2290.84,2480.73,-22104.1,-24300.4,-92245.1,-31.456,2430.4,2537.02,-25565.5,-27984,-102972,31.0076,2520.93,2509.75
46,0,0,0,0,0,0,-1119.38,-1119.38,-9295.27,-44.7957,425.002,-425.002,-2301.28,-2301.28,-18650.3,-93.4266,812.553,-812.553,-3553.39,-3553.39,-28068.6,-146.179,1159.75,-1159.75,-4886.34,-4886.34,-37555.4,-203.433,1463.18,-1463.18,-6312.17,-6312.17,-47116.5,-265.77,1718.87,-1718.87,-7846.09,-7846.09,-56759,-334.041,1922.03,-1922.03,-9506.89,-9506.89,-66493.8,-409.584,2066.81,-2066.81,-11319.6,-11319.6,-76331.6,-494.388,2145.81,-2145.81,-13317.2,-13317.2,-86290.3,-591.74,2149.36,-2149.36,-15546.3,-15546.3,-96398.8,-707.229,2064.09,-2064.09
47,0,0,0,0,0,0,-2219.99,-1961.96,-9970.53,35.6034,462.865,-373.451,-4524.99,-4011.54,-20000.1,65.2994,888.798,-726.091,-6924.97,-6159.08,-30091.4,88.4975,1275.14,-1056.32,-9433.09,-8418.12,-40248.7,104.471,1618.75,-1362.21,-12064.5,-10804.3,-50476.3,112.307,1915.99,-1641.57,-14838.6,-13337.2,-60780.1,110.826,2162.51,-1891.76,-17779.7,-16041.7,-71169.5,98.4467,2352.98,-2109.54,-20919.4,-18949.8,-81652.7,73.0243,2480.73,-2290.84,-24300.4,-22104.1,-92245.1,31.456,2537.02,-2430.4,-27984,-25565.5,-102972,-31.0076,2509.75,-2520.93
48,0,0,0,0,0,0,-2170.74,-1771.63,-9720.61,-3.69703e-11,420.048,3.81917e-12,-4415.74,-3621.53,-19503.9,-9.97868e-12,806.975,1.09068e-11,-6743.41,-5558.63,-29352.7,-6.69774e-11,1158.4,-5.71276e-12,-9164.84,-7594.6,-39271.4,-1.24982e-10,1471.46,-2.28368e-11,-11692.8,-9742.81,-49264.4,1.74256e-11,1742.89,1.07576e-11,-14343.4,-12020,-59337.9,-8.52423e-11,1968.7,-1.3415e-11,-17137.3,-14447.1,-69501.1,-4.78995e-12,2143.99,1.23777e-11,-20100.7,-17051,-79762.7,-2.96247e-11,2262.62,-1.55183e-11,-23269.3,-19867.4,-90137.9,-1.08324e-10,2316.44,-6.0993e-11,-26694.2,-22946.4,-100652,-2.01131e-10,2294.06,-2.04068e-11
49,0,0,0,0,0,0,-2219.99,-1961.96,-9970.53,-35.6034,462.865,373.451,-4524.99,-4011.54,-20000.1,-65.2994,888.798,726.091,-6924.97,-6159.08,-30091.4,-88.4975,1275.14,1056.32,-9433.09,-8418.12,-40248.7,-104.471,1618.75,1362.21,-12064.5,-10804.3,-50476.3,-112.307,1915.99,1641.57,-14838.6,-13337.2,-60780.1,-110.826,2162.51,1891.76,-17779.7,-16041.7,-71169.5,-98.4467,2352.98,2109.54,-20919.4,-18949.8,-81652.7,-73.0243,2480.73,2290.84,-24300.4,-22104.1,-92245.1,-31.456,2537.02,2430.4,-27984,-25565.5,-102972,31.0076,2509.75,2520.93
50,0,0,0,0,0,0,-1119.38,-1119.38,-9295.27,44.7957,425.002,425.002,-2301.28,-2301.28,-18650.3,93.4266,812.553,812.553,-3553.39,-3553.39,-28068.6,146.179,1159.75,1159.75,-4886.34,-4886.34,-37555.4,203.433,1463.18,1463.18,-6312.17,-6312.17,-47116.5,265.77,1718.87,1718.87,-7846.09,-7846.09,-56759,334.041,1922.03,1922.03,-9506.89,-9506.89,-66493.8,409.584,2066.81,2066.81,-11319.6,-11319.6,-76331.6,494.388,2145.81,2145.81,-13317.2,-13317.2,-86290.3,591.74,2149.36,2149.36,-15546.3,-15546.3,-96398.8,707.229,2064.09,2064.09
51,0,0,0,0,0,0,-300.865,-300.865,-9462.48,-133.192,53.265,53.265,-623.99,-623.99,-18954.6,-277.669,127.127,127.127,-972.085,-972.085,-28477.2,-434.904,222.934,222.934,-1349.96,-1349.96,-38033,-606.543,342.309,342.309,-1762.86,-1762.86,-47624.4,-794.667,487.188,487.188,-2217.8,-2217.8,-57254.7,-1001.8,659.938,659.938,-2723.01,-2723.01,-66929.7,-1230.97,863.707,863.707,-3291.53,-3291.53,-76653.5,-1486.29,1102.16,1102.16,-3940,-3940,-86435.2,-1772.89,1380.56,1380.56,-4694.01,-4694.01,-96291.5,-2097.55,1706.61,1706.61
52,0,0,0,0,0,0,-625.973,-580.442,-9839.4,-22.1794,36.1204,-28.3009,-1274.58,-1187.33,-19699.6,-45.0054,93.0034,-45.6473,-1948.92,-1824.21,-29581,-68.615,171.997,-51.3647,-2653.76,-2496.35,-39484.4,-93.134,274.721,-44.6067,-3394.79,-3210.07,-49411.3,-118.736,403.104,-24.3893,-4179.59,-3973.69,-59363.1,-145.61,559.494,10.4981,-5017.79,-4797.66,-69343.6,-173.911,747.033,61.6959,-5923.51,-5697.29,-79354.4,-203.895,969.302,131.044,-6916.24,-6693.45,-89401.2,-235.703,1231.48,221.259,-8026.78,-7818.6,-99496.1,-269.266,1541.09,336.362
53,0,0,0,0,0,0,-836.617,-771.961,-9979.47,1.2544e-11,25.5297,-2.79474e-11,-1701.18,-1578.67,-19980.7,-6.77014e-12,70.8305,-4.99867e-12,-2597.54,-2424.75,-30004,5.97713e-11,137.206,8.84981e-12,-3531.17,-3316.59,-40050.2,1.39806e-10,226.218,8.66862e-13,-4508.79,-4261.99,-50120.5,1.07053e-10,339.722,-1.18028e-10,-5539.25,-5271.12,-60216.2,1.00397e-10,479.972,-4.35563e-12,-6634.07,-6356.96,-70341,3.55991e-11,649.982,4.92122e-11,-7809.36,-7537.81,-80496,6.39186e-11,853.146,-4.52758e-11,-9087.85,-8838.92,-90686.8,4.29168e-11,1094.38,-1.43956e-11,-10505.3,-10299.2,-100925,1.47066e-10,1380.78,-5.81366e-11
54,0,0,0,0,0,0,-625.973,-580.442,-9839.4,22.1794,36.1204,28.3009,-1274.58,-1187.33,-19699.6,45.0054,93.0034,45.6473,-1948.92,-1824.21,-29581,68.615,171.997,51.3647,-2653.76,-2496.35,-39484.4,93.134,274.721,44.6067,-3394.79,-3210.07,-49411.3,118.736,403.104,24.3893,-4179.59,-3973.69,-59363.1,145.61,559.494,-10.4981,-5017.79,-4797.66,-69343.6,173.911,747.033,-61.6959,-5923.51,-5697.29,-79354.4,203.895,969.302,-131.044,-6916.24,-6693.45,-89401.2,235.703,1231.48,-221.259,-8026.78,-7818.6,-99496.1,269.266,1541.09,-336.362
55,0,0,0,0,0,0,-300.865,-300.865,-9462.48,133.192,53.265,-53.265,-623.99,-623.99,-18954.6,277.669,127.127,-127.127,-972.085,-972.085,-28477.2,434.904,222.934,-222.934,-1349.96,-1349.96,-38033,606.543,342.309,-342.309,-1762.86,-1762.86,-47624.4,794.667,487.188,-487.188,-2217.8,-2217.8,-57254.7,1001.8,659.938,-659.938,-2723.01,-2723.01,-66929.7,1230.97,863.707,-863.707,-3291.53,-3291.53,-76653.5,1486.29,1102.16,-1102.16,-3940,-3940,-86435.2,1772.89,1380.56,-1380.56,-4694.01,-4694.01,-96291.5,2097.55,1706.61,-1706.61
56,0,0,0,0,0,0,-580.442,-625.973,-9839.4,-22.1794,-28.3009,36.1204,-1187.33,-1274.58,-19699.6,-45.0054,-45.6473,93.0034,-1824.21,-1948.92,-29581,-68.615,-51.3647,171.997,-2496.35,-2653.76,-39484.4,-93.134,-44.6067,274.721,-3210.07,-3394.79,-49411.3,-118.736,-24.3893,403.104,-3973.69,-4179.59,-59363.1,-145.61,10.4981,559.494,-4797.66,-5017.79,-69343.6,-173.911,61.6959,747.033,-5697.29,-5923.51,-79354.4,-203.895,131.044,969.302,-6693.45,-6916.24,-89401.2,-235.703,221.259,1231.48,-7818.6,-8026.78,-99496.1,-269.266,336.362,1541.09
57,0,0,0,0,0,0,-1045.78,-1045.78,-10337.3,-9.78423,-31.3737,-31.3737,-2129.32,-2129.32,-20688.9,-18.6963,-51.6467,-51.6467,-3256.15,-3256.15,-31054.7,-26.6705,-60.1777,-60.1777,-4433.17,-4433.17,-41433.9,-33.6079,-56.1738,-56.1738,-5669.39,-5669.39,-51826.5,-39.3972,-38.7169,-38.7169,-6976.41,-6976.41,-62232.4,-43.8844,-6.68747,-6.68747,-8369.09,-8369.09,-72652.9,-46.8214,41.4311,41.4311,-9868.65,-9868.65,-83086.7,-47.9084,107.296,107.296,-11504.3,-11504.3,-93535.5,-46.6177,193.361,193.361,-13320.5,-13320.5,-104005,-42.0227,303.218,303.218
58,0,0,0,0,0,0,-1230.92,-1181.66,-10444.4,-3.14532e-12,-26.9136,-4.65405e-12,-2501.04,-2403.82,-20901.5,8.2313e-12,-43.3148,-4.52207e-11,-3816.24,-3672.47,-31371,-3.13406e-11,-48.5815,-4.82778e-11,-5183.62,-4994.85,-41852.1,-6.52729e-11,-41.9534,4.60858e-11,-6612.6,-6380.51,-52344.4,-5.81686e-11,-22.5424,-1.89004e-11,-8115.31,-7841.77,-62847.6,-2.42415e-11,10.7316,2.93099e-11,-9707.42,-9394.47,-73362.7,-4.17812e-11,59.3291,7.31291e-11,-11411,-11061,-83888,-2.82685e-11,124.846,3.86962e-11,-13256.6,-12872.1,-94424.8,1.72018e-11,209.637,2.12168e-11,-15291.1,-14875.1,-104978,-1.76232e-11,317.126,-8.15419e-11
59,0,0,0,0,0,0,-1045.78,-1045.78,-10337.3,9.78423,-31.3737,31.3737,-2129.32,-2129.32,-20688.9,18.6963,-51.6467,51.6467,-3256.15,-3256.15,-31054.7,26.6705,-60.1777,60.1777,-4433.17,-4433.17,-41433.9,33.6079,-56.1738,56.1738,-5669.39,-5669.39,-51826.5,39.3972,-38.7169,38.7169,-6976.41,-6976.41,-62232.4,43.8844,-6.68747,6.68747,-8369.09,-8369.09,-72652.9,46.8214,41.4311,-41.4311,-9868.65,-9868.65,-83086.7,47.9084,107.296,-107.296,-11504.3,-11504.3,-93535.5,46.6177,193.361,-193.361,-13320.5,-13320.5,-104005,42.0227,303.218,-303.218
60,0,0,0,0,0,0,-580.442,-625.973,-9839.4,22.1794,-28.3009,-36.1204,-1187.33,-1274.58,-19699.6,45.0054,-45.6473,-93.0034,-1824.21,-1948.92,-29581,68.615,-51.3647,-171.997,-2496.35,-2653.76,-39484.4,93.134,-44.6067,-274.721,-3210.07,-3394.79,-49411.3,118.736,-24.3893,-403.104,-3973.69,-4179.59,-59363.1,145.61,10.4981,-559.494,-4797.66,-5017.79,-69343.6,173.911,61.6959,-747.033,-5697.29,-5923.51,-79354.4,203.895,131.044,-969.302,-6693.45,-6916.24,-89401.2,235.703,221.259,-1231.48,-7818.6,-8026.78,-99496.1,269.266,336.362,-1541.09
61,0,0,0,0,0,0,-771.961,-836.617,-9979.47,2.04843e-11,-6.04734e-11,25.5297,-1578.67,-1701.18,-19980.7,-2.1549e-11,4.33165e-11,70.8305,-2424.75,-2597.54,-30004,-2.2264e-11,7.28555e-11,137.206,-3316.59,-3531.17,-40050.2,-6.66871e-11,5.57385e-11,226.218,-4261.99,-4508.79,-50120.5,-3.19536e-11,4.23483e-11,339.722,-5271.12,-5539.25,-60216.2,3.28049e-11,2.3654e-11,479.972,-6356.96,-6634.07,-70341,1.4172e-10,1.22569e-11,649.982,-7537.81,-7809.36,-80496,1.53397e-11,4.14957e-11,853.146,-8838.92,-9087.85,-90686.8,-6.84963e-11,3.21307e-11,1094.38,-10299.2,-10505.3,-100925,6.21725e-12,4.73221e-11,1380.78
62,0,0,0,0,0,0,-1181.66,-1230.92,-10444.4,3.35997e-11,-8.99787e-11,-26.9136,-2403.82,-2501.04,-20901.5,5.29087e-11,-4.48956e-11,-43.3148,-3672.47,-3816.24,-31371,3.96175e-11,1.89537e-11,-48.5815,-4994.85,-5183.62,-41852.1,1.68416e-11,9.76996e-12,-41.9534,-6380.51,-6612.6,-52344.4,-4.14366e-11,-5.03562e-11,-22.5424,-7841.77,-8115.31,-62847.6,-3.68017e-11,-5.10738e-11,10.7316,-9394.47,-9707.42,-73362.7,3.37788e-11,1.42109e-14,59.3291,-11061,-11411,-83888,-6.12355e-12,3.64864e-11,124.846,-12872.1,-13256.6,-94424.8,-1.87517e-11,-5.98988e-11,209.637,-14875.1,-15291.1,-104978,1.87228e-11,8.08171e-11,317.126
63,0,0,0,0,0,0,-1431.94,-1431.94,-10627.5,5.31653e-11,-6.8745e-12,-5.3503e-11,-2909.73,-2909.73,-21265.5,5.24385e-11,-7.65681e-11,-2.90559e-11,-4440.2,-4440.2,-31913.6,3.16774e-11,2.17284e-11,-1.40261e-11,-6031.4,-6031.4,-42570.6,1.05265e-11,-1.22604e-11,-9.03455e-12,-7694.09,-7694.09,-53235.6,4.32662e-11,-6.2542e-11,1.21858e-10,-9442.05,-9442.05,-63908,4.05838e-12,-8.56204e-12,3.27489e-11,-11293.2,-11293.2,-74588.2,-1.11702e-12,-3.2685e-11,1.93765e-11,-13272.3,-13272.3,-85273.9,4.26253e-11,-5.56071e-11,3.84901e-11,-15414.1,-15414.1,-95965.4,2.63498e-11,9.64917e-12,1.26818e-10,-17770.9,-17770.9,-106667,4.40815e-11,1.65556e-11,-7.03722e-11
64,0,0,0,0,0,0,-1181.66,-1230.92,-10444.4,-1.56238e-11,-3.96483e-12,26.9136,-2403.82,-2501.04,-20901.5,-1.54583e-11,1.16458e-11,43.3148,-3672.47,-3816.24,-31371,4.59991e-11,6.3153e-11,48.5815,-4994.85,-5183.62,-41852.1,1.17726e-11,-3.89484e-11,41.9534,-6380.51,-6612.6,-52344.4,-4.8832e-12,1.83178e-11,22.5424,-7841.77,-8115.31,-62847.6,3.33129e-11,-7.81597e-14,-10.7316,-9394.47,-9707.42,-73362.7,3.2343e-12,-6.43539e-11,-59.3291,-11061,-11411,-83888,4.67937e-11,2.71427e-12,-124.846,-12872.1,-13256.6,-94424.8,5.52931e-11,7.5687e-11,-209.637,-14875.1,-15291.1,-104978,4.39515e-12,-9.99165e-11,-317.126
65,0,0,0,0,0,0,-771.961,-836.617,-9979.47,-4.6589e-11,1.87708e-11,-25.5297,-1578.67,-1701.18,-19980.7,-2.89995e-11,-1.09761e-11,-70.8305,-2424.75,-2597.54,-30004,7.42091e-11,5.55431e-11,-137.206,-3316.59,-3531.17,-40050.2,3.22329e-11,-9.64562e-12,-226.218,-4261.99,-4508.79,-50120.5,-5.53548e-11,-4.59792e-11,-339.722,-5271.12,-5539.25,-60216.2,-2.923e-12,2.29932e-11,-479.972,-6356.96,-6634.07,-70341,-1.05882e-10,-3.08731e-11,-649.982,-7537.81,-7809.36,-80496,-3.00746e-11,3.25358e-11,-853.146,-8838.92,-9087.85,-90686.8,-2.98535e-11,6.18456e-11,-1094.38,-10299.2,-10505.3,-100925,-4.45919e-11,2.04921e-11,-1380.78
66,0,0,0,0,0,0,-580.442,-625.973,-9839.4,22.1794,28.3009,36.1204,-1187.33,-1274.58,-19699.6,45.0054,45.6473,93.0034,-1824.21,-1948.92,-29581,68.615,51.3647,171.997,-2496.35,-2653.76,-39484.4,93.134,44.6067,274.721,-3210.07,-3394.79,-49411.3,118.736,24.3893,403.104,-3973.69,-4179.59,-59363.1,145.61,-10.4981,559.494,-4797.66,-5017.79,-69343.6,173.911,-61.6959,747.033,-5697.29,-5923.51,-79354.4,203.895,-131.044,969.302,-6693.45,-6916.24,-89401.2,235.703,-221.259,1231.48,-7818.6,-8026.78,-99496.1,269.266,-336.362,1541.09
67,0,0,0,0,0,0,-1045.78,-1045.78,-10337.3,9.78423,31.3737,-31.3737,-2129.32,-2129.32,-20688.9,18.6963,51.6467,-51.6467,-3256.15,-3256.15,-31054.7,26.6705,60.1777,-60.1777,-4433.17,-4433.17,-41433.9,33.6079,56.1738,-56.1738,-5669.39,-5669.39,-51826.5,39.3972,38.7169,-38.7169,-6976.41,-6976.41,-62232.4,43.8844,6.68747,-6.68747,-8369.09,-8369.09,-72652.9,46.8214,-41.4311,41.4311,-9868.65,-9868.65,-83086.7,47.9084,-107.296,107.296,-11504.3,-11504.3,-93535.5,46.6177,-193.361,193.361,-13320.5,-13320.5,-104005,42.0227,-303.218,303.218
68,0,0,0,0,0,0,-1230.92,-1181.66,-10444.4,2.36692e-11,26.9136,-5.16733e-11,-2501.04,-2403.82,-20901.5,4.87882e-11,43.3148,-4.74376e-11,-3816.24,-3672.47,-31371,8.25545e-11,48.5815,3.89626e-11,-5183.62,-4994.85,-41852.1,-3.17733e-11,41.9534,-5.20401e-11,-6612.6,-6380.51,-52344.4,-2.76774e-11,22.5424,1.01842e-10,-8115.31,-7841.77,-62847.6,7.99116e-12,-10.7316,1.62288e-11,-9707.42,-9394.47,-73362.7,2.13682e-11,-59.3291,-4.04299e-12,-11411,-11061,-83888,-8.13571e-13,-124.846,-6.72742e-11,-13256.6,-12872.1,-94424.8,-1.31868e-11,-209.637,1.17268e-10,-15291.1,-14875.1,-104978,1.87566e-11,-317.126,-8.24372e-11
69,0,0,0,0,0,0,-1045.78,-1045.78,-10337.3,-9.78423,31.3737,31.3737,-2129.32,-2129.32,-20688.9,-18.6963,51.6467,51.6467,-3256.15,-3256.15,-31054.7,-26.6705,60.1777,60.1777,-4433.17,-4433.17,-41433.9,-33.6079,56.1738,56.1738,-5669.39,-5669.39,-51826.5,-39.3972,38.7169,38.7169,-6976.41,-6976.41,-62232.4,-43.8844,6.68747,6.68747,-8369.09,-8369.09,-72652.9,-46.8214,-41.4311,-41.4311,-9868.65,-9868.65,-83086.7,-47.9084,-107.296,-107.296,-11504.3,-11504.3,-93535.5,-46.6177,-193.361,-193.361,-13320.5,-13320.5,-104005,-42.0227,-303.218,-303.218
70,0,0,0,0,0,0,-580.442,-625.973,-9839.4,-22.1794,28.3009,-36.1204,-1187.33,-1274.58,-19699.6,-45.0054,45.6473,-93.0034,-1824.21,-1948.92,-29581,-68.615,51.3647,-171.997,-2496.35,-2653.76,-39484.4,-93.134,44.6067,-274.721,-3210.07,-3394.79,-49411.3,-118.736,24.3893,-403.104,-3973.69,-4179.59,-59363.1,-145.61,-10.4981,-559.494,-4797.66,-5017.79,-69343.6,-173.911,-61.6959,-747.033,-5697.29,-5923.51,-79354.4,-203.895,-131.044,-969.302,-6693.45,-6916.24,-89401.2,-235.703,-221.259,-1231.48,-7818.6,-8026.78,-99496.1,-269.266,-336.362,-1541.09
71,0,0,0,0,0,0,-300.865,-300.865,-9462.48,133.192,-53.265,53.265,-623.99,-623.99,-18954.6,277.669,-127.127,127.127,-972.085,-972.085,-28477.2,434.904,-222.934,222.934,-1349.96,-1349.96,-38033,606.543,-342.309,342.309,-1762.86,-1762.86,-47624.4,794.667,-487.188,487.188,-2217.8,-2217.8,-57254.7,1001.8,-659.938,659.938,-2723.01,-2723.01,-66929.7,1230.97,-863.707,863.707,-3291.53,-3291.53,-76653.5,1486.29,-1102.16,1102.16,-3940,-3940,-86435.2,1772.89,-1380.56,1380.56,-4694.01,-4694.01,-96291.5,2097.55,-1706.61,1706.61
72,0,0,0,0,0,0,-625.973,-580.442,-9839.4,22.1794,-36.1204,-28.3009,-1274.58,-1187.33,-19699.6,45.0054,-93.0034,-45.6473,-1948.92,-1824.21,-29581,68.615,-171.997,-51.3647,-2653.76,-2496.35,-39484.4,93.134,-274.721,-44.6067,-3394.79,-3210.07,-49411.3,118.736,-403.104,-24.3893,-4179.59,-3973.69,-59363.1,145.61,-559.494,10.4981,-5017.79,-4797.66,-69343.6,173.911,-747.033,61.6959,-5923.51,-5697.29,-79354.4,203.895,-969.302,131.044,-6916.24,-6693.45,-89401.2,235.703,-1231.48,221.259,-8026.78,-7818.6,-99496.1,269.266,-1541.09,336.362
73,0,0,0,0,0,0,-836.617,-771.961,-9979.47,-2.14301e-11,-25.5297,-1.62981e-12,-1701.18,-1578.67,-19980.7,4.38276e-11,-70.8305,-2.50981e-11,-2597.54,-2424.75,-30004,-1.01982e-10,-137.206,4.36025e-11,-3531.17,-3316.59,-40050.2,-1.48513e-10,-226.218,8.08598e-12,-4508.79,-4261.99,-50120.5,-5.49587e-11,-339.722,6.31672e-12,-5539.25,-5271.12,-60216.2,-1.3691e-10,-479.972,9.46443e-12,-6634.07,-6356.96,-70341,-6.96723e-11,-649.982,2.56719e-11,-7809.36,-7537.81,-80496,-8.35136e-11,-853.146,-5.5401e-11,-9087.85,-8838.92,-90686.8,-1.43563e-10,-1094.38,-6.30394e-11,-10505.3,-10299.2,-100925,-1.61407e-10,-1380.78,1.54046e-11
74,0,0,0,0,0,0,-625.973,-580.442,-9839.4,-22.1794,-36.1204,28.3009,-1274.58,-1187.33,-19699.6,-45.0054,-93.0034,45.6473,-1948.92,-1824.21,-29581,-68.615,-171.997,51.3647,-2653.76,-2496.35,-39484.4,-93.134,-274.721,44.6067,-3394.79,-3210.07,-49411.3,-118.736,-403.104,24.3893,-4179.59,-3973.69,-59363.1,-145.61,-559.494,-10.4981,-5017.79,-4797.66,-69343.6,-173.911,-747.033,-61.6959,-5923.51,-5697.29,-79354.4,-203.895,-969.302,-131.044,-6916.24,-6693.45,-89401.2,-235.703,-1231.48,-221.259,-8026.78,-7818.6,-99496.1,-269.266,-1541.09,-336.362
75,0,0,0,0,0,0,-300.865,-300.865,-9462.48,-133.192,-53.265,-53.265,-623.99,-623.99,-18954.6,-277.669,-127.127,-127.127,-972.085,-972.085,-28477.2,-434.904,-222.934,-222.934,-1349.96,-1349.96,-38033,-606.543,-342.309,-342.309,-1762.86,-1762.86,-47624.4,-794.667,-487.188,-487.188,-2217.8,-2217.8,-57254.7,-1001.8,-659.938,-659.938,-2723.01,-2723.01,-66929.7,-1230.97,-863.707,-863.707,-3291.53,-3291.53,-76653.5,-1486.29,-1102.16,-1102.16,-3940,-3940,-86435.2,-1772.89,-1380.56,-1380.56,-4694.01,-4694.01,-96291.5,-2097.55,-1706.61,-1706.61
76,0,0,0,0,0,0,-132.093,-132.093,-9752.26,-112.081,134.893,134.893,-276.299,-276.299,-19519.5,-232.907,280.838,280.838,-433.558,-433.558,-29301.2,-363.724,438.498,438.498,-607.124,-607.124,-39099.2,-505.959,608.743,608.743,-800.142,-800.142,-48914.6,-661.489,792.629,792.629,-1017.07,-1017.07,-58748.8,-832.687,991.483,991.483,-1263.06,-1263.06,-68605.7,-1022.35,1207.36,1207.36,-1547.09,-1547.09,-78485.9,-1234.94,1442.2,1442.2,-1880.87,-1880.87,-88394.5,-1476.07,1699.39,1699.39,-2284.39,-2284.39,-98342.5,-1753.59,1984.37,1984.37
77,0,0,0,0,0,0,-137.465,-144.791,-9896.19,-30.907,147.462,88.952,-279.024,-296.391,-19800.1,-64.4836,306.431,184.119,-424.86,-455.377,-29710.9,-101.133,477.695,285.86,-576.611,-623.802,-39629.2,-141.343,662.211,394.645,-736.007,-803.969,-49554.9,-185.738,861.194,511.044,-905.561,-999.109,-59488.4,-235.12,1076.16,635.766,-1089.12,-1213.87,-69432.1,-290.448,1309.42,769.907,-1291.25,-1454.22,-79384.2,-353.208,1563.22,914.473,-1520.15,-1730.05,-89346.7,-425.307,1841.4,1071.22,-1792.27,-2060,-99327.3,-509.468,2150.02,1242.99
78,0,0,0,0,0,0,-190.413,-210.476,-9967.65,-9.61385e-11,143.188,2.22156e-11,-385.832,-430.802,-19943.1,3.90965e-12,297.923,-8.25029e-11,-586.623,-662.052,-29925.6,-8.57603e-12,465.052,-2.73062e-11,-794.473,-906.661,-39915.4,7.96789e-11,645.568,-4.05898e-12,-1011.29,-1167.57,-49912.2,4.08495e-11,840.748,-1.16138e-10,-1239.79,-1448.8,-59916.2,1.13494e-10,1052.17,-3.48503e-11,-1484.23,-1756.08,-69929.6,8.2399e-11,1282.21,-1.94014e-11,-1749.39,-2096.74,-79950,6.73515e-11,1533.21,1.16884e-12,-2044.09,-2482.67,-89978.9,-9.51239e-13,1809.1,-3.25464e-11,-2385.76,-2935.42,-100023,2.01314e-10,2115.98,-7.16867e-11
79,0,0,0,0,0,0,-137.465,-144.791,-9896.19,30.907,147.462,-88.952,-279.024,-296.391,-19800.1,64.4836,306.431,-184.119,-424.86,-455.377,-29710.9,101.133,477.695,-285.86,-576.611,-623.802,-39629.2,141.343,662.211,-394.645,-736.007,-803.969,-49554.9,185.738,861.194,-511.044,-905.561,-999.109,-59488.4,235.12,1076.16,-635.766,-1089.12,-1213.87,-69432.1,290.448,1309.42,-769.907,-1291.25,-1454.22,-79384.2,353.208,1563.22,-914.473,-1520.15,-1730.05,-89346.7,425.307,1841.4,-1071.22,-1792.27,-2060,-99327.3,509.468,2150.02,-1242.99
80,0,0,0,0,0,0,-132.093,-132.093,-9752.26,112.081,134.893,-134.893,-276.299,-276.299,-19519.5,232.907,280.838,-280.838,-433.558,-433.558,-29301.2,363.724,438.498,-438.498,-607.124,-607.124,-39099.2,505.959,608.743,-608.743,-800.142,-800.142,-48914.6,661.489,792.629,-792.629,-1017.07,-1017.07,-58748.8,832.687,991.483,-991.483,-1263.06,-1263.06,-68605.7,1022.35,1207.36,-1207.36,-1547.09,-1547.09,-78485.9,1234.94,1442.2,-1442.2,-1880.87,-1880.87,-88394.5,1476.07,1699.39,-1699.39,-2284.39,-2284.39,-98342.5,1753.59,1984.37,-1984.37
81,0,0,0,0,0,0,-144.791,-137.465,-9896.19,-30.907,88.952,147.462,-296.391,-279.024,-19800.1,-64.4836,184.119,306.431,-455.377,-424.86,-29710.9,-101.133,285.86,477.695,-623.802,-576.611,-39629.2,-141.343,394.645,662.211,-803.969,-736.007,-49554.9,-185.738,511.044,861.194,-999.109,-905.561,-59488.4,-235.12,635.766,1076.16,-1213.87,-1089.12,-69432.1,-290.448,769.907,1309.42,-1454.22,-1291.25,-79384.2,-353.208,914.473,1563.22,-1730.05,-1520.15,-89346.7,-425.307,1071.22,1841.4,-2060,-1792.27,-99327.3,-509.468,1242.99,2150.02
82,0,0,0,0,0,0,-316.424,-316.424,-10188.6,-16.8606,93.2379,93.2379,-643.897,-643.897,-20379.6,-35.1692,192.7,192.7,-984.218,-984.218,-30572.1,-55.1583,298.765,298.765,-1339.93,-1339.93,-40765.2,-77.1129,411.892,411.892,-1714.86,-1714.86,-50958.5,-101.399,532.66,532.66,-2114.04,-2114.04,-61151.3,-128.486,661.782,661.782,-2544.97,-2544.97,-71344.8,-158.938,800.358,800.358,-3016.82,-3016.82,-81535.5,-193.636,949.385,949.385,-3544.99,-3544.99,-91723.5,-233.71,1110.61,1110.61,-4157.27,-4157.27,-101913,-280.773,1286.8,1286.8
83,0,0,0,0,0,0,-359.579,-353.097,-10242.6,-4.12795e-11,91.7144,5.44804e-11,-730.825,-718.482,-20487.6,-9.79661e-13,189.332,-9.79981e-11,-1115.77,-1098.27,-30734,6.57474e-12,293.24,-6.82361e-11,-1517.06,-1495.18,-40980.8,-5.1207e-11,403.892,8.68798e-11,-1938.78,-1913.41,-51227.6,4.23253e-11,521.869,-1.02531e-11,-2386.29,-2358.47,-61473.3,-4.01568e-11,647.884,8.41514e-11,-2867.66,-2838.56,-71718.9,5.82516e-11,783.037,-1.52056e-11,-3392.59,-3363.7,-81960.7,-2.05347e-12,928.315,6.12097e-11,-3977.53,-3950.67,-92198.3,-2.30784e-11,1085.45,6.40554e-12,-4651.87,-4629.29,-102435,1.94422e-11,1257.18,4.12825e-12
84,0,0,0,0,0,0,-316.424,-316.424,-10188.6,16.8606,93.2379,-93.2379,-643.897,-643.897,-20379.6,35.1692,192.7,-192.7,-984.218,-984.218,-30572.1,55.1583,298.765,-298.765,-1339.93,-1339.93,-40765.2,77.1129,411.892,-411.892,-1714.86,-1714.86,-50958.5,101.399,532.66,-532.66,-2114.04,-2114.04,-61151.3,128.486,661.782,-661.782,-2544.97,-2544.97,-71344.8,158.938,800.358,-800.358,-3016.82,-3016.82,-81535.5,193.636,949.385,-949.385,-3544.99,-3544.99,-91723.5,233.71,1110.61,-1110.61,-4157.27,-4157.27,-101913,280.773,1286.8,-1286.8
85,0,0,0,0,0,0,-144.791,-137.465,-9896.19,30.907,88.952,-147.462,-296.391,-279.024,-19800.1,64.4836,184.119,-306.431,-455.377,-424.86,-29710.9,101.133,285.86,-477.695,-623.802,-576.611,-39629.2,141.343,394.645,-662.211,-803.969,-736.007,-49554.9,185.738,511.044,-861.194,-999.109,-905.561,-59488.4,235.12,635.766,-1076.16,-1213.87,-1089.12,-69432.1,290.448,769.907,-1309.42,-1454.22,-1291.25,-79384.2,353.208,914.473,-1563.22,-1730.05,-1520.15,-89346.7,425.307,1071.22,-1841.4,-2060,-1792.27,-99327.3,509.468,1242.99,-2150.02
86,0,0,0,0,0,0,-210.476,-190.413,-9967.65,-6.49354e-11,-3.54676e-11,143.188,-430.802,-385.832,-19943.1,-6.34597e-11,-7.9674e-11,297.923,-662.052,-586.623,-29925.6,-4.17564e-11,8.64642e-12,465.052,-906.661,-794.473,-39915.4,-3.39284e-12,-2.3693e-11,645.568,-1167.57,-1011.29,-49912.2,-1.16227e-11,3.24398e-11,840.748,-1448.8,-1239.79,-59916.2,-9.17817e-11,-1.106e-10,1052.17,-1756.08,-1484.23,-69929.6,7.84492e-11,2.24354e-11,1282.21,-2096.74,-1749.39,-79950,-1.02091e-10,-3.01945e-11,1533.21,-2482.67,-2044.09,-89978.9,-3.92726e-11,-7.2351e-11,1809.1,-2935.42,-2385.76,-100023,-1.07736e-12,-3.07345e-11,2115.98
87,0,0,0,0,0,0,-353.097,-359.579,-10242.6,-9.658e-12,-6.22e-11,91.7144,-718.482,-730.825,-20487.6,9.44465e-11,-7.9921e-11,189.332,-1098.27,-1115.77,-30734,9.10245e-11,-1.19839e-10,293.24,-1495.18,-1517.06,-40980.8,-2.71312e-11,9.24558e-11,403.892,-1913.41,-1938.78,-51227.6,1.20037e-11,-1.42094e-10,521.869,-2358.47,-2386.29,-61473.3,2.25318e-11,-1.96216e-10,647.884,-2838.56,-2867.66,-71718.9,-1.02669e-11,-4.88143e-12,783.037,-3363.7,-3392.59,-81960.7,-1.56799e-11,-3.70264e-11,928.315,-3950.67,-3977.53,-92198.3,-2.1199e-11,-3.92291e-11,1085.45,-4629.29,-4651.87,-102435,-5.02194e-11,-5.59552e-12,1257.18
88,0,0,0,0,0,0,-393.961,-393.961,-10300.7,-1.52481e-11,-2.05831e-11,-5.29097e-11,-801.32,-801.32,-20603.8,3.12773e-11,-9.54232e-11,-9.90479e-11,-1224.55,-1224.55,-30908.6,4.38501e-11,-4.47891e-11,5.31415e-11,-1666.53,-1666.53,-41213.7,8.4717e-12,4.60574e-11,5.71099e-11,-2131.9,-2131.9,-51518.6,-1.5544e-11,-9.49285e-11,8.4281e-11,-2626.67,-2626.67,-61822.2,-2.88073e-11,-8.63665e-11,9.35021e-11,-3159.77,-3159.77,-72125.1,-1.97552e-11,-7.60814e-11,-1.63816e-11,-3742.18,-3742.18,-82423.4,-4.51316e-11,1.85523e-11,3.66214e-11,-4392.1,-4392.1,-92716.2,1.46297e-11,1.75255e-11,6.75797e-11,-5141.57,-5141.57,-103006,-8.81378e-11,-7.39035e-11,2.18812e-11
89,0,0,0,0,0,0,-353.097,-359.579,-10242.6,-2.74706e-11,5.69091e-11,-91.7144,-718.482,-730.825,-20487.6,-5.2458e-13,-6.63976e-11,-189.332,-1098.27,-1115.77,-30734,8.22076e-12,1.64648e-10,-293.24,-1495.18,-1517.06,-40980.8,-6.48626e-11,-1.00187e-12,-403.892,-1913.41,-1938.78,-51227.6,-2.81335e-11,-4.66329e-11,-521.869,-2358.47,-2386.29,-61473.3,2.93996e-11,-1.63283e-11,-647.884,-2838.56,-2867.66,-71718.9,3.38614e-11,-1.97957e-11,-783.037,-3363.7,-3392.59,-81960.7,6.16316e-11,5.23919e-11,-928.315,-3950.67,-3977.53,-92198.3,-2.30589e-11,5.40936e-11,-1085.45,-4629.29,-4651.87,-102435,5.03997e-11,1.60973e-11,-1257.18
90,0,0,0,0,0,0,-210.476,-190.413,-9967.65,1.20573e-10,5.27307e-11,-143.188,-430.802,-385.832,-19943.1,1.89829e-11,3.65095e-11,-297.923,-662.052,-586.623,-29925.6,3.73912e-11,1.05304e-10,-465.052,-906.661,-794.473,-39915.4,1.56925e-10,6.63221e-11,-645.568,-1167.57,-1011.29,-49912.2,8.74065e-11,-3.76712e-11,-840.748,-1448.8,-1239.79,-59916.2,4.6624e-11,1.12792e-10,-1052.17,-1756.08,-1484.23,-69929.6,1.26697e-10,8.30482e-11,-1282.21,-2096.74,-1749.39,-79950,1.14922e-10,6.93596e-11,-1533.21,-2482.67,-2044.09,-89978.9,5.45306e-11,9.63958e-11,-1809.1,-2935.42,-2385.76,-100023,9.31406e-11,1.38044e-10,-2115.98
91,0,0,0,0,0,0,-144.791,-137.465,-9896.19,30.907,-88.952,147.462,-296.391,-279.024,-19800.1,64.4836,-184.119,306.431,-455.377,-424.86,-29710.9,101.133,-285.86,477.695,-623.802,-576.611,-39629.2,141.343,-394.645,662.211,-803.969,-736.007,-49554.9,185.738,-511.044,861.194,-999.109,-905.561,-59488.4,235.12,-635.766,1076.16,-1213.87,-1089.12,-69432.1,290.448,-769.907,1309.42,-1454.22,-1291.25,-79384.2,353.208,-914.473,1563.22,-1730.05,-1520.15,-89346.7,425.307,-1071.22,1841.4,-2060,-1792.27,-99327.3,509.468,-1242.99,2150.02
92,0,0,0,0,0,0,-316.424,-316.424,-10188.6,16.8606,-93.2379,93.2379,-643.897,-643.897,-20379.6,35.1692,-192.7,192.7,-984.218,-984.218,-30572.1,55.1583,-298.765,298.765,-1339.93,-1339.93,-40765.2,77.1129,-411.892,411.892,-1714.86,-1714.86,-50958.5,101.399,-532.66,532.66,-2114.04,-2114.04,-61151.3,128.486,-661.782,661.782,-2544.97,-2544.97,-71344.8,158.938,-800.358,800.358,-3016.82,-3016.82,-81535.5,193.636,-949.385,949.385,-3544.99,-3544.99,-91723.5,233.71,-1110.61,1110.61,-4157.27,-4157.27,-101913,280.773,-1286.8,1286.8
93,0,0,0,0,0,0,-359.579,-353.097,-10242.6,4.51144e-11,-91.7144,-6.67875e-11,-730.825,-718.482,-20487.6,1.57411e-11,-189.332,-9.26565e-11,-1115.77,-1098.27,-30734,6.53735e-11,-293.24,8.62794e-11,-1517.06,-1495.18,-40980.8,-2.78075e-11,-403.892,-5.31077e-11,-1938.78,-1913.41,-51227.6,-7.26734e-11,-521.869,5.17488e-11,-2386.29,-2358.47,-61473.3,4.31006e-11,-647.884,7.9682e-11,-2867.66,-2838.56,-71718.9,-6.48126e-11,-783.037,9.51026e-11,-3392.59,-3363.7,-81960.7,-3.01261e-11,-928.315,3.05285e-11,-3977.53,-3950.67,-92198.3,-3.01101e-11,-1085.45,7.58575e-11,-4651.87,-4629.29,-102435,5.04636e-11,-1257.18,-3.68736e-11
94,0,0,0,0,0,0,-316.424,-316.424,-10188.6,-16.8606,-93.2379,-93.2379,-643.897,-643.897,-20379.6,-35.1692,-192.7,-192.7,-984.218,-984.218,-30572.1,-55.1583,-298.765,-298.765,-1339.93,-1339.93,-40765.2,-77.1129,-411.892,-411.892,-1714.86,-1714.86,-50958.5,-101.399,-532.66,-532.66,-2114.04,-2114.04,-61151.3,-128.486,-661.782,-661.782,-2544.97,-2544.97,-71344.8,-158.938,-800.358,-800.358,-3016.82,-3016.82,-81535.5,-193.636,-949.385,-949.385,-3544.99,-3544.99,-91723.5,-233.71,-1110.61,-1110.61,-4157.27,-4157.27,-101913,-280.773,-1286.8,-1286.8
95,0,0,0,0,0,0,-144.791,-137.465,-9896.19,-30.907,-88.952,-147.462,-296.391,-279.024,-19800.1,-64.4836,-184.119,-306.431,-455.377,-424.86,-29710.9,-101.133,-285.86,-477.695,-623.802,-576.611,-39629.2,-141.343,-394.645,-662.211,-803.969,-736.007,-49554.9,-185.738,-511.044,-861.194,-999.109,-905.561,-59488.4,-235.12,-635.766,-1076.16,-1213.87,-1089.12,-69432.1,-290.448,-769.907,-1309.42,-1454.22,-1291.25,-79384.2,-353.208,-914.473,-1563.22,-1730.05,-1520.15,-89346.7,-425.307,-1071.22,-1841.4,-2060,-1792.27,-99327.3,-509.468,-1242.99,-2150.02
96,0,0,0,0,0,0,-132.093,-132.093,-9752.26,112.081,-134.893,134.893,-276.299,-276.299,-19519.5,232.907,-280.838,280.838,-433.558,-433.558,-29301.2,363.724,-438.498,438.498,-607.124,-607.124,-39099.2,505.959,-608.743,608.743,-800.142,-800.142,-48914.6,661.489,-792.629,792.629,-1017.07,-1017.07,-58748.8,832.687,-991.483,991.483,-1263.06,-1263.06,-68605.7,1022.35,-1207.36,1207.36,-1547.09,-1547.09,-78485.9,1234.94,-1442.2,1442.2,-1880.87,-1880.87,-88394.5,1476.07,-1699.39,1699.39,-2284.39,-2284.39,-98342.5,1753.59,-1984.37,1984.37
97,0,0,0,0,0,0,-137.465,-144.791,-9896.19,30.907,-147.462,88.952,-279.024,-296.391,-19800.1,64.4836,-306.431,184.119,-424.86,-455.377,-29710.9,101.133,-477.695,285.86,-576.611,-623.802,-39629.2,141.343,-662.211,394.645,-736.007,-803.969,-49554.9,185.738,-861.194,511.044,-905.561,-999.109,-59488.4,235.12,-1076.16,635.766,-1089.12,-1213.87,-69432.1,290.448,-1309.42,769.907,-1291.25,-1454.22,-79384.2,353.208,-1563.22,914.473,-1520.15,-1730.05,-89346.7,425.307,-1841.4,1071.22,-1792.27,-2060,-99327.3,509.468,-2150.02,1242.99
98,0,0,0,0,0,0,-190.413,-210.476,-9967.65,4.42599e-11,-143.188,-1.08959e-10,-385.832,-430.802,-19943.1,5.49644e-11,-297.923,-6.35305e-11,-586.623,-662.052,-29925.6,-1.95715e-11,-465.052,-1.21261e-10,-794.473,-906.661,-39915.4,2.48943e-11,-645.568,-8.05471e-11,-1011.29,-1167.57,-49912.2,-4.59446e-11,-840.748,-7.22746e-11,-1239.79,-1448.8,-59916.2,-3.32445e-11,-1052.17,-4.56719e-11,-1484.23,-1756.08,-69929.6,-6.67546e-11,-1282.21,5.35749e-12,-1749.39,-2096.74,-79950,-2.26139e-11,-1533.21,-2.9587e-11,-2044.09,-2482.67,-89978.9,7.62208e-11,-1809.1,2.22826e-11,-2385.76,-2935.42,-100023,1.91509e-11,-2115.98,-5.41043e-11
99,0,0,0,0,0,0,-137.465,-144.791,-9896.19,-30.907,-147.462,-88.952,-279.024,-296.391,-19800.1,-64.4836,-306.431,-184.119,-424.86,-455.377,-29710.9,-101.133,-477.695,-285.86,-576.611,-623.802,-39629.2,-141.343,-662.211,-394.645,-736.007,-803.969,-49554.9,-185.738,-861.194,-511.044,-905.561,-999.109,-59488.4,-235.12,-1076.16,-635.766,-1089.12,-1213.87,-69432.1,-290.448,-1309.42,-769.907,-1291.25,-1454.22,-79384.2,-353.208,-1563.22,-914.473,-1520.15,-1730.05,-89346.7,-425.307,-1841.4,-1071.22,-1792.27,-2060,-99327.3,-509.468,-2150.02,-1242.99
100,0,0,0,0,0,0,-132.093,-132.093,-9752.26,-112.081,-134.893,-134.893,-276.299,-276.299,-19519.5,-232.907,-280.838,-280.838,-433.558,-433.558,-29301.2,-363.724,-438.498,-438.498,-607.124,-607.124,-39099.2,-505.959,-608.743,-608.743,-800.142,-800.142,-48914.6,-661.489,-792.629,-792.629,-1017.07,-1017.07,-58748.8,-832.687,-991.483,-991.483,-1263.06,-1263.06,-68605.7,-1022.35,-1207.36,-1207.36,-1547.09,-1547.09,-78485.9,-1234.94,-1442.2,-1442.2,-1880.87,-1880.87,-88394.5,-1476.07,-1699.39,-1699.39,-2284.39,-2284.39,-98342.5,-1753.59,-1984.37,-1984.37
101,0,0,0,0,0,0,-189.784,-189.784,-10058.2,-52.1064,106.669,106.669,-393.97,-393.97,-20119.7,-108.876,221.555,221.555,-612.049,-612.049,-30181.7,-171.035,344.992,344.992,-849.2,-849.2,-40247.1,-239.423,477.62,477.62,-1108.27,-1108.27,-50315.3,-315.17,620.081,620.081,-1394.09,-1394.09,-60386.6,-399.757,773.229,773.229,-1715.62,-1715.62,-70466.2,-494.404,938.571,938.571,-2078.6,-2078.6,-80548.9,-602.621,1117.18,1117.18,-2497.95,-2497.95,-90638.3,-727.873,1311.39,1311.39,-3004.47,-3004.47,-100747,-874.442,1525.63,1525.63
102,0,0,0,0,0,0,12.0923,-35.538,-9993.26,-15.765,134.189,83.6763,21.4224,-75.5246,-19988.1,-34.0625,276.469,172.425,29.8054,-118.391,-29981.9,-55.2953,427.3,266.471,34.6484,-167.027,-39976.5,-79.9447,587.464,366.116,35.6301,-222.149,-49971.1,-108.652,757.788,471.72,31.4635,-285.547,-59964.9,-142.261,939.367,583.733,16.581,-363.652,-69962.9,-181.591,1134.2,702.778,-7.16439,-455.348,-79957.9,-228.519,1343.63,829.543,-46.4526,-568.784,-89951.8,-285.123,1570.78,965.052,-120.33,-725.37,-99954.1,-354.241,1821.21,1111.11
103,0,0,0,0,0,0,54.3633,-23.6083,-10004.1,-5.35187e-11,146.356,-3.68874e-11,107.699,-51.19,-20010.1,-5.74035e-11,300.566,-5.72857e-11,162.054,-81.1394,-30015.2,-1.33843e-10,463.131,-1.00986e-12,215.218,-116.191,-40021.2,-1.03204e-11,634.9,4.33111e-11,267.293,-156.943,-50027.1,5.25211e-11,816.765,-1.29372e-11,317.558,-205.02,-60032.1,-1.73839e-12,1009.91,-5.14326e-11,361.064,-266.792,-70040.7,1.16707e-11,1216.53,-1.14992e-10,400.766,-340.766,-80045.5,1.18859e-10,1438.06,-5.54152e-11,431.302,-434.875,-90048,1.48775e-10,1677.9,-6.36415e-11,435.563,-570.231,-100057,1.63265e-10,1942.04,-3.44187e-11
104,0,0,0,0,0,0,12.0923,-35.538,-9993.26,15.765,134.189,-83.6763,21.4224,-75.5246,-19988.1,34.0625,276.469,-172.425,29.8054,-118.391,-29981.9,55.2953,427.3,-266.471,34.6484,-167.027,-39976.5,79.9447,587.464,-366.116,35.6301,-222.149,-49971.1,108.652,757.788,-471.72,31.4635,-285.547,-59964.9,142.261,939.367,-583.733,16.581,-363.652,-69962.9,181.591,1134.2,-702.778,-7.16439,-455.348,-79957.9,228.519,1343.63,-829.543,-46.4526,-568.784,-89951.8,285.123,1570.78,-965.052,-120.33,-725.37,-99954.1,354.241,1821.21,-1111.11
105,0,0,0,0,0,0,-189.784,-189.784,-10058.2,52.1064,106.669,-106.669,-393.97,-393.97,-20119.7,108.876,221.555,-221.555,-612.049,-612.049,-30181.7,171.035,344.992,-344.992,-849.2,-849.2,-40247.1,239.423,477.62,-477.62,-1108.27,-1108.27,-50315.3,315.17,620.081,-620.081,-1394.09,-1394.09,-60386.6,399.757,773.229,-773.229,-1715.62,-1715.62,-70466.2,494.404,938.571,-938.571,-2078.6,-2078.6,-80548.9,602.621,1117.18,-1117.18,-2497.95,-2497.95,-90638.3,727.873,1311.39,-1311.39,-3004.47,-3004.47,-100747,874.442,1525.63,-1525.63
106,0,0,0,0,0,0,-35.538,12.0923,-9993.26,-15.765,83.6763,134.189,-75.5246,21.4224,-19988.1,-34.0625,172.425,276.469,-118.391,29.8054,-29981.9,-55.2953,266.471,427.3,-167.027,34.6484,-39976.5,-79.9447,366.116,587.464,-222.149,35.6301,-49971.1,-108.652,471.72,757.788,-285.547,31.4635,-59964.9,-142.261,583.733,939.367,-363.652,16.581,-69962.9,-181.591,702.778,1134.2,-455.348,-7.16439,-79957.9,-228.519,829.543,1343.63,-568.784,-46.4526,-89951.8,-285.123,965.052,1570.78,-725.37,-120.33,-99954.1,-354.241,1111.11,1821.21
107,0,0,0,0,0,0,116.672,116.672,-9975.86,-8.66617,92.0474,92.0474,233.445,233.445,-19954.4,-19.194,189.107,189.107,351.946,351.946,-29933.4,-31.8961,291.451,291.451,470.479,470.479,-39914,-47.1395,399.456,399.456,588.917,588.917,-49895.5,-65.4203,513.56,513.56,706.425,706.425,-59877.1,-87.3893,634.322,634.322,818.471,818.471,-69862.6,-113.706,762.595,762.595,926.821,926.821,-79845.6,-145.807,899.192,899.192,1025.71,1025.71,-89827.1,-185.33,1045.5,1045.5,1098.33,1098.33,-99814.2,-234.532,1203.88,1203.88
108,0,0,0,0,0,0,165.032,143.753,-9979.63,-1.43263e-10,93.2907,5.66325e-12,330.94,287.96,-19962.8,-7.44376e-11,191.099,2.96114e-11,499.38,434.236,-29947.4,-4.1983e-11,293.676,9.32197e-11,668.805,580.971,-39934.4,-1.84655e-11,401.39,9.83125e-12,839.174,728.047,-49923,-3.41632e-11,514.656,-8.52882e-11,1009.76,874.647,-59912.6,-1.18866e-10,634.01,4.19664e-11,1176.27,1016.17,-69906.7,-5.37503e-12,760.339,-1.49754e-10,1340.42,1154.35,-79899,-3.57807e-11,894.356,1.07825e-12,1496.57,1283.15,-89890.4,-1.31809e-10,1037.45,-4.76046e-11,1628.05,1385.18,-99887.4,-1.82866e-10,1192.05,-8.38316e-11
109,0,0,0,0,0,0,116.672,116.672,-9975.86,8.66617,92.0474,-92.0474,233.445,233.445,-19954.4,19.194,189.107,-189.107,351.946,351.946,-29933.4,31.8961,291.451,-291.451,470.479,470.479,-39914,47.1395,399.456,-399.456,588.917,588.917,-49895.5,65.4203,513.56,-513.56,706.425,706.425,-59877.1,87.3893,634.322,-634.322,818.471,818.471,-69862.6,113.706,762.595,-762.595,926.821,926.821,-79845.6,145.807,899.192,-899.192,1025.71,1025.71,-89827.1,185.33,1045.5,-1045.5,1098.33,1098.33,-99814.2,234.532,1203.88,-1203.88
110,0,0,0,0,0,0,-35.538,12.0923,-9993.26,15.765,83.6763,-134.189,-75.5246,21.4224,-19988.1,34.0625,172.425,-276.469,-118.391,29.8054,-29981.9,55.2953,266.471,-427.3,-167.027,34.6484,-39976.5,79.9447,366.116,-587.464,-222.149,35.6301,-49971.1,108.652,471.72,-757.788,-285.547,31.4635,-59964.9,142.261,583.733,-939.367,-363.652,16.581,-69962.9,181.591,702.778,-1134.2,-455.348,-7.16439,-79957.9,228.519,829.543,-1343.63,-568.784,-46.4526,-89951.8,285.123,965.052,-1570.78,-725.37,-120.33,-99954.1,354.241,1111.11,-1821.21
111,0,0,0,0,0,0,-23.6083,54.3633,-10004.1,1.03785e-11,1.58314e-10,146.356,-51.19,107.699,-20010.1,-1.5932e-10,-5.9865e-11,300.566,-81.1394,162.054,-30015.2,-2.60632e-11,6.65148e-11,463.131,-116.191,215.218,-40021.2,6.75431e-11,3.97193e-11,634.9,-156.943,267.293,-50027.1,-6.23492e-11,1.49681e-10,816.765,-205.02,317.558,-60032.1,-2.10302e-10,8.91696e-11,1009.91,-266.792,361.064,-70040.7,3.74905e-11,2.94005e-11,1216.53,-340.766,400.766,-80045.5,2.90843e-11,9.94582e-12,1438.06,-434.875,431.302,-90048,-4.62954e-11,1.5268e-10,1677.9,-570.231,435.563,-100057,3.5119e-11,2.30038e-11,1942.04
112,0,0,0,0,0,0,143.753,165.032,-9979.63,-1.21557e-11,-8.99485e-11,93.2907,287.96,330.94,-19962.8,-2.17766e-11,-6.5814e-12,191.099,434.236,499.38,-29947.4,1.02934e-10,-3.74447e-11,293.676,580.971,668.805,-39934.4,-1.23193e-10,1.49214e-12,401.39,728.047,839.174,-49923,7.66214e-11,-5e-11,514.656,874.647,1009.76,-59912.6,-4.33554e-11,-3.05214e-11,634.01,1016.17,1176.27,-69906.7,-1.04085e-10,-7.53477e-11,760.339,1154.35,1340.42,-79899,1.97098e-11,-3.51612e-11,894.356,1283.15,1496.57,-89890.4,-6.3638e-13,-1.38165e-11,1037.45,1385.18,1628.05,-99887.4,-1.2671e-10,-2.49791e-11,1192.05
113,0,0,0,0,0,0,180.098,180.098,-9997.22,1.71328e-11,-1.07e-10,1.16867e-10,360.39,360.39,-19998.9,5.37151e-11,2.27769e-11,-4.10911e-11,542.35,542.35,-30002.8,2.26977e-11,-5.52305e-11,8.46976e-11,724.389,724.389,-40010.1,-2.96932e-11,-7.57856e-11,-2.51106e-11,906.246,906.246,-50019.7,4.86922e-12,-1.20604e-10,-1.58192e-10,1086.94,1086.94,-60031,-2.58951e-11,-1.03703e-10,8.13341e-11,1261.85,1261.85,-70047.2,4.00853e-11,-7.7657e-11,-4.22187e-11,1432.03,1432.03,-80062.2,-7.69313e-11,6.41265e-12,2.64393e-11,1590.96,1590.96,-90076.6,-4.51574e-11,-5.33618e-11,-6.11706e-11,1720.62,1720.62,-100096,-5.28638e-11,-6.64535e-12,1.01263e-10
114,0,0,0,0,0,0,143.753,165.032,-9979.63,-3.88631e-11,-4.13898e-11,-93.2907,287.96,330.94,-19962.8,1.22649e-10,1.25569e-10,-191.099,434.236,499.38,-29947.4,1.05488e-11,4.40661e-11,-293.676,580.971,668.805,-39934.4,6.06143e-11,2.20304e-11,-401.39,728.047,839.174,-49923,-2.4466e-11,-3.14948e-11,-514.656,874.647,1009.76,-59912.6,9.97991e-11,4.0151e-11,-634.01,1016.17,1176.27,-69906.7,1.32319e-11,1.28379e-10,-760.339,1154.35,1340.42,-79899,5.15739e-11,-5.74811e-11,-894.356,1283.15,1496.57,-89890.4,-2.11049e-11,8.57803e-12,-1037.45,1385.18,1628.05,-99887.4,1.03635e-10,1.20687e-10,-1192.05
115,0,0,0,0,0,0,-23.6083,54.3633,-10004.1,6.23211e-11,-6.13136e-11,-146.356,-51.19,107.699,-20010.1,-1.21767e-11,-3.10676e-11,-300.566,-81.1394,162.054,-30015.2,1.04383e-12,-3.65086e-11,-463.131,-116.191,215.218,-40021.2,6.87195e-11,5.57785e-11,-634.9,-156.943,267.293,-50027.1,1.98245e-10,-3.8245e-11,-816.765,-205.02,317.558,-60032.1,1.10608e-10,1.23341e-10,-1009.91,-266.792,361.064,-70040.7,1.84826e-10,1.16962e-10,-1216.53,-340.766,400.766,-80045.5,1.61954e-10,-9.59943e-12,-1438.06,-434.875,431.302,-90048,9.49116e-11,-9.88898e-12,-1677.9,-570.231,435.563,-100057,-4.3618e-11,5.0953e-11,-1942.04
116,0,0,0,0,0,0,-35.538,12.0923,-9993.26,15.765,-83.6763,134.189,-75.5246,21.4224,-19988.1,34.0625,-172.425,276.469,-118.391,29.8054,-29981.9,55.2953,-266.471,427.3,-167.027,34.6484,-39976.5,79.9447,-366.116,587.464,-222.149,35.6301,-49971.1,108.652,-471.72,757.788,-285.547,31.4635,-59964.9,142.261,-583.733,939.367,-363.652,16.581,-69962.9,181.591,-702.778,1134.2,-455.348,-7.16439,-79957.9,228.519,-829.543,1343.63,-568.784,-46.4526,-89951.8,285.123,-965.052,1570.78,-725.37,-120.33,-99954.1,354.241,-1111.11,1821.21
117,0,0,0,0,0,0,116.672,116.672,-9975.86,8.66617,-92.0474,92.0474,233.445,233.445,-19954.4,19.194,-189.107,189.107,351.946,351.946,-29933.4,31.8961,-291.451,291.451,470.479,470.479,-39914,47.1395,-399.456,399.456,588.917,588.917,-49895.5,65.4203,-513.56,513.56,706.425,706.425,-59877.1,87.3893,-634.322,634.322,818.471,818.471,-69862.6,113.706,-762.595,762.595,926.821,926.821,-79845.6,145.807,-899.192,899.192,1025.71,1025.71,-89827.1,185.33,-1045.5,1045.5,1098.33,1098.33,-99814.2,234.532,-1203.88,1203.88
118,0,0,0,0,0,0,165.032,143.753,-9979.63,2.76374e-11,-93.2907,-4.09028e-12,330.94,287.96,-19962.8,-1.77559e-11,-191.099,-6.67622e-11,499.38,434.236,-29947.4,6.70408e-12,-293.676,4.65139e-11,668.805,580.971,-39934.4,9.87181e-11,-401.39,-4.38618e-11,839.174,728.047,-49923,-1.64967e-11,-514.656,-1.87717e-11,1009.76,874.647,-59912.6,4.18979e-11,-634.01,-1.38183e-11,1176.27,1016.17,-69906.7,1.4557e-11,-760.339,3.93321e-11,1340.42,1154.35,-79899,5.80662e-11,-894.356,6.44373e-11,1496.57,1283.15,-89890.4,6.70255e-11,-1037.45,-8.16271e-11,1628.05,1385.18,-99887.4,6.42815e-11,-1192.05,4.74216e-11
119,0,0,0,0,0,0,116.672,116.672,-9975.86,-8.66617,-92.0474,-92.0474,233.445,233.445,-19954.4,-19.194,-189.107,-189.107,351.946,351.946,-29933.4,-31.8961,-291.451,-291.451,470.479,470.479,-39914,-47.1395,-399.456,-399.456,588.917,588.917,-49895.5,-65.4203,-513.56,-513.56,706.425,706.425,-59877.1,-87.3893,-634.322,-634.322,818.471,818.471,-69862.6,-113.706,-762.595,-762.595,926.821,926.821,-79845.6,-145.807,-899.192,-899.192,1025.71,1025.71,-89827.1,-185.33,-1045.5,-1045.5,1098.33,1098.33,-99814.2,-234.532,-1203.88,-1203.88
120,0,0,0,0,0,0,-35.538,12.0923,-9993.26,-15.765,-83.6763,-134.189,-75.5246,21.4224,-19988.1,-34.0625,-172.425,-276.469,-118.391,29.8054,-29981.9,-55.2953,-266.471,-427.3,-167.027,34.6484,-39976.5,-79.9447,-366.116,-587.464,-222.149,35.6301,-49971.1,-108.652,-471.72,-757.788,-285.547,31.4635,-59964.9,-142.261,-583.733,-939.367,-363.652,16.581,-69962.9,-181.591,-702.778,-1134.2,-455.348,-7.16439,-79957.9,-228.519,-829.543,-1343.63,-568.784,-46.4526,-89951.8,-285.123,-965.052,-1570.78,-725.37,-120.33,-99954.1,-354.241,-1111.11,-1821.21
121,0,0,0,0,0,0,-189.784,-189.784,-10058.2,52.1064,-106.669,106.669,-393.97,-393.97,-20119.7,108.876,-221.555,221.555,-612.049,-612.049,-30181.7,171.035,-344.992,344.992,-849.2,-849.2,-40247.1,239.423,-477.62,477.62,-1108.27,-1108.27,-50315.3,315.17,-620.081,620.081,-1394.09,-1394.09,-60386.6,399.757,-773.229,773.229,-1715.62,-1715.62,-70466.2,494.404,-938.571,938.571,-2078.6,-2078.6,-80548.9,602.621,-1117.18,1117.18,-2497.95,-2497.95,-90638.3,727.873,-1311.39,1311.39,-3004.47,-3004.47,-100747,874.442,-1525.63,1525.63
122,0,0,0,0,0,0,12.0923,-35.538,-9993.26,15.765,-134.189,83.6763,21.4224,-75.5246,-19988.1,34.0625,-276.469,172.425,29.8054,-118.391,-29981.9,55.2953,-427.3,266.471,34.6484,-167.027,-39976.5,79.9447,-587.464,366.116,35.6301,-222.149,-49971.1,108.652,-757.788,471.72,31.4635,-285.547,-59964.9,142.261,-939.367,583.733,16.581,-363.652,-69962.9,181.591,-1134.2,702.778,-7.16439,-455.348,-79957.9,228.519,-1343.63,829.543,-46.4526,-568.784,-89951.8,285.123,-1570.78,965.052,-120.33,-725.37,-99954.1,354.241,-1821.21,1111.11
123,0,0,0,0,0,0,54.3633,-23.6083,-10004.1,7.6214e-11,-146.356,-1.47881e-10,107.699,-51.19,-20010.1,-2.17737e-11,-300.566,-1.18756e-10,162.054,-81.1394,-30015.2,1.00201e-10,-463.131,1.67564e-11,215.218,-116.191,-40021.2,-4.5463e-11,-634.9,-8.8205e-12,267.293,-156.943,-50027.1,-4.5588e-11,-816.765,1.55769e-11,317.558,-205.02,-60032.1,6.96494e-11,-1009.91,3.31717e-11,361.064,-266.792,-70040.7,-7.91527e-11,-1216.53,-3.22338e-11,400.766,-340.766,-80045.5,-1.93126e-11,-1438.06,-2.69331e-11,431.302,-434.875,-90048,2.67333e-11,-1677.9,-8.2375e-11,435.563,-570.231,-100057,1.74991e-10,-1942.04,-1.6281e-10
124,0,0,0,0,0,0,12.0923,-35.538,-9993.26,-15.765,-134.189,-83.6763,21.4224,-75.5246,-19988.1,-34.0625,-276.469,-172.425,29.8054,-118.391,-29981.9,-55.2953,-427.3,-266.471,34.6484,-167.027,-39976.5,-79.9447,-587.464,-366.116,35.6301,-222.149,-49971.1,-108.652,-757.788,-471.72,31.4635,-285.547,-59964.9,-142.261,-939.367,-583.733,16.581,-363.652,-69962.9,-181.591,-1134.2,-702.778,-7.16439,-455.348,-79957.9,-228.519,-1343.63,-829.543,-46.4526,-568.784,-89951.8,-285.123,-1570.78,-965.052,-120.33,-725.37,-99954.1,-354.241,-1821.21,-1111.11
125,0,0,0,0,0,0,-189.784,-189.784,-10058.2,-52.1064,-106.669,-106.669,-393.97,-393.97,-20119.7,-108.876,-221.555,-221.555,-612.049,-612.049,-30181.7,-171.035,-344.992,-344.992,-849.2,-849.2,-40247.1,-239.423,-477.62,-477.62,-1108.27,-1108.27,-50315.3,-315.17,-620.081,-620.081,-1394.09,-1394.09,-60386.6,-399.757,-773.229,-773.229,-1715.62,-1715.62,-70466.2,-494.404,-938.571,-938.571,-2078.6,-2078.6,-80548.9,-602.621,-1117.18,-1117.18,-2497.95,-2497.95,-90638.3,-727.873,-1311.39,-1311.39,-3004.47,-3004.47,-100747,-874.442,-1525.63,-1525.63
