1,0,-0.999706,-0.0242597,0,-0.999706,-0.0242597,0,-0.999706,-0.0242597,0,-0.999706,-0.0242597,0,-0.999706,-0.0242597,0,-0.999706,-0.0242597,0,-0.999706,-0.0242597,0,-0.999706,-0.0242597,0,-0.999706,-0.0242597,0,-0.999706,-0.0242597,0,-0.999706,-0.0242597
2,-0.999669,-0,-0.0257398,-0.999669,-0,-0.0257398,-0.999669,-0,-0.0257398,-0.999669,-0,-0.0257398,-0.999669,-0,-0.0257398,-0.999669,-0,-0.0257398,-0.999669,-0,-0.0257398,-0.999669,-0,-0.0257398,-0.999669,-0,-0.0257398,-0.999669,-0,-0.0257398,-0.999669,-0,-0.0257398
3,0,0,-1,0,0,-1,0,0,-1,0,0,-1,0,0,-1,0,0,-1,0,0,-1,0,0,-1,0,0,-1,0,0,-1,0,0,-1
4,0,-0.999676,-0.0254468,0,-0.999676,-0.0254468,0,-0.999676,-0.0254468,0,-0.999676,-0.0254468,0,-0.999676,-0.0254468,0,-0.999676,-0.0254468,0,-0.999676,-0.0254468,0,-0.999676,-0.0254468,0,-0.999676,-0.0254468,0,-0.999676,-0.0254468,0,-0.999676,-0.0254468
5,0,0,-1,0,0,-1,0,0,-1,0,0,-1,0,0,-1,0,0,-1,0,0,-1,0,0,-1,0,0,-1,0,0,-1,0,0,-1
6,0,-0.999676,-0.0254468,0,-0.999676,-0.0254468,0,-0.999676,-0.0254468,0,-0.999676,-0.0254468,0,-0.999676,-0.0254468,0,-0.999676,-0.0254468,0,-0.999676,-0.0254468,0,-0.999676,-0.0254468,0,-0.999676,-0.0254468,0,-0.999676,-0.0254468,0,-0.999676,-0.0254468
7,0,0,-1,0,0,-1,0,0,-1,0,0,-1,0,0,-1,0,0,-1,0,0,-1,0,0,-1,0,0,-1,0,0,-1,0,0,-1
8,0,-0.999706,-0.0242597,0,-0.999706,-0.0242597,0,-0.999706,-0.0242597,0,-0.999706,-0.0242597,0,-0.999706,-0.0242597,0,-0.999706,-0.0242597,0,-0.999706,-0.0242597,0,-0.999706,-0.0242597,0,-0.999706,-0.0242597,0,-0.999706,-0.0242597,0,-0.999706,-0.0242597
9,0,0,-1,0,0,-1,0,0,-1,0,0,-1,0,0,-1,0,0,-1,0,0,-1,0,0,-1,0,0,-1,0,0,-1,0,0,-1
10,0,-0.999669,-0.0257398,0,-0.999669,-0.0257398,0,-0.999669,-0.0257398,0,-0.999669,-0.0257398,0,-0.999669,-0.0257398,0,-0.999669,-0.0257398,0,-0.999669,-0.0257398,0,-0.999669,-0.0257398,0,-0.999669,-0.0257398,0,-0.999669,-0.0257398,0,-0.999669,-0.0257398
11,0.999706,0,-0.0242597,0.999706,0,-0.0242597,0.999706,0,-0.0242597,0.999706,0,-0.0242597,0.999706,0,-0.0242597,0.999706,0,-0.0242597,0.999706,0,-0.0242597,0.999706,0,-0.0242597,0.999706,0,-0.0242597,0.999706,0,-0.0242597,0.999706,0,-0.0242597
12,0,0,-1,0,0,-1,0,0,-1,0,0,-1,0,0,-1,0,0,-1,0,0,-1,0,0,-1,0,0,-1,0,0,-1,0,0,-1
13,-0.999706,-0,-0.0242597,-0.999706,-0,-0.0242597,-0.999706,-0,-0.0242597,-0.999706,-0,-0.0242597,-0.999706,-0,-0.0242597,-0.999706,-0,-0.0242597,-0.999706,-0,-0.0242597,-0.999706,-0,-0.0242597,-0.999706,-0,-0.0242597,-0.999706,-0,-0.0242597,-0.999706,-0,-0.0242597
14,0,0,-1,0,0,-1,0,0,-1,0,0,-1,0,0,-1,0,0,-1,0,0,-1,0,0,-1,0,0,-1,0,0,-1,0,0,-1
15,0,0,-1,0,0,-1,0,0,-1,0,0,-1,0,0,-1,0,0,-1,0,0,-1,0,0,-1,0,0,-1,0,0,-1,0,0,-1
16,0,0,-1,0,0,-1,0,0,-1,0,0,-1,0,0,-1,0,0,-1,0,0,-1,0,0,-1,0,0,-1,0,0,-1,0,0,-1
17,0,0,-1,0,0,-1,0,0,-1,0,0,-1,0,0,-1,0,0,-1,0,0,-1,0,0,-1,0,0,-1,0,0,-1,0,0,-1
18,0.999676,0,-0.0254468,0.999676,0,-0.0254468,0.999676,0,-0.0254468,0.999676,0,-0.0254468,0.999676,0,-0.0254468,0.999676,0,-0.0254468,0.999676,0,-0.0254468,0.999676,0,-0.0254468,0.999676,0,-0.0254468,0.999676,0,-0.0254468,0.999676,0,-0.0254468
19,0,0,-1,0,0,-1,0,0,-1,0,0,-1,0,0,-1,0,0,-1,0,0,-1,0,0,-1,0,0,-1,0,0,-1,0,0,-1
20,-0.999676,-0,-0.0254468,-0.999676,-0,-0.0254468,-0.999676,-0,-0.0254468,-0.999676,-0,-0.0254468,-0.999676,-0,-0.0254468,-0.999676,-0,-0.0254468,-0.999676,-0,-0.0254468,-0.999676,-0,-0.0254468,-0.999676,-0,-0.0254468,-0.999676,-0,-0.0254468,-0.999676,-0,-0.0254468
21,0,0,-1,0,0,-1,0,0,-1,0,0,-1,0,0,-1,0,0,-1,0,0,-1,0,0,-1,0,0,-1,0,0,-1,0,0,-1
22,0,0,-1,0,0,-1,0,0,-1,0,0,-1,0,0,-1,0,0,-1,0,0,-1,0,0,-1,0,0,-1,0,0,-1,0,0,-1
23,0,0,-1,0,0,-1,0,0,-1,0,0,-1,0,0,-1,0,0,-1,0,0,-1,0,0,-1,0,0,-1,0,0,-1,0,0,-1
24,0,0,-1,0,0,-1,0,0,-1,0,0,-1,0,0,-1,0,0,-1,0,0,-1,0,0,-1,0,0,-1,0,0,-1,0,0,-1
25,0.999676,0,-0.0254468,0.999676,0,-0.0254468,0.999676,0,-0.0254468,0.999676,0,-0.0254468,0.999676,0,-0.0254468,0.999676,0,-0.0254468,0.999676,0,-0.0254468,0.999676,0,-0.0254468,0.999676,0,-0.0254468,0.999676,0,-0.0254468,0.999676,0,-0.0254468
26,0,0,-1,0,0,-1,0,0,-1,0,0,-1,0,0,-1,0,0,-1,0,0,-1,0,0,-1,0,0,-1,0,0,-1,0,0,-1
27,-0.999676,-0,-0.0254468,-0.999676,-0,-0.0254468,-0.999676,-0,-0.0254468,-0.999676,-0,-0.0254468,-0.999676,-0,-0.0254468,-0.999676,-0,-0.0254468,-0.999676,-0,-0.0254468,-0.999676,-0,-0.0254468,-0.999676,-0,-0.0254468,-0.999676,-0,-0.0254468,-0.999676,-0,-0.0254468
28,0,0,-1,0,0,-1,0,0,-1,0,0,-1,0,0,-1,0,0,-1,0,0,-1,0,0,-1,0,0,-1,0,0,-1,0,0,-1
29,0,0,-1,0,0,-1,0,0,-1,0,0,-1,0,0,-1,0,0,-1,0,0,-1,0,0,-1,0,0,-1,0,0,-1,0,0,-1
30,0,0,-1,0,0,-1,0,0,-1,0,0,-1,0,0,-1,0,0,-1,0,0,-1,0,0,-1,0,0,-1,0,0,-1,0,0,-1
31,0,0,-1,0,0,-1,0,0,-1,0,0,-1,0,0,-1,0,0,-1,0,0,-1,0,0,-1,0,0,-1,0,0,-1,0,0,-1
32,0.999706,0,-0.0242597,0.999706,0,-0.0242597,0.999706,0,-0.0242597,0.999706,0,-0.0242597,0.999706,0,-0.0242597,0.999706,0,-0.0242597,0.999706,0,-0.0242597,0.999706,0,-0.0242597,0.999706,0,-0.0242597,0.999706,0,-0.0242597,0.999706,0,-0.0242597
33,0,0,-1,0,0,-1,0,0,-1,0,0,-1,0,0,-1,0,0,-1,0,0,-1,0,0,-1,0,0,-1,0,0,-1,0,0,-1
34,0,0.999669,-0.0257398,0,0.999669,-0.0257398,0,0.999669,-0.0257398,0,0.999669,-0.0257398,0,0.999669,-0.0257398,0,0.999669,-0.0257398,0,0.999669,-0.0257398,0,0.999669,-0.0257398,0,0.999669,-0.0257398,0,0.999669,-0.0257398,0,0.999669,-0.0257398
35,-0.999706,-0,-0.0242597,-0.999706,-0,-0.0242597,-0.999706,-0,-0.0242597,-0.999706,-0,-0.0242597,-0.999706,-0,-0.0242597,-0.999706,-0,-0.0242597,-0.999706,-0,-0.0242597,-0.999706,-0,-0.0242597,-0.999706,-0,-0.0242597,-0.999706,-0,-0.0242597,-0.999706,-0,-0.0242597
36,0,0,-1,0,0,-1,0,0,-1,0,0,-1,0,0,-1,0,0,-1,0,0,-1,0,0,-1,0,0,-1,0,0,-1,0,0,-1
37,0,0.999706,-0.0242597,0,0.999706,-0.0242597,0,0.999706,-0.0242597,0,0.999706,-0.0242597,0,0.999706,-0.0242597,0,0.999706,-0.0242597,0,0.999706,-0.0242597,0,0.999706,-0.0242597,0,0.999706,-0.0242597,0,0.999706,-0.0242597,0,0.999706,-0.0242597
38,0,0,-1,0,0,-1,0,0,-1,0,0,-1,0,0,-1,0,0,-1,0,0,-1,0,0,-1,0,0,-1,0,0,-1,0,0,-1
39,0,0.999676,-0.0254468,0,0.999676,-0.0254468,0,0.999676,-0.0254468,0,0.999676,-0.0254468,0,0.999676,-0.0254468,0,0.999676,-0.0254468,0,0.999676,-0.0254468,0,0.999676,-0.0254468,0,0.999676,-0.0254468,0,0.999676,-0.0254468,0,0.999676,-0.0254468
40,0,0,-1,0,0,-1,0,0,-1,0,0,-1,0,0,-1,0,0,-1,0,0,-1,0,0,-1,0,0,-1,0,0,-1,0,0,-1
41,0,0.999676,-0.0254468,0,0.999676,-0.0254468,0,0.999676,-0.0254468,0,0.999676,-0.0254468,0,0.999676,-0.0254468,0,0.999676,-0.0254468,0,0.999676,-0.0254468,0,0.999676,-0.0254468,0,0.999676,-0.0254468,0,0.999676,-0.0254468,0,0.999676,-0.0254468
42,0,0,-1,0,0,-1,0,0,-1,0,0,-1,0,0,-1,0,0,-1,0,0,-1,0,0,-1,0,0,-1,0,0,-1,0,0,-1
43,0.999669,0,-0.0257398,0.999669,0,-0.0257398,0.999669,0,-0.0257398,0.999669,0,-0.0257398,0.999669,0,-0.0257398,0.999669,0,-0.0257398,0.999669,0,-0.0257398,0.999669,0,-0.0257398,0.999669,0,-0.0257398,0.999669,0,-0.0257398,0.999669,0,-0.0257398
44,0,0.999706,-0.0242597,0,0.999706,-0.0242597,0,0.999706,-0.0242597,0,0.999706,-0.0242597,0,0.999706,-0.0242597,0,0.999706,-0.0242597,0,0.999706,-0.0242597,0,0.999706,-0.0242597,0,0.999706,-0.0242597,0,0.999706,-0.0242597,0,0.999706,-0.0242597
45,0,0,-1,0,0,-1,0,0,-1,0,0,-1,0,0,-1,0,0,-1,0,0,-1,0,0,-1,0,0,-1,0,0,-1,0,0,-1
46,0.00139229,-0.99995,-0.00986936,0.00139229,-0.99995,-0.00986936,0.00139229,-0.99995,-0.00986936,0.00139229,-0.99995,-0.00986936,0.00139229,-0.99995,-0.00986936,0.00139229,-0.99995,-0.00986936,0.00139229,-0.99995,-0.00986936,0.00139229,-0.99995,-0.00986936,0.00139229,-0.99995,-0.00986936,0.00139229,-0.99995,-0.00986936,0.00139229,-0.99995,-0.00986936
47,-0.99997,0.00138516,-0.0076052,-0.99997,0.00138516,-0.0076052,-0.99997,0.00138516,-0.0076052,-0.99997,0.00138516,-0.0076052,-0.99997,0.00138516,-0.0076052,-0.99997,0.00138516,-0.0076052,-0.99997,0.00138516,-0.0076052,-0.99997,0.00138516,-0.0076052,-0.99997,0.00138516,-0.0076052,-0.99997,0.00138516,-0.0076052,-0.99997,0.00138516,-0.0076052
48,-0.0011643,-0.999963,-0.00847962,-0.0011643,-0.999963,-0.00847962,-0.0011643,-0.999963,-0.00847962,-0.0011643,-0.999963,-0.00847962,-0.0011643,-0.999963,-0.00847962,-0.0011643,-0.999963,-0.00847962,-0.0011643,-0.999963,-0.00847962,-0.0011643,-0.999963,-0.00847962,-0.0011643,-0.999963,-0.00847962,-0.0011643,-0.999963,-0.00847962,-0.0011643,-0.999963,-0.00847962
49,0,-0.999964,-0.00847711,0,-0.999964,-0.00847711,0,-0.999964,-0.00847711,0,-0.999964,-0.00847711,0,-0.999964,-0.00847711,0,-0.999964,-0.00847711,0,-0.999964,-0.00847711,0,-0.999964,-0.00847711,0,-0.999964,-0.00847711,0,-0.999964,-0.00847711,0,-0.999964,-0.00847711
50,0.00116388,-0.99995,-0.00988455,0.00116388,-0.99995,-0.00988455,0.00116388,-0.99995,-0.00988455,0.00116388,-0.99995,-0.00988455,0.00116388,-0.99995,-0.00988455,0.00116388,-0.99995,-0.00988455,0.00116388,-0.99995,-0.00988455,0.00116388,-0.99995,-0.00988455,0.00116388,-0.99995,-0.00988455,0.00116388,-0.99995,-0.00988455,0.00116388,-0.99995,-0.00988455
51,-0.00138516,-0.99997,-0.0076052,-0.00138516,-0.99997,-0.0076052,-0.00138516,-0.99997,-0.0076052,-0.00138516,-0.99997,-0.0076052,-0.00138516,-0.99997,-0.0076052,-0.00138516,-0.99997,-0.0076052,-0.00138516,-0.99997,-0.0076052,-0.00138516,-0.99997,-0.0076052,-0.00138516,-0.99997,-0.0076052,-0.00138516,-0.99997,-0.0076052,-0.00138516,-0.99997,-0.0076052
52,0.99995,0.00139229,-0.00986936,0.99995,0.00139229,-0.00986936,0.99995,0.00139229,-0.00986936,0.99995,0.00139229,-0.00986936,0.99995,0.00139229,-0.00986936,0.99995,0.00139229,-0.00986936,0.99995,0.00139229,-0.00986936,0.99995,0.00139229,-0.00986936,0.99995,0.00139229,-0.00986936,0.99995,0.00139229,-0.00986936,0.99995,0.00139229,-0.00986936
53,-0.99995,-0.00116388,-0.00988455,-0.99995,-0.00116388,-0.00988455,-0.99995,-0.00116388,-0.00988455,-0.99995,-0.00116388,-0.00988455,-0.99995,-0.00116388,-0.00988455,-0.99995,-0.00116388,-0.00988455,-0.99995,-0.00116388,-0.00988455,-0.99995,-0.00116388,-0.00988455,-0.99995,-0.00116388,-0.00988455,-0.99995,-0.00116388,-0.00988455,-0.99995,-0.00116388,-0.00988455
54,0.999963,-0.0011643,-0.00847962,0.999963,-0.0011643,-0.00847962,0.999963,-0.0011643,-0.00847962,0.999963,-0.0011643,-0.00847962,0.999963,-0.0011643,-0.00847962,0.999963,-0.0011643,-0.00847962,0.999963,-0.0011643,-0.00847962,0.999963,-0.0011643,-0.00847962,0.999963,-0.0011643,-0.00847962,0.999963,-0.0011643,-0.00847962,0.999963,-0.0011643,-0.00847962
55,-0.999964,-0,-0.00847711,-0.999964,-0,-0.00847711,-0.999964,-0,-0.00847711,-0.999964,-0,-0.00847711,-0.999964,-0,-0.00847711,-0.999964,-0,-0.00847711,-0.999964,-0,-0.00847711,-0.999964,-0,-0.00847711,-0.999964,-0,-0.00847711,-0.999964,-0,-0.00847711,-0.999964,-0,-0.00847711
56,0.999964,0,-0.00847711,0.999964,0,-0.00847711,0.999964,0,-0.00847711,0.999964,0,-0.00847711,0.999964,0,-0.00847711,0.999964,0,-0.00847711,0.999964,0,-0.00847711,0.999964,0,-0.00847711,0.999964,0,-0.00847711,0.999964,0,-0.00847711,0.999964,0,-0.00847711
57,-0.999963,0.0011643,-0.00847962,-0.999963,0.0011643,-0.00847962,-0.999963,0.0011643,-0.00847962,-0.999963,0.0011643,-0.00847962,-0.999963,0.0011643,-0.00847962,-0.999963,0.0011643,-0.00847962,-0.999963,0.0011643,-0.00847962,-0.999963,0.0011643,-0.00847962,-0.999963,0.0011643,-0.00847962,-0.999963,0.0011643,-0.00847962,-0.999963,0.0011643,-0.00847962
58,0.99995,0.00116388,-0.00988455,0.99995,0.00116388,-0.00988455,0.99995,0.00116388,-0.00988455,0.99995,0.00116388,-0.00988455,0.99995,0.00116388,-0.00988455,0.99995,0.00116388,-0.00988455,0.99995,0.00116388,-0.00988455,0.99995,0.00116388,-0.00988455,0.99995,0.00116388,-0.00988455,0.99995,0.00116388,-0.00988455,0.99995,0.00116388,-0.00988455
59,0.00138516,0.99997,-0.0076052,0.00138516,0.99997,-0.0076052,0.00138516,0.99997,-0.0076052,0.00138516,0.99997,-0.0076052,0.00138516,0.99997,-0.0076052,0.00138516,0.99997,-0.0076052,0.00138516,0.99997,-0.0076052,0.00138516,0.99997,-0.0076052,0.00138516,0.99997,-0.0076052,0.00138516,0.99997,-0.0076052,0.00138516,0.99997,-0.0076052
60,-0.99995,-0.00139229,-0.00986936,-0.99995,-0.00139229,-0.00986936,-0.99995,-0.00139229,-0.00986936,-0.99995,-0.00139229,-0.00986936,-0.99995,-0.00139229,-0.00986936,-0.99995,-0.00139229,-0.00986936,-0.99995,-0.00139229,-0.00986936,-0.99995,-0.00139229,-0.00986936,-0.99995,-0.00139229,-0.00986936,-0.99995,-0.00139229,-0.00986936,-0.99995,-0.00139229,-0.00986936
61,-0.00116388,0.99995,-0.00988455,-0.00116388,0.99995,-0.00988455,-0.00116388,0.99995,-0.00988455,-0.00116388,0.99995,-0.00988455,-0.00116388,0.99995,-0.00988455,-0.00116388,0.99995,-0.00988455,-0.00116388,0.99995,-0.00988455,-0.00116388,0.99995,-0.00988455,-0.00116388,0.99995,-0.00988455,-0.00116388,0.99995,-0.00988455,-0.00116388,0.99995,-0.00988455
62,0,0.999964,-0.00847711,0,0.999964,-0.00847711,0,0.999964,-0.00847711,0,0.999964,-0.00847711,0,0.999964,-0.00847711,0,0.999964,-0.00847711,0,0.999964,-0.00847711,0,0.999964,-0.00847711,0,0.999964,-0.00847711,0,0.999964,-0.00847711,0,0.999964,-0.00847711
63,0.0011643,0.999963,-0.00847962,0.0011643,0.999963,-0.00847962,0.0011643,0.999963,-0.00847962,0.0011643,0.999963,-0.00847962,0.0011643,0.999963,-0.00847962,0.0011643,0.999963,-0.00847962,0.0011643,0.999963,-0.00847962,0.0011643,0.999963,-0.00847962,0.0011643,0.999963,-0.00847962,0.0011643,0.999963,-0.00847962,0.0011643,0.999963,-0.00847962
64,0.99997,-0.00138516,-0.0076052,0.99997,-0.00138516,-0.0076052,0.99997,-0.00138516,-0.0076052,0.99997,-0.00138516,-0.0076052,0.99997,-0.00138516,-0.0076052,0.99997,-0.00138516,-0.0076052,0.99997,-0.00138516,-0.0076052,0.99997,-0.00138516,-0.0076052,0.99997,-0.00138516,-0.0076052,0.99997,-0.00138516,-0.0076052,0.99997,-0.00138516,-0.0076052
65,-0.00139229,0.99995,-0.00986936,-0.00139229,0.99995,-0.00986936,-0.00139229,0.99995,-0.00986936,-0.00139229,0.99995,-0.00986936,-0.00139229,0.99995,-0.00986936,-0.00139229,0.99995,-0.00986936,-0.00139229,0.99995,-0.00986936,-0.00139229,0.99995,-0.00986936,-0.00139229,0.99995,-0.00986936,-0.00139229,0.99995,-0.00986936,-0.00139229,0.99995,-0.00986936
66,-0.000806446,-0.999994,-0.00332339,-0.000806446,-0.999994,-0.00332339,-0.000806446,-0.999994,-0.00332339,-0.000806446,-0.999994,-0.00332339,-0.000806446,-0.999994,-0.00332339,-0.000806446,-0.999994,-0.00332339,-0.000806446,-0.999994,-0.00332339,-0.000806446,-0.999994,-0.00332339,-0.000806446,-0.999994,-0.00332339,-0.000806446,-0.999994,-0.00332339,-0.000806446,-0.999994,-0.00332339
67,-0.999995,-0.000806893,-0.00320408,-0.999995,-0.000806893,-0.00320408,-0.999995,-0.000806893,-0.00320408,-0.999995,-0.000806893,-0.00320408,-0.999995,-0.000806893,-0.00320408,-0.999995,-0.000806893,-0.00320408,-0.999995,-0.000806893,-0.00320408,-0.999995,-0.000806893,-0.00320408,-0.999995,-0.000806893,-0.00320408,-0.999995,-0.000806893,-0.00320408,-0.999995,-0.000806893,-0.00320408
68,0.00017963,-0.999994,-0.00350914,0.00017963,-0.999994,-0.00350914,0.00017963,-0.999994,-0.00350914,0.00017963,-0.999994,-0.00350914,0.00017963,-0.999994,-0.00350914,0.00017963,-0.999994,-0.00350914,0.00017963,-0.999994,-0.00350914,0.00017963,-0.999994,-0.00350914,0.00017963,-0.999994,-0.00350914,0.00017963,-0.999994,-0.00350914,0.00017963,-0.999994,-0.00350914
69,0,-0.999994,-0.0035093,0,-0.999994,-0.0035093,0,-0.999994,-0.0035093,0,-0.999994,-0.0035093,0,-0.999994,-0.0035093,0,-0.999994,-0.0035093,0,-0.999994,-0.0035093,0,-0.999994,-0.0035093,0,-0.999994,-0.0035093,0,-0.999994,-0.0035093,0,-0.999994,-0.0035093
70,-0.0001794,-0.999995,-0.00332115,-0.0001794,-0.999995,-0.00332115,-0.0001794,-0.999995,-0.00332115,-0.0001794,-0.999995,-0.00332115,-0.0001794,-0.999995,-0.00332115,-0.0001794,-0.999995,-0.00332115,-0.0001794,-0.999995,-0.00332115,-0.0001794,-0.999995,-0.00332115,-0.0001794,-0.999995,-0.00332115,-0.0001794,-0.999995,-0.00332115,-0.0001794,-0.999995,-0.00332115
71,0.000806893,-0.999995,-0.00320408,0.000806893,-0.999995,-0.00320408,0.000806893,-0.999995,-0.00320408,0.000806893,-0.999995,-0.00320408,0.000806893,-0.999995,-0.00320408,0.000806893,-0.999995,-0.00320408,0.000806893,-0.999995,-0.00320408,0.000806893,-0.999995,-0.00320408,0.000806893,-0.999995,-0.00320408,0.000806893,-0.999995,-0.00320408,0.000806893,-0.999995,-0.00320408
72,0.999994,-0.000806446,-0.00332339,0.999994,-0.000806446,-0.00332339,0.999994,-0.000806446,-0.00332339,0.999994,-0.000806446,-0.00332339,0.999994,-0.000806446,-0.00332339,0.999994,-0.000806446,-0.00332339,0.999994,-0.000806446,-0.00332339,0.999994,-0.000806446,-0.00332339,0.999994,-0.000806446,-0.00332339,0.999994,-0.000806446,-0.00332339,0.999994,-0.000806446,-0.00332339
73,-0.999995,0.0001794,-0.00332115,-0.999995,0.0001794,-0.00332115,-0.999995,0.0001794,-0.00332115,-0.999995,0.0001794,-0.00332115,-0.999995,0.0001794,-0.00332115,-0.999995,0.0001794,-0.00332115,-0.999995,0.0001794,-0.00332115,-0.999995,0.0001794,-0.00332115,-0.999995,0.0001794,-0.00332115,-0.999995,0.0001794,-0.00332115,-0.999995,0.0001794,-0.00332115
74,0.999994,0.00017963,-0.00350914,0.999994,0.00017963,-0.00350914,0.999994,0.00017963,-0.00350914,0.999994,0.00017963,-0.00350914,0.999994,0.00017963,-0.00350914,0.999994,0.00017963,-0.00350914,0.999994,0.00017963,-0.00350914,0.999994,0.00017963,-0.00350914,0.999994,0.00017963,-0.00350914,0.999994,0.00017963,-0.00350914,0.999994,0.00017963,-0.00350914
75,-0.999994,-0,-0.0035093,-0.999994,-0,-0.0035093,-0.999994,-0,-0.0035093,-0.999994,-0,-0.0035093,-0.999994,-0,-0.0035093,-0.999994,-0,-0.0035093,-0.999994,-0,-0.0035093,-0.999994,-0,-0.0035093,-0.999994,-0,-0.0035093,-0.999994,-0,-0.0035093,-0.999994,-0,-0.0035093
76,0.999994,0,-0.0035093,0.999994,0,-0.0035093,0.999994,0,-0.0035093,0.999994,0,-0.0035093,0.999994,0,-0.0035093,0.999994,0,-0.0035093,0.999994,0,-0.0035093,0.999994,0,-0.0035093,0.999994,0,-0.0035093,0.999994,0,-0.0035093,0.999994,0,-0.0035093
77,-0.999994,-0.00017963,-0.00350914,-0.999994,-0.00017963,-0.00350914,-0.999994,-0.00017963,-0.00350914,-0.999994,-0.00017963,-0.00350914,-0.999994,-0.00017963,-0.00350914,-0.999994,-0.00017963,-0.00350914,-0.999994,-0.00017963,-0.00350914,-0.999994,-0.00017963,-0.00350914,-0.999994,-0.00017963,-0.00350914,-0.999994,-0.00017963,-0.00350914,-0.999994,-0.00017963,-0.00350914
78,0.999995,-0.0001794,-0.00332115,0.999995,-0.0001794,-0.00332115,0.999995,-0.0001794,-0.00332115,0.999995,-0.0001794,-0.00332115,0.999995,-0.0001794,-0.00332115,0.999995,-0.0001794,-0.00332115,0.999995,-0.0001794,-0.00332115,0.999995,-0.0001794,-0.00332115,0.999995,-0.0001794,-0.00332115,0.999995,-0.0001794,-0.00332115,0.999995,-0.0001794,-0.00332115
79,-0.000806893,0.999995,-0.00320408,-0.000806893,0.999995,-0.00320408,-0.000806893,0.999995,-0.00320408,-0.000806893,0.999995,-0.00320408,-0.000806893,0.999995,-0.00320408,-0.000806893,0.999995,-0.00320408,-0.000806893,0.999995,-0.00320408,-0.000806893,0.999995,-0.00320408,-0.000806893,0.999995,-0.00320408,-0.000806893,0.999995,-0.00320408,-0.000806893,0.999995,-0.00320408
80,-0.999994,0.000806446,-0.00332339,-0.999994,0.000806446,-0.00332339,-0.999994,0.000806446,-0.00332339,-0.999994,0.000806446,-0.00332339,-0.999994,0.000806446,-0.00332339,-0.999994,0.000806446,-0.00332339,-0.999994,0.000806446,-0.00332339,-0.999994,0.000806446,-0.00332339,-0.999994,0.000806446,-0.00332339,-0.999994,0.000806446,-0.00332339,-0.999994,0.000806446,-0.00332339
81,0.0001794,0.999995,-0.00332115,0.0001794,0.999995,-0.00332115,0.0001794,0.999995,-0.00332115,0.0001794,0.999995,-0.00332115,0.0001794,0.999995,-0.00332115,0.0001794,0.999995,-0.00332115,0.0001794,0.999995,-0.00332115,0.0001794,0.999995,-0.00332115,0.0001794,0.999995,-0.00332115,0.0001794,0.999995,-0.00332115,0.0001794,0.999995,-0.00332115
82,0,0.999994,-0.0035093,0,0.999994,-0.0035093,0,0.999994,-0.0035093,0,0.999994,-0.0035093,0,0.999994,-0.0035093,0,0.999994,-0.0035093,0,0.999994,-0.0035093,0,0.999994,-0.0035093,0,0.999994,-0.0035093,0,0.999994,-0.0035093,0,0.999994,-0.0035093
83,-0.00017963,0.999994,-0.00350914,-0.00017963,0.999994,-0.00350914,-0.00017963,0.999994,-0.00350914,-0.00017963,0.999994,-0.00350914,-0.00017963,0.999994,-0.00350914,-0.00017963,0.999994,-0.00350914,-0.00017963,0.999994,-0.00350914,-0.00017963,0.999994,-0.00350914,-0.00017963,0.999994,-0.00350914,-0.00017963,0.999994,-0.00350914,-0.00017963,0.999994,-0.00350914
84,0.999995,0.000806893,-0.00320408,0.999995,0.000806893,-0.00320408,0.999995,0.000806893,-0.00320408,0.999995,0.000806893,-0.00320408,0.999995,0.000806893,-0.00320408,0.999995,0.000806893,-0.00320408,0.999995,0.000806893,-0.00320408,0.999995,0.000806893,-0.00320408,0.999995,0.000806893,-0.00320408,0.999995,0.000806893,-0.00320408,0.999995,0.000806893,-0.00320408
85,0.000806446,0.999994,-0.00332339,0.000806446,0.999994,-0.00332339,0.000806446,0.999994,-0.00332339,0.000806446,0.999994,-0.00332339,0.000806446,0.999994,-0.00332339,0.000806446,0.999994,-0.00332339,0.000806446,0.999994,-0.00332339,0.000806446,0.999994,-0.00332339,0.000806446,0.999994,-0.00332339,0.000806446,0.999994,-0.00332339,0.000806446,0.999994,-0.00332339
86,-0.000926699,-0.999999,-0.0011477,-0.000926699,-0.999999,-0.0011477,-0.000926699,-0.999999,-0.0011477,-0.000926699,-0.999999,-0.0011477,-0.000926699,-0.999999,-0.0011477,-0.000926699,-0.999999,-0.0011477,-0.000926699,-0.999999,-0.0011477,-0.000926699,-0.999999,-0.0011477,-0.000926699,-0.999999,-0.0011477,-0.000926699,-0.999999,-0.0011477,-0.000926699,-0.999999,-0.0011477
87,-0.999998,-0.000925466,-0.0015961,-0.999998,-0.000925466,-0.0015961,-0.999998,-0.000925466,-0.0015961,-0.999998,-0.000925466,-0.0015961,-0.999998,-0.000925466,-0.0015961,-0.999998,-0.000925466,-0.0015961,-0.999998,-0.000925466,-0.0015961,-0.999998,-0.000925466,-0.0015961,-0.999998,-0.000925466,-0.0015961,-0.999998,-0.000925466,-0.0015961,-0.999998,-0.000925466,-0.0015961
88,-3.37791e-06,-0.999999,-0.00131165,-3.37791e-06,-0.999999,-0.00131165,-3.37791e-06,-0.999999,-0.00131165,-3.37791e-06,-0.999999,-0.00131165,-3.37791e-06,-0.999999,-0.00131165,-3.37791e-06,-0.999999,-0.00131165,-3.37791e-06,-0.999999,-0.00131165,-3.37791e-06,-0.999999,-0.00131165,-3.37791e-06,-0.999999,-0.00131165,-3.37791e-06,-0.999999,-0.00131165,-3.37791e-06,-0.999999,-0.00131165
89,0,-0.999999,-0.00131165,0,-0.999999,-0.00131165,0,-0.999999,-0.00131165,0,-0.999999,-0.00131165,0,-0.999999,-0.00131165,0,-0.999999,-0.00131165,0,-0.999999,-0.00131165,0,-0.999999,-0.00131165,0,-0.999999,-0.00131165,0,-0.999999,-0.00131165,0,-0.999999,-0.00131165
90,3.6179e-06,-0.999999,-0.00114685,3.6179e-06,-0.999999,-0.00114685,3.6179e-06,-0.999999,-0.00114685,3.6179e-06,-0.999999,-0.00114685,3.6179e-06,-0.999999,-0.00114685,3.6179e-06,-0.999999,-0.00114685,3.6179e-06,-0.999999,-0.00114685,3.6179e-06,-0.999999,-0.00114685,3.6179e-06,-0.999999,-0.00114685,3.6179e-06,-0.999999,-0.00114685,3.6179e-06,-0.999999,-0.00114685
91,0.000925466,-0.999998,-0.0015961,0.000925466,-0.999998,-0.0015961,0.000925466,-0.999998,-0.0015961,0.000925466,-0.999998,-0.0015961,0.000925466,-0.999998,-0.0015961,0.000925466,-0.999998,-0.0015961,0.000925466,-0.999998,-0.0015961,0.000925466,-0.999998,-0.0015961,0.000925466,-0.999998,-0.0015961,0.000925466,-0.999998,-0.0015961,0.000925466,-0.999998,-0.0015961
92,0.999999,-0.000926699,-0.0011477,0.999999,-0.000926699,-0.0011477,0.999999,-0.000926699,-0.0011477,0.999999,-0.000926699,-0.0011477,0.999999,-0.000926699,-0.0011477,0.999999,-0.000926699,-0.0011477,0.999999,-0.000926699,-0.0011477,0.999999,-0.000926699,-0.0011477,0.999999,-0.000926699,-0.0011477,0.999999,-0.000926699,-0.0011477,0.999999,-0.000926699,-0.0011477
93,-0.999999,-3.6179e-06,-0.00114685,-0.999999,-3.6179e-06,-0.00114685,-0.999999,-3.6179e-06,-0.00114685,-0.999999,-3.6179e-06,-0.00114685,-0.999999,-3.6179e-06,-0.00114685,-0.999999,-3.6179e-06,-0.00114685,-0.999999,-3.6179e-06,-0.00114685,-0.999999,-3.6179e-06,-0.00114685,-0.999999,-3.6179e-06,-0.00114685,-0.999999,-3.6179e-06,-0.00114685,-0.999999,-3.6179e-06,-0.00114685
94,0.999999,-3.37791e-06,-0.00131165,0.999999,-3.37791e-06,-0.00131165,0.999999,-3.37791e-06,-0.00131165,0.999999,-3.37791e-06,-0.00131165,0.999999,-3.37791e-06,-0.00131165,0.999999,-3.37791e-06,-0.00131165,0.999999,-3.37791e-06,-0.00131165,0.999999,-3.37791e-06,-0.00131165,0.999999,-3.37791e-06,-0.00131165,0.999999,-3.37791e-06,-0.00131165,0.999999,-3.37791e-06,-0.00131165
95,-0.999999,-0,-0.00131165,-0.999999,-0,-0.00131165,-0.999999,-0,-0.00131165,-0.999999,-0,-0.00131165,-0.999999,-0,-0.00131165,-0.999999,-0,-0.00131165,-0.999999,-0,-0.00131165,-0.999999,-0,-0.00131165,-0.999999,-0,-0.00131165,-0.999999,-0,-0.00131165,-0.999999,-0,-0.00131165
96,0.999999,0,-0.00131165,0.999999,0,-0.00131165,0.999999,0,-0.00131165,0.999999,0,-0.00131165,0.999999,0,-0.00131165,0.999999,0,-0.00131165,0.999999,0,-0.00131165,0.999999,0,-0.00131165,0.999999,0,-0.00131165,0.999999,0,-0.00131165,0.999999,0,-0.00131165
97,-0.999999,3.37791e-06,-0.00131165,-0.999999,3.37791e-06,-0.00131165,-0.999999,3.37791e-06,-0.00131165,-0.999999,3.37791e-06,-0.00131165,-0.999999,3.37791e-06,-0.00131165,-0.999999,3.37791e-06,-0.00131165,-0.999999,3.37791e-06,-0.00131165,-0.999999,3.37791e-06,-0.00131165,-0.999999,3.37791e-06,-0.00131165,-0.999999,3.37791e-06,-0.00131165,-0.999999,3.37791e-06,-0.00131165
98,0.999999,3.6179e-06,-0.00114685,0.999999,3.6179e-06,-0.00114685,0.999999,3.6179e-06,-0.00114685,0.999999,3.6179e-06,-0.00114685,0.999999,3.6179e-06,-0.00114685,0.999999,3.6179e-06,-0.00114685,0.999999,3.6179e-06,-0.00114685,0.999999,3.6179e-06,-0.00114685,0.999999,3.6179e-06,-0.00114685,0.999999,3.6179e-06,-0.00114685,0.999999,3.6179e-06,-0.00114685
99,-0.000925466,0.999998,-0.0015961,-0.000925466,0.999998,-0.0015961,-0.000925466,0.999998,-0.0015961,-0.000925466,0.999998,-0.0015961,-0.000925466,0.999998,-0.0015961,-0.000925466,0.999998,-0.0015961,-0.000925466,0.999998,-0.0015961,-0.000925466,0.999998,-0.0015961,-0.000925466,0.999998,-0.0015961,-0.000925466,0.999998,-0.0015961,-0.000925466,0.999998,-0.0015961
100,-0.999999,0.000926699,-0.0011477,-0.999999,0.000926699,-0.0011477,-0.999999,0.000926699,-0.0011477,-0.999999,0.000926699,-0.0011477,-0.999999,0.000926699,-0.0011477,-0.999999,0.000926699,-0.0011477,-0.999999,0.000926699,-0.0011477,-0.999999,0.000926699,-0.0011477,-0.999999,0.000926699,-0.0011477,-0.999999,0.000926699,-0.0011477,-0.999999,0.000926699,-0.0011477
101,-3.6179e-06,0.999999,-0.00114685,-3.6179e-06,0.999999,-0.00114685,-3.6179e-06,0.999999,-0.00114685,-3.6179e-06,0.999999,-0.00114685,-3.6179e-06,0.999999,-0.00114685,-3.6179e-06,0.999999,-0.00114685,-3.6179e-06,0.999999,-0.00114685,-3.6179e-06,0.999999,-0.00114685,-3.6179e-06,0.999999,-0.00114685,-3.6179e-06,0.999999,-0.00114685,-3.6179e-06,0.999999,-0.00114685
102,0,0.999999,-0.00131165,0,0.999999,-0.00131165,0,0.999999,-0.00131165,0,0.999999,-0.00131165,0,0.999999,-0.00131165,0,0.999999,-0.00131165,0,0.999999,-0.00131165,0,0.999999,-0.00131165,0,0.999999,-0.00131165,0,0.999999,-0.00131165,0,0.999999,-0.00131165
103,3.37791e-06,0.999999,-0.00131165,3.37791e-06,0.999999,-0.00131165,3.37791e-06,0.999999,-0.00131165,3.37791e-06,0.999999,-0.00131165,3.37791e-06,0.999999,-0.00131165,3.37791e-06,0.999999,-0.00131165,3.37791e-06,0.999999,-0.00131165,3.37791e-06,0.999999,-0.00131165,3.37791e-06,0.999999,-0.00131165,3.37791e-06,0.999999,-0.00131165,3.37791e-06,0.999999,-0.00131165
104,0.999998,0.000925466,-0.0015961,0.999998,0.000925466,-0.0015961,0.999998,0.000925466,-0.0015961,0.999998,0.000925466,-0.0015961,0.999998,0.000925466,-0.0015961,0.999998,0.000925466,-0.0015961,0.999998,0.000925466,-0.0015961,0.999998,0.000925466,-0.0015961,0.999998,0.000925466,-0.0015961,0.999998,0.000925466,-0.0015961,0.999998,0.000925466,-0.0015961
105,0.000926699,0.999999,-0.0011477,0.000926699,0.999999,-0.0011477,0.000926699,0.999999,-0.0011477,0.000926699,0.999999,-0.0011477,0.000926699,0.999999,-0.0011477,0.000926699,0.999999,-0.0011477,0.000926699,0.999999,-0.0011477,0.000926699,0.999999,-0.0011477,0.000926699,0.999999,-0.0011477,0.000926699,0.999999,-0.0011477,0.000926699,0.999999,-0.0011477
106,-0.000499163,-1,-0.000670642,-0.000499163,-1,-0.000670642,-0.000499163,-1,-0.000670642,-0.000499163,-1,-0.000670642,-0.000499163,-1,-0.000670642,-0.000499163,-1,-0.000670642,-0.000499163,-1,-0.000670642,-0.000499163,-1,-0.000670642,-0.000499163,-1,-0.000670642,-0.000499163,-1,-0.000670642,-0.000499163,-1,-0.000670642
107,-0.999999,-0.000498476,-0.00102749,-0.999999,-0.000498476,-0.00102749,-0.999999,-0.000498476,-0.00102749,-0.999999,-0.000498476,-0.00102749,-0.999999,-0.000498476,-0.00102749,-0.999999,-0.000498476,-0.00102749,-0.999999,-0.000498476,-0.00102749,-0.999999,-0.000498476,-0.00102749,-0.999999,-0.000498476,-0.00102749,-0.999999,-0.000498476,-0.00102749,-0.999999,-0.000498476,-0.00102749
108,-0.0014697,-0.00153521,0.999998,-0.0014697,-0.00153521,0.999998,-0.0014697,-0.00153521,0.999998,-0.0014697,-0.00153521,0.999998,-0.0014697,-0.00153521,0.999998,-0.0014697,-0.00153521,0.999998,-0.0014697,-0.00153521,0.999998,-0.0014697,-0.00153521,0.999998,-0.0014697,-0.00153521,0.999998,-0.0014697,-0.00153521,0.999998,-0.0014697,-0.00153521,0.999998
109,-0.000161781,-1,-0.000450617,-0.000161781,-1,-0.000450617,-0.000161781,-1,-0.000450617,-0.000161781,-1,-0.000450617,-0.000161781,-1,-0.000450617,-0.000161781,-1,-0.000450617,-0.000161781,-1,-0.000450617,-0.000161781,-1,-0.000450617,-0.000161781,-1,-0.000450617,-0.000161781,-1,-0.000450617,-0.000161781,-1,-0.000450617
110,-0.00104973,-0.00159274,0.999998,-0.00104973,-0.00159274,0.999998,-0.00104973,-0.00159274,0.999998,-0.00104973,-0.00159274,0.999998,-0.00104973,-0.00159274,0.999998,-0.00104973,-0.00159274,0.999998,-0.00104973,-0.00159274,0.999998,-0.00104973,-0.00159274,0.999998,-0.00104973,-0.00159274,0.999998,-0.00104973,-0.00159274,0.999998,-0.00104973,-0.00159274,0.999998
111,0,-1,-0.000450576,0,-1,-0.000450576,0,-1,-0.000450576,0,-1,-0.000450576,0,-1,-0.000450576,0,-1,-0.000450576,0,-1,-0.000450576,0,-1,-0.000450576,0,-1,-0.000450576,0,-1,-0.000450576,0,-1,-0.000450576
112,0,-0.00159271,0.999999,0,-0.00159271,0.999999,0,-0.00159271,0.999999,0,-0.00159271,0.999999,0,-0.00159271,0.999999,0,-0.00159271,0.999999,0,-0.00159271,0.999999,0,-0.00159271,0.999999,0,-0.00159271,0.999999,0,-0.00159271,0.999999,0,-0.00159271,0.999999
113,0.000161496,-1,-0.000670411,0.000161496,-1,-0.000670411,0.000161496,-1,-0.000670411,0.000161496,-1,-0.000670411,0.000161496,-1,-0.000670411,0.000161496,-1,-0.000670411,0.000161496,-1,-0.000670411,0.000161496,-1,-0.000670411,0.000161496,-1,-0.000670411,0.000161496,-1,-0.000670411,0.000161496,-1,-0.000670411
114,0.00104974,-0.00153518,0.999998,0.00104974,-0.00153518,0.999998,0.00104974,-0.00153518,0.999998,0.00104974,-0.00153518,0.999998,0.00104974,-0.00153518,0.999998,0.00104974,-0.00153518,0.999998,0.00104974,-0.00153518,0.999998,0.00104974,-0.00153518,0.999998,0.00104974,-0.00153518,0.999998,0.00104974,-0.00153518,0.999998,0.00104974,-0.00153518,0.999998
115,0.000498476,-0.999999,-0.00102749,0.000498476,-0.999999,-0.00102749,0.000498476,-0.999999,-0.00102749,0.000498476,-0.999999,-0.00102749,0.000498476,-0.999999,-0.00102749,0.000498476,-0.999999,-0.00102749,0.000498476,-0.999999,-0.00102749,0.000498476,-0.999999,-0.00102749,0.000498476,-0.999999,-0.00102749,0.000498476,-0.999999,-0.00102749,0.000498476,-0.999999,-0.00102749
116,1,-0.000499163,-0.000670642,1,-0.000499163,-0.000670642,1,-0.000499163,-0.000670642,1,-0.000499163,-0.000670642,1,-0.000499163,-0.000670642,1,-0.000499163,-0.000670642,1,-0.000499163,-0.000670642,1,-0.000499163,-0.000670642,1,-0.000499163,-0.000670642,1,-0.000499163,-0.000670642,1,-0.000499163,-0.000670642
117,0.00146969,-0.00146969,0.999998,0.00146969,-0.00146969,0.999998,0.00146969,-0.00146969,0.999998,0.00146969,-0.00146969,0.999998,0.00146969,-0.00146969,0.999998,0.00146969,-0.00146969,0.999998,0.00146969,-0.00146969,0.999998,0.00146969,-0.00146969,0.999998,0.00146969,-0.00146969,0.999998,0.00146969,-0.00146969,0.999998,0.00146969,-0.00146969,0.999998
118,-1,-0.000161496,-0.000670411,-1,-0.000161496,-0.000670411,-1,-0.000161496,-0.000670411,-1,-0.000161496,-0.000670411,-1,-0.000161496,-0.000670411,-1,-0.000161496,-0.000670411,-1,-0.000161496,-0.000670411,-1,-0.000161496,-0.000670411,-1,-0.000161496,-0.000670411,-1,-0.000161496,-0.000670411,-1,-0.000161496,-0.000670411
119,-0.00153518,-0.00110727,0.999998,-0.00153518,-0.00110727,0.999998,-0.00153518,-0.00110727,0.999998,-0.00153518,-0.00110727,0.999998,-0.00153518,-0.00110727,0.999998,-0.00153518,-0.00110727,0.999998,-0.00153518,-0.00110727,0.999998,-0.00153518,-0.00110727,0.999998,-0.00153518,-0.00110727,0.999998,-0.00153518,-0.00110727,0.999998,-0.00153518,-0.00110727,0.999998
120,-0.00110727,-0.00102099,0.999999,-0.00110727,-0.00102099,0.999999,-0.00110727,-0.00102099,0.999999,-0.00110727,-0.00102099,0.999999,-0.00110727,-0.00102099,0.999999,-0.00110727,-0.00102099,0.999999,-0.00110727,-0.00102099,0.999999,-0.00110727,-0.00102099,0.999999,-0.00110727,-0.00102099,0.999999,-0.00110727,-0.00102099,0.999999,-0.00110727,-0.00102099,0.999999
121,0,-0.00102099,0.999999,0,-0.00102099,0.999999,0,-0.00102099,0.999999,0,-0.00102099,0.999999,0,-0.00102099,0.999999,0,-0.00102099,0.999999,0,-0.00102099,0.999999,0,-0.00102099,0.999999,0,-0.00102099,0.999999,0,-0.00102099,0.999999,0,-0.00102099,0.999999
122,0.00110727,-0.00110727,0.999999,0.00110727,-0.00110727,0.999999,0.00110727,-0.00110727,0.999999,0.00110727,-0.00110727,0.999999,0.00110727,-0.00110727,0.999999,0.00110727,-0.00110727,0.999999,0.00110727,-0.00110727,0.999999,0.00110727,-0.00110727,0.999999,0.00110727,-0.00110727,0.999999,0.00110727,-0.00110727,0.999999,0.00110727,-0.00110727,0.999999
123,1,-0.000161781,-0.000450617,1,-0.000161781,-0.000450617,1,-0.000161781,-0.000450617,1,-0.000161781,-0.000450617,1,-0.000161781,-0.000450617,1,-0.000161781,-0.000450617,1,-0.000161781,-0.000450617,1,-0.000161781,-0.000450617,1,-0.000161781,-0.000450617,1,-0.000161781,-0.000450617,1,-0.000161781,-0.000450617
124,0.00153518,-0.00104974,0.999998,0.00153518,-0.00104974,0.999998,0.00153518,-0.00104974,0.999998,0.00153518,-0.00104974,0.999998,0.00153518,-0.00104974,0.999998,0.00153518,-0.00104974,0.999998,0.00153518,-0.00104974,0.999998,0.00153518,-0.00104974,0.999998,0.00153518,-0.00104974,0.999998,0.00153518,-0.00104974,0.999998,0.00153518,-0.00104974,0.999998
125,-1,-0,-0.000450576,-1,-0,-0.000450576,-1,-0,-0.000450576,-1,-0,-0.000450576,-1,-0,-0.000450576,-1,-0,-0.000450576,-1,-0,-0.000450576,-1,-0,-0.000450576,-1,-0,-0.000450576,-1,-0,-0.000450576,-1,-0,-0.000450576
126,-0.00159271,0,0.999999,-0.00159271,0,0.999999,-0.00159271,0,0.999999,-0.00159271,0,0.999999,-0.00159271,0,0.999999,-0.00159271,0,0.999999,-0.00159271,0,0.999999,-0.00159271,0,0.999999,-0.00159271,0,0.999999,-0.00159271,0,0.999999,-0.00159271,0,0.999999
127,-0.00102099,0,0.999999,-0.00102099,0,0.999999,-0.00102099,0,0.999999,-0.00102099,0,0.999999,-0.00102099,0,0.999999,-0.00102099,0,0.999999,-0.00102099,0,0.999999,-0.00102099,0,0.999999,-0.00102099,0,0.999999,-0.00102099,0,0.999999,-0.00102099,0,0.999999
128,0,0,1,0,0,1,0,0,1,0,0,1,0,0,1,0,0,1,0,0,1,0,0,1,0,0,1,0,0,1,0,0,1
129,0.00102099,0,0.999999,0.00102099,0,0.999999,0.00102099,0,0.999999,0.00102099,0,0.999999,0.00102099,0,0.999999,0.00102099,0,0.999999,0.00102099,0,0.999999,0.00102099,0,0.999999,0.00102099,0,0.999999,0.00102099,0,0.999999,0.00102099,0,0.999999
130,1,0,-0.000450576,1,0,-0.000450576,1,0,-0.000450576,1,0,-0.000450576,1,0,-0.000450576,1,0,-0.000450576,1,0,-0.000450576,1,0,-0.000450576,1,0,-0.000450576,1,0,-0.000450576,1,0,-0.000450576
131,0.00159271,0,0.999999,0.00159271,0,0.999999,0.00159271,0,0.999999,0.00159271,0,0.999999,0.00159271,0,0.999999,0.00159271,0,0.999999,0.00159271,0,0.999999,0.00159271,0,0.999999,0.00159271,0,0.999999,0.00159271,0,0.999999,0.00159271,0,0.999999
132,-1,0.000161781,-0.000450617,-1,0.000161781,-0.000450617,-1,0.000161781,-0.000450617,-1,0.000161781,-0.000450617,-1,0.000161781,-0.000450617,-1,0.000161781,-0.000450617,-1,0.000161781,-0.000450617,-1,0.000161781,-0.000450617,-1,0.000161781,-0.000450617,-1,0.000161781,-0.000450617,-1,0.000161781,-0.000450617
133,-0.00159274,0.00110727,0.999998,-0.00159274,0.00110727,0.999998,-0.00159274,0.00110727,0.999998,-0.00159274,0.00110727,0.999998,-0.00159274,0.00110727,0.999998,-0.00159274,0.00110727,0.999998,-0.00159274,0.00110727,0.999998,-0.00159274,0.00110727,0.999998,-0.00159274,0.00110727,0.999998,-0.00159274,0.00110727,0.999998,-0.00159274,0.00110727,0.999998
134,-0.00102099,0.00102099,0.999999,-0.00102099,0.00102099,0.999999,-0.00102099,0.00102099,0.999999,-0.00102099,0.00102099,0.999999,-0.00102099,0.00102099,0.999999,-0.00102099,0.00102099,0.999999,-0.00102099,0.00102099,0.999999,-0.00102099,0.00102099,0.999999,-0.00102099,0.00102099,0.999999,-0.00102099,0.00102099,0.999999,-0.00102099,0.00102099,0.999999
135,-0,0.00102099,0.999999,-0,0.00102099,0.999999,-0,0.00102099,0.999999,-0,0.00102099,0.999999,-0,0.00102099,0.999999,-0,0.00102099,0.999999,-0,0.00102099,0.999999,-0,0.00102099,0.999999,-0,0.00102099,0.999999,-0,0.00102099,0.999999,-0,0.00102099,0.999999
136,0.00102099,0.00110727,0.999999,0.00102099,0.00110727,0.999999,0.00102099,0.00110727,0.999999,0.00102099,0.00110727,0.999999,0.00102099,0.00110727,0.999999,0.00102099,0.00110727,0.999999,0.00102099,0.00110727,0.999999,0.00102099,0.00110727,0.999999,0.00102099,0.00110727,0.999999,0.00102099,0.00110727,0.999999,0.00102099,0.00110727,0.999999
137,1,0.000161496,-0.000670411,1,0.000161496,-0.000670411,1,0.000161496,-0.000670411,1,0.000161496,-0.000670411,1,0.000161496,-0.000670411,1,0.000161496,-0.000670411,1,0.000161496,-0.000670411,1,0.000161496,-0.000670411,1,0.000161496,-0.000670411,1,0.000161496,-0.000670411,1,0.000161496,-0.000670411
138,0.00159274,0.00104973,0.999998,0.00159274,0.00104973,0.999998,0.00159274,0.00104973,0.999998,0.00159274,0.00104973,0.999998,0.00159274,0.00104973,0.999998,0.00159274,0.00104973,0.999998,0.00159274,0.00104973,0.999998,0.00159274,0.00104973,0.999998,0.00159274,0.00104973,0.999998,0.00159274,0.00104973,0.999998,0.00159274,0.00104973,0.999998
139,-0.000498476,0.999999,-0.00102749,-0.000498476,0.999999,-0.00102749,-0.000498476,0.999999,-0.00102749,-0.000498476,0.999999,-0.00102749,-0.000498476,0.999999,-0.00102749,-0.000498476,0.999999,-0.00102749,-0.000498476,0.999999,-0.00102749,-0.000498476,0.999999,-0.00102749,-0.000498476,0.999999,-0.00102749,-0.000498476,0.999999,-0.00102749,-0.000498476,0.999999,-0.00102749
140,-1,0.000499163,-0.000670642,-1,0.000499163,-0.000670642,-1,0.000499163,-0.000670642,-1,0.000499163,-0.000670642,-1,0.000499163,-0.000670642,-1,0.000499163,-0.000670642,-1,0.000499163,-0.000670642,-1,0.000499163,-0.000670642,-1,0.000499163,-0.000670642,-1,0.000499163,-0.000670642,-1,0.000499163,-0.000670642
141,-0.00153522,0.00153522,0.999998,-0.00153522,0.00153522,0.999998,-0.00153522,0.00153522,0.999998,-0.00153522,0.00153522,0.999998,-0.00153522,0.00153522,0.999998,-0.00153522,0.00153522,0.999998,-0.00153522,0.00153522,0.999998,-0.00153522,0.00153522,0.999998,-0.00153522,0.00153522,0.999998,-0.00153522,0.00153522,0.999998,-0.00153522,0.00153522,0.999998
142,-0.000161496,1,-0.000670411,-0.000161496,1,-0.000670411,-0.000161496,1,-0.000670411,-0.000161496,1,-0.000670411,-0.000161496,1,-0.000670411,-0.000161496,1,-0.000670411,-0.000161496,1,-0.000670411,-0.000161496,1,-0.000670411,-0.000161496,1,-0.000670411,-0.000161496,1,-0.000670411,-0.000161496,1,-0.000670411
143,-0.00110727,0.00159274,0.999998,-0.00110727,0.00159274,0.999998,-0.00110727,0.00159274,0.999998,-0.00110727,0.00159274,0.999998,-0.00110727,0.00159274,0.999998,-0.00110727,0.00159274,0.999998,-0.00110727,0.00159274,0.999998,-0.00110727,0.00159274,0.999998,-0.00110727,0.00159274,0.999998,-0.00110727,0.00159274,0.999998,-0.00110727,0.00159274,0.999998
144,0,1,-0.000450576,0,1,-0.000450576,0,1,-0.000450576,0,1,-0.000450576,0,1,-0.000450576,0,1,-0.000450576,0,1,-0.000450576,0,1,-0.000450576,0,1,-0.000450576,0,1,-0.000450576,0,1,-0.000450576
145,-0,0.00159271,0.999999,-0,0.00159271,0.999999,-0,0.00159271,0.999999,-0,0.00159271,0.999999,-0,0.00159271,0.999999,-0,0.00159271,0.999999,-0,0.00159271,0.999999,-0,0.00159271,0.999999,-0,0.00159271,0.999999,-0,0.00159271,0.999999,-0,0.00159271,0.999999
146,0.000161781,1,-0.000450617,0.000161781,1,-0.000450617,0.000161781,1,-0.000450617,0.000161781,1,-0.000450617,0.000161781,1,-0.000450617,0.000161781,1,-0.000450617,0.000161781,1,-0.000450617,0.000161781,1,-0.000450617,0.000161781,1,-0.000450617,0.000161781,1,-0.000450617,0.000161781,1,-0.000450617
147,0.00110727,0.00153518,0.999998,0.00110727,0.00153518,0.999998,0.00110727,0.00153518,0.999998,0.00110727,0.00153518,0.999998,0.00110727,0.00153518,0.999998,0.00110727,0.00153518,0.999998,0.00110727,0.00153518,0.999998,0.00110727,0.00153518,0.999998,0.00110727,0.00153518,0.999998,0.00110727,0.00153518,0.999998,0.00110727,0.00153518,0.999998
148,0.999999,0.000498476,-0.00102749,0.999999,0.000498476,-0.00102749,0.999999,0.000498476,-0.00102749,0.999999,0.000498476,-0.00102749,0.999999,0.000498476,-0.00102749,0.999999,0.000498476,-0.00102749,0.999999,0.000498476,-0.00102749,0.999999,0.000498476,-0.00102749,0.999999,0.000498476,-0.00102749,0.999999,0.000498476,-0.00102749,0.999999,0.000498476,-0.00102749
149,0.000499163,1,-0.000670642,0.000499163,1,-0.000670642,0.000499163,1,-0.000670642,0.000499163,1,-0.000670642,0.000499163,1,-0.000670642,0.000499163,1,-0.000670642,0.000499163,1,-0.000670642,0.000499163,1,-0.000670642,0.000499163,1,-0.000670642,0.000499163,1,-0.000670642,0.000499163,1,-0.000670642
150,0.00153521,0.0014697,0.999998,0.00153521,0.0014697,0.999998,0.00153521,0.0014697,0.999998,0.00153521,0.0014697,0.999998,0.00153521,0.0014697,0.999998,0.00153521,0.0014697,0.999998,0.00153521,0.0014697,0.999998,0.00153521,0.0014697,0.999998,0.00153521,0.0014697,0.999998,0.00153521,0.0014697,0.999998,0.00153521,0.0014697,0.999998
