1, 1, 9, 133, 52, 24, 57, 153, 108
2, 9, 10, 134, 133, 57, 58, 154, 153
3, 10, 11, 135, 134, 58, 59, 155, 154
4, 11, 12, 136, 135, 59, 60, 156, 155
5, 12, 2, 25, 136, 60, 13, 73, 156
6, 52, 133, 129, 51, 108, 153, 157, 107
7, 133, 134, 130, 129, 153, 154, 158, 157
8, 134, 135, 131, 130, 154, 155, 159, 158
9, 135, 136, 132, 131, 155, 156, 160, 159
10, 136, 25, 26, 132, 156, 73, 74, 160
11, 51, 129, 125, 50, 107, 157, 161, 106
12, 129, 130, 126, 125, 157, 158, 162, 161
13, 130, 131, 127, 126, 158, 159, 163, 162
14, 131, 132, 128, 127, 159, 160, 164, 163
15, 132, 26, 27, 128, 160, 74, 75, 164
16, 50, 125, 121, 49, 106, 161, 165, 105
17, 125, 126, 122, 121, 161, 162, 166, 165
18, 126, 127, 123, 122, 162, 163, 167, 166
19, 127, 128, 124, 123, 163, 164, 168, 167
20, 128, 27, 28, 124, 164, 75, 76, 168
21, 49, 121, 40, 4, 105, 165, 92, 41
22, 121, 122, 39, 40, 165, 166, 91, 92
23, 122, 123, 38, 39, 166, 167, 90, 91
24, 123, 124, 37, 38, 167, 168, 89, 90
25, 124, 28, 3, 37, 168, 76, 29, 89
26, 24, 57, 153, 108, 23, 61, 169, 112
27, 57, 58, 154, 153, 61, 62, 170, 169
28, 58, 59, 155, 154, 62, 63, 171, 170
29, 59, 60, 156, 155, 63, 64, 172, 171
30, 60, 13, 73, 156, 64, 14, 77, 172
31, 108, 153, 157, 107, 112, 169, 173, 111
32, 153, 154, 158, 157, 169, 170, 174, 173
33, 154, 155, 159, 158, 170, 171, 175, 174
34, 155, 156, 160, 159, 171, 172, 176, 175
35, 156, 73, 74, 160, 172, 77, 78, 176
36, 107, 157, 161, 106, 111, 173, 177, 110
37, 157, 158, 162, 161, 173, 174, 178, 177
38, 158, 159, 163, 162, 174, 175, 179, 178
39, 159, 160, 164, 163, 175, 176, 180, 179
40, 160, 74, 75, 164, 176, 78, 79, 180
41, 106, 161, 165, 105, 110, 177, 181, 109
42, 161, 162, 166, 165, 177, 178, 182, 181
43, 162, 163, 167, 166, 178, 179, 183, 182
44, 163, 164, 168, 167, 179, 180, 184, 183
45, 164, 75, 76, 168, 180, 79, 80, 184
46, 105, 165, 92, 41, 109, 181, 96, 42
47, 165, 166, 91, 92, 181, 182, 95, 96
48, 166, 167, 90, 91, 182, 183, 94, 95
49, 167, 168, 89, 90, 183, 184, 93, 94
50, 168, 76, 29, 89, 184, 80, 30, 93
51, 23, 61, 169, 112, 22, 65, 185, 116
52, 61, 62, 170, 169, 65, 66, 186, 185
53, 62, 63, 171, 170, 66, 67, 187, 186
54, 63, 64, 172, 171, 67, 68, 188, 187
55, 64, 14, 77, 172, 68, 15, 81, 188
56, 112, 169, 173, 111, 116, 185, 189, 115
57, 169, 170, 174, 173, 185, 186, 190, 189
58, 170, 171, 175, 174, 186, 187, 191, 190
59, 171, 172, 176, 175, 187, 188, 192, 191
60, 172, 77, 78, 176, 188, 81, 82, 192
61, 111, 173, 177, 110, 115, 189, 193, 114
62, 173, 174, 178, 177, 189, 190, 194, 193
63, 174, 175, 179, 178, 190, 191, 195, 194
64, 175, 176, 180, 179, 191, 192, 196, 195
65, 176, 78, 79, 180, 192, 82, 83, 196
66, 110, 177, 181, 109, 114, 193, 197, 113
67, 177, 178, 182, 181, 193, 194, 198, 197
68, 178, 179, 183, 182, 194, 195, 199, 198
69, 179, 180, 184, 183, 195, 196, 200, 199
70, 180, 79, 80, 184, 196, 83, 84, 200
71, 109, 181, 96, 42, 113, 197, 100, 43
72, 181, 182, 95, 96, 197, 198, 99, 100
73, 182, 183, 94, 95, 198, 199, 98, 99
74, 183, 184, 93, 94, 199, 200, 97, 98
75, 184, 80, 30, 93, 200, 84, 31, 97
76, 22, 65, 185, 116, 21, 69, 201, 120
77, 65, 66, 186, 185, 69, 70, 202, 201
78, 66, 67, 187, 186, 70, 71, 203, 202
79, 67, 68, 188, 187, 71, 72, 204, 203
80, 68, 15, 81, 188, 72, 16, 85, 204
81, 116, 185, 189, 115, 120, 201, 205, 119
82, 185, 186, 190, 189, 201, 202, 206, 205
83, 186, 187, 191, 190, 202, 203, 207, 206
84, 187, 188, 192, 191, 203, 204, 208, 207
85, 188, 81, 82, 192, 204, 85, 86, 208
86, 115, 189, 193, 114, 119, 205, 209, 118
87, 189, 190, 194, 193, 205, 206, 210, 209
88, 190, 191, 195, 194, 206, 207, 211, 210
89, 191, 192, 196, 195, 207, 208, 212, 211
90, 192, 82, 83, 196, 208, 86, 87, 212
91, 114, 193, 197, 113, 118, 209, 213, 117
92, 193, 194, 198, 197, 209, 210, 214, 213
93, 194, 195, 199, 198, 210, 211, 215, 214
94, 195, 196, 200, 199, 211, 212, 216, 215
95, 196, 83, 84, 200, 212, 87, 88, 216
96, 113, 197, 100, 43, 117, 213, 104, 44
97, 197, 198, 99, 100, 213, 214, 103, 104
98, 198, 199, 98, 99, 214, 215, 102, 103
99, 199, 200, 97, 98, 215, 216, 101, 102
100, 200, 84, 31, 97, 216, 88, 32, 101
101, 21, 69, 201, 120, 5, 20, 137, 53
102, 69, 70, 202, 201, 20, 19, 138, 137
103, 70, 71, 203, 202, 19, 18, 139, 138
104, 71, 72, 204, 203, 18, 17, 140, 139
105, 72, 16, 85, 204, 17, 6, 36, 140
106, 120, 201, 205, 119, 53, 137, 141, 54
107, 201, 202, 206, 205, 137, 138, 142, 141
108, 202, 203, 207, 206, 138, 139, 143, 142
109, 203, 204, 208, 207, 139, 140, 144, 143
110, 204, 85, 86, 208, 140, 36, 35, 144
111, 119, 205, 209, 118, 54, 141, 145, 55
112, 205, 206, 210, 209, 141, 142, 146, 145
113, 206, 207, 211, 210, 142, 143, 147, 146
114, 207, 208, 212, 211, 143, 144, 148, 147
115, 208, 86, 87, 212, 144, 35, 34, 148
116, 118, 209, 213, 117, 55, 145, 149, 56
117, 209, 210, 214, 213, 145, 146, 150, 149
118, 210, 211, 215, 214, 146, 147, 151, 150
119, 211, 212, 216, 215, 147, 148, 152, 151
120, 212, 87, 88, 216, 148, 34, 33, 152
121, 117, 213, 104, 44, 56, 149, 45, 8
122, 213, 214, 103, 104, 149, 150, 46, 45
123, 214, 215, 102, 103, 150, 151, 47, 46
124, 215, 216, 101, 102, 151, 152, 48, 47
125, 216, 88, 32, 101, 152, 33, 7, 48
