1,0,0,0,0,0,0,0,0,0,0,0,0,0,0,0,0,0,0,0,0,0,0,0,0,0,0,0,0,0,0,0,0,0
2,0,0,0,0,0,0,0,0,0,0,0,0,0,0,0,0,0,0,0,0,0,0,0,0,0,0,0,0,0,0,0,0,0
3,0,0,0,0,0,0,0,0,0,0,0,0,0,0,0,0,0,0,0,0,0,0,0,0,0,0,0,0,0,0,0,0,0
4,0,0,0,0,0,0,0,0,0,0,0,0,0,0,0,0,0,0,0,0,0,0,0,0,0,0,0,0,0,0,0,0,0
5,0,0,0,-0.0024409,-0.0024409,-0.00852278,-0.00492352,-0.00492352,-0.0173162,-0.00745165,-0.00745165,-0.0264031,-0.0100297,-0.0100297,-0.0358094,-0.0126628,-0.0126628,-0.0455654,-0.015357,-0.015357,-0.0557065,-0.0181194,-0.0181194,-0.0662743,-0.0209586,-0.0209586,-0.0773187,-0.0238853,-0.0238853,-0.0889003,-0.0269126,-0.0269126,-0.101094
6,0,0,0,0.0024409,-0.0024409,-0.00852278,0.00492352,-0.00492352,-0.0173162,0.00745165,-0.00745165,-0.0264031,0.0100297,-0.0100297,-0.0358094,0.0126628,-0.0126628,-0.0455654,0.015357,-0.015357,-0.0557065,0.0181194,-0.0181194,-0.0662743,0.0209586,-0.0209586,-0.0773187,0.0238853,-0.0238853,-0.0889003,0.0269126,-0.0269126,-0.101094
7,0,0,0,0.0024409,0.0024409,-0.00852278,0.00492352,0.00492352,-0.0173162,0.00745165,0.00745165,-0.0264031,0.0100297,0.0100297,-0.0358094,0.0126628,0.0126628,-0.0455654,0.015357,0.015357,-0.0557065,0.0181194,0.0181194,-0.0662743,0.0209586,0.0209586,-0.0773187,0.0238853,0.0238853,-0.0889003,0.0269126,0.0269126,-0.101094
8,0,0,0,-0.0024409,0.0024409,-0.00852278,-0.00492352,0.00492352,-0.0173162,-0.00745165,0.00745165,-0.0264031,-0.0100297,0.0100297,-0.0358094,-0.0126628,0.0126628,-0.0455654,-0.015357,0.015357,-0.0557065,-0.0181194,0.0181194,-0.0662743,-0.0209586,0.0209586,-0.0773187,-0.0238853,0.0238853,-0.0889003,-0.0269126,0.0269126,-0.101094
9,0,0,0,0,0,0,0,0,0,0,0,0,0,0,0,0,0,0,0,0,0,0,0,0,0,0,0,0,0,0,0,0,0
10,0,0,0,0,0,0,0,0,0,0,0,0,0,0,0,0,0,0,0,0,0,0,0,0,0,0,0,0,0,0,0,0,0
11,0,0,0,0,0,0,0,0,0,0,0,0,0,0,0,0,0,0,0,0,0,0,0,0,0,0,0,0,0,0,0,0,0
12,0,0,0,0,0,0,0,0,0,0,0,0,0,0,0,0,0,0,0,0,0,0,0,0,0,0,0,0,0,0,0,0,0
13,0,0,0,0.00160198,-0.00160198,-0.00112889,0.0032346,-0.0032346,-0.00230529,0.00489991,-0.00489991,-0.00353288,0.00660019,-0.00660019,-0.0048158,0.00833804,-0.00833804,-0.00615881,0.0101164,-0.0101164,-0.00756735,0.0119388,-0.0119388,-0.00904776,0.0138091,-0.0138091,-0.0106074,0.0157322,-0.0157322,-0.0122552,0.0177137,-0.0177137,-0.0140016
14,0,0,0,0.00207555,-0.00207555,-0.00283761,0.00418698,-0.00418698,-0.00576986,0.00633701,-0.00633701,-0.0088042,0.00852874,-0.00852874,-0.0119491,0.0107657,-0.0107657,-0.0152143,0.0130522,-0.0130522,-0.0186111,0.0153928,-0.0153928,-0.0221526,0.0177934,-0.0177934,-0.0258544,0.0202608,-0.0202608,-0.0297353,0.0228034,-0.0228034,-0.0338181
15,0,0,0,0.00227412,-0.00227412,-0.00463888,0.00458686,-0.00458686,-0.00942559,0.00694147,-0.00694147,-0.0143721,0.00934169,-0.00934169,-0.019492,0.0117918,-0.0117918,-0.024801,0.014297,-0.014297,-0.0303174,0.016863,-0.016863,-0.0360627,0.0194971,-0.0194971,-0.0420622,0.022208,-0.022208,-0.0483468,0.0250061,-0.0250061,-0.0549541
16,0,0,0,0.0023738,-0.0023738,-0.00654324,0.00478743,-0.00478743,-0.0132937,0.00724446,-0.00724446,-0.0202686,0.00974896,-0.00974896,-0.0274874,0.0123057,-0.0123057,-0.0349727,0.0149203,-0.0149203,-0.0427511,0.0175993,-0.0175993,-0.0508535,0.0203507,-0.0203507,-0.059317,0.0231843,-0.0231843,-0.0681866,0.0261121,-0.0261121,-0.0775173
17,0,0,0,0.00148173,-0.00244997,-0.00842711,0.00298901,-0.00494148,-0.0171209,0.00452415,-0.00747835,-0.0261037,0.00608987,-0.010065,-0.035401,0.0076893,-0.0127066,-0.0450423,0.00932614,-0.0154091,-0.0550621,0.0110048,-0.0181797,-0.0655013,0.0127306,-0.0210272,-0.0764083,0.01451,-0.023962,-0.0878423,0.0163512,-0.0269976,-0.0998758
18,0,0,0,0.00049795,-0.00244456,-0.00835836,0.00100453,-0.00493018,-0.016981,0.00152053,-0.00746066,-0.0258901,0.00204687,-0.0100404,-0.0351107,0.0025846,-0.0126745,-0.0446719,0.00313498,-0.0153689,-0.054608,0.0036995,-0.0181309,-0.064959,0.00427997,-0.020969,-0.0757728,0.00487859,-0.0238938,-0.0871077,0.00549812,-0.0269184,-0.0990351
19,0,0,0,-0.00049795,-0.00244456,-0.00835836,-0.00100453,-0.00493018,-0.016981,-0.00152053,-0.00746066,-0.0258901,-0.00204687,-0.0100404,-0.0351107,-0.0025846,-0.0126745,-0.0446719,-0.00313498,-0.0153689,-0.054608,-0.0036995,-0.0181309,-0.064959,-0.00427997,-0.020969,-0.0757728,-0.00487859,-0.0238938,-0.0871077,-0.00549812,-0.0269184,-0.0990351
20,0,0,0,-0.00148173,-0.00244997,-0.00842711,-0.00298901,-0.00494148,-0.0171209,-0.00452415,-0.00747835,-0.0261037,-0.00608987,-0.010065,-0.035401,-0.0076893,-0.0127066,-0.0450423,-0.00932614,-0.0154091,-0.0550621,-0.0110048,-0.0181797,-0.0655013,-0.0127306,-0.0210272,-0.0764083,-0.01451,-0.023962,-0.0878423,-0.0163512,-0.0269976,-0.0998758
21,0,0,0,-0.0023738,-0.0023738,-0.00654324,-0.00478743,-0.00478743,-0.0132937,-0.00724446,-0.00724446,-0.0202686,-0.00974896,-0.00974896,-0.0274874,-0.0123057,-0.0123057,-0.0349727,-0.0149203,-0.0149203,-0.0427511,-0.0175993,-0.0175993,-0.0508535,-0.0203507,-0.0203507,-0.059317,-0.0231843,-0.0231843,-0.0681866,-0.0261121,-0.0261121,-0.0775173
22,0,0,0,-0.00227412,-0.00227412,-0.00463888,-0.00458686,-0.00458686,-0.00942559,-0.00694147,-0.00694147,-0.0143721,-0.00934169,-0.00934169,-0.019492,-0.0117918,-0.0117918,-0.024801,-0.014297,-0.014297,-0.0303174,-0.016863,-0.016863,-0.0360627,-0.0194971,-0.0194971,-0.0420622,-0.022208,-0.022208,-0.0483468,-0.0250061,-0.0250061,-0.0549541
23,0,0,0,-0.00207555,-0.00207555,-0.00283761,-0.00418698,-0.00418698,-0.00576986,-0.00633701,-0.00633701,-0.0088042,-0.00852874,-0.00852874,-0.0119491,-0.0107657,-0.0107657,-0.0152143,-0.0130522,-0.0130522,-0.0186111,-0.0153928,-0.0153928,-0.0221526,-0.0177934,-0.0177934,-0.0258544,-0.0202608,-0.0202608,-0.0297353,-0.0228034,-0.0228034,-0.0338181
24,0,0,0,-0.00160198,-0.00160198,-0.00112889,-0.0032346,-0.0032346,-0.00230529,-0.00489991,-0.00489991,-0.00353288,-0.00660019,-0.00660019,-0.0048158,-0.00833804,-0.00833804,-0.00615881,-0.0101164,-0.0101164,-0.00756735,-0.0119388,-0.0119388,-0.00904776,-0.0138091,-0.0138091,-0.0106074,-0.0157322,-0.0157322,-0.0122552,-0.0177137,-0.0177137,-0.0140016
25,0,0,0,0,0,0,0,0,0,0,0,0,0,0,0,0,0,0,0,0,0,0,0,0,0,0,0,0,0,0,0,0,0
26,0,0,0,0,0,0,0,0,0,0,0,0,0,0,0,0,0,0,0,0,0,0,0,0,0,0,0,0,0,0,0,0,0
27,0,0,0,0,0,0,0,0,0,0,0,0,0,0,0,0,0,0,0,0,0,0,0,0,0,0,0,0,0,0,0,0,0
28,0,0,0,0,0,0,0,0,0,0,0,0,0,0,0,0,0,0,0,0,0,0,0,0,0,0,0,0,0,0,0,0,0
29,0,0,0,0.00160198,0.00160198,-0.00112889,0.0032346,0.0032346,-0.00230529,0.00489991,0.00489991,-0.00353288,0.00660019,0.00660019,-0.0048158,0.00833804,0.00833804,-0.00615881,0.0101164,0.0101164,-0.00756735,0.0119388,0.0119388,-0.00904776,0.0138091,0.0138091,-0.0106074,0.0157322,0.0157322,-0.0122552,0.0177137,0.0177137,-0.0140016
30,0,0,0,0.00207555,0.00207555,-0.00283761,0.00418698,0.00418698,-0.00576986,0.00633701,0.00633701,-0.0088042,0.00852874,0.00852874,-0.0119491,0.0107657,0.0107657,-0.0152143,0.0130522,0.0130522,-0.0186111,0.0153928,0.0153928,-0.0221526,0.0177934,0.0177934,-0.0258544,0.0202608,0.0202608,-0.0297353,0.0228034,0.0228034,-0.0338181
31,0,0,0,0.00227412,0.00227412,-0.00463888,0.00458686,0.00458686,-0.00942559,0.00694147,0.00694147,-0.0143721,0.00934169,0.00934169,-0.019492,0.0117918,0.0117918,-0.024801,0.014297,0.014297,-0.0303174,0.016863,0.016863,-0.0360627,0.0194971,0.0194971,-0.0420622,0.022208,0.022208,-0.0483468,0.0250061,0.0250061,-0.0549541
32,0,0,0,0.0023738,0.0023738,-0.00654324,0.00478743,0.00478743,-0.0132937,0.00724446,0.00724446,-0.0202686,0.00974896,0.00974896,-0.0274874,0.0123057,0.0123057,-0.0349727,0.0149203,0.0149203,-0.0427511,0.0175993,0.0175993,-0.0508535,0.0203507,0.0203507,-0.059317,0.0231843,0.0231843,-0.0681866,0.0261121,0.0261121,-0.0775173
33,0,0,0,0.00244997,0.00148173,-0.00842711,0.00494148,0.00298901,-0.0171209,0.00747835,0.00452415,-0.0261037,0.010065,0.00608987,-0.035401,0.0127066,0.0076893,-0.0450423,0.0154091,0.00932614,-0.0550621,0.0181797,0.0110048,-0.0655013,0.0210272,0.0127306,-0.0764083,0.023962,0.01451,-0.0878423,0.0269976,0.0163512,-0.0998758
34,0,0,0,0.00244456,0.00049795,-0.00835836,0.00493018,0.00100453,-0.016981,0.00746066,0.00152053,-0.0258901,0.0100404,0.00204687,-0.0351107,0.0126745,0.0025846,-0.0446719,0.0153689,0.00313498,-0.054608,0.0181309,0.0036995,-0.064959,0.020969,0.00427997,-0.0757728,0.0238938,0.00487859,-0.0871077,0.0269184,0.00549812,-0.0990351
35,0,0,0,0.00244456,-0.00049795,-0.00835836,0.00493018,-0.00100453,-0.016981,0.00746066,-0.00152053,-0.0258901,0.0100404,-0.00204687,-0.0351107,0.0126745,-0.0025846,-0.0446719,0.0153689,-0.00313498,-0.054608,0.0181309,-0.0036995,-0.064959,0.020969,-0.00427997,-0.0757728,0.0238938,-0.00487859,-0.0871077,0.0269184,-0.00549812,-0.0990351
36,0,0,0,0.00244997,-0.00148173,-0.00842711,0.00494148,-0.00298901,-0.0171209,0.00747835,-0.00452415,-0.0261037,0.010065,-0.00608987,-0.035401,0.0127066,-0.0076893,-0.0450423,0.0154091,-0.00932614,-0.0550621,0.0181797,-0.0110048,-0.0655013,0.0210272,-0.0127306,-0.0764083,0.023962,-0.01451,-0.0878423,0.0269976,-0.0163512,-0.0998758
37,0,0,0,0,0,0,0,0,0,0,0,0,0,0,0,0,0,0,0,0,0,0,0,0,0,0,0,0,0,0,0,0,0
38,0,0,0,0,0,0,0,0,0,0,0,0,0,0,0,0,0,0,0,0,0,0,0,0,0,0,0,0,0,0,0,0,0
39,0,0,0,0,0,0,0,0,0,0,0,0,0,0,0,0,0,0,0,0,0,0,0,0,0,0,0,0,0,0,0,0,0
40,0,0,0,0,0,0,0,0,0,0,0,0,0,0,0,0,0,0,0,0,0,0,0,0,0,0,0,0,0,0,0,0,0
41,0,0,0,-0.00160198,0.00160198,-0.00112889,-0.0032346,0.0032346,-0.00230529,-0.00489991,0.00489991,-0.00353288,-0.00660019,0.00660019,-0.0048158,-0.00833804,0.00833804,-0.00615881,-0.0101164,0.0101164,-0.00756735,-0.0119388,0.0119388,-0.00904776,-0.0138091,0.0138091,-0.0106074,-0.0157322,0.0157322,-0.0122552,-0.0177137,0.0177137,-0.0140016
42,0,0,0,-0.00207555,0.00207555,-0.00283761,-0.00418698,0.00418698,-0.00576986,-0.00633701,0.00633701,-0.0088042,-0.00852874,0.00852874,-0.0119491,-0.0107657,0.0107657,-0.0152143,-0.0130522,0.0130522,-0.0186111,-0.0153928,0.0153928,-0.0221526,-0.0177934,0.0177934,-0.0258544,-0.0202608,0.0202608,-0.0297353,-0.0228034,0.0228034,-0.0338181
43,0,0,0,-0.00227412,0.00227412,-0.00463888,-0.00458686,0.00458686,-0.00942559,-0.00694147,0.00694147,-0.0143721,-0.00934169,0.00934169,-0.019492,-0.0117918,0.0117918,-0.024801,-0.014297,0.014297,-0.0303174,-0.016863,0.016863,-0.0360627,-0.0194971,0.0194971,-0.0420622,-0.022208,0.022208,-0.0483468,-0.0250061,0.0250061,-0.0549541
44,0,0,0,-0.0023738,0.0023738,-0.00654324,-0.00478743,0.00478743,-0.0132937,-0.00724446,0.00724446,-0.0202686,-0.00974896,0.00974896,-0.0274874,-0.0123057,0.0123057,-0.0349727,-0.0149203,0.0149203,-0.0427511,-0.0175993,0.0175993,-0.0508535,-0.0203507,0.0203507,-0.059317,-0.0231843,0.0231843,-0.0681866,-0.0261121,0.0261121,-0.0775173
45,0,0,0,-0.00148173,0.00244997,-0.00842711,-0.00298901,0.00494148,-0.0171209,-0.00452415,0.00747835,-0.0261037,-0.00608987,0.010065,-0.035401,-0.0076893,0.0127066,-0.0450423,-0.00932614,0.0154091,-0.0550621,-0.0110048,0.0181797,-0.0655013,-0.0127306,0.0210272,-0.0764083,-0.01451,0.023962,-0.0878423,-0.0163512,0.0269976,-0.0998758
46,0,0,0,-0.00049795,0.00244456,-0.00835836,-0.00100453,0.00493018,-0.016981,-0.00152053,0.00746066,-0.0258901,-0.00204687,0.0100404,-0.0351107,-0.0025846,0.0126745,-0.0446719,-0.00313498,0.0153689,-0.054608,-0.0036995,0.0181309,-0.064959,-0.00427997,0.020969,-0.0757728,-0.00487859,0.0238938,-0.0871077,-0.00549812,0.0269184,-0.0990351
47,0,0,0,0.00049795,0.00244456,-0.00835836,0.00100453,0.00493018,-0.016981,0.00152053,0.00746066,-0.0258901,0.00204687,0.0100404,-0.0351107,0.0025846,0.0126745,-0.0446719,0.00313498,0.0153689,-0.054608,0.0036995,0.0181309,-0.064959,0.00427997,0.020969,-0.0757728,0.00487859,0.0238938,-0.0871077,0.00549812,0.0269184,-0.0990351
48,0,0,0,0.00148173,0.00244997,-0.00842711,0.00298901,0.00494148,-0.0171209,0.00452415,0.00747835,-0.0261037,0.00608987,0.010065,-0.035401,0.0076893,0.0127066,-0.0450423,0.00932614,0.0154091,-0.0550621,0.0110048,0.0181797,-0.0655013,0.0127306,0.0210272,-0.0764083,0.01451,0.023962,-0.0878423,0.0163512,0.0269976,-0.0998758
49,0,0,0,0,0,0,0,0,0,0,0,0,0,0,0,0,0,0,0,0,0,0,0,0,0,0,0,0,0,0,0,0,0
50,0,0,0,0,0,0,0,0,0,0,0,0,0,0,0,0,0,0,0,0,0,0,0,0,0,0,0,0,0,0,0,0,0
51,0,0,0,0,0,0,0,0,0,0,0,0,0,0,0,0,0,0,0,0,0,0,0,0,0,0,0,0,0,0,0,0,0
52,0,0,0,0,0,0,0,0,0,0,0,0,0,0,0,0,0,0,0,0,0,0,0,0,0,0,0,0,0,0,0,0,0
53,0,0,0,-0.00244997,-0.00148173,-0.00842711,-0.00494148,-0.00298901,-0.0171209,-0.00747835,-0.00452415,-0.0261037,-0.010065,-0.00608987,-0.035401,-0.0127066,-0.0076893,-0.0450423,-0.0154091,-0.00932614,-0.0550621,-0.0181797,-0.0110048,-0.0655013,-0.0210272,-0.0127306,-0.0764083,-0.023962,-0.01451,-0.0878423,-0.0269976,-0.0163512,-0.0998758
54,0,0,0,-0.00244456,-0.00049795,-0.00835836,-0.00493018,-0.00100453,-0.016981,-0.00746066,-0.00152053,-0.0258901,-0.0100404,-0.00204687,-0.0351107,-0.0126745,-0.0025846,-0.0446719,-0.0153689,-0.00313498,-0.054608,-0.0181309,-0.0036995,-0.064959,-0.020969,-0.00427997,-0.0757728,-0.0238938,-0.00487859,-0.0871077,-0.0269184,-0.00549812,-0.0990351
55,0,0,0,-0.00244456,0.00049795,-0.00835836,-0.00493018,0.00100453,-0.016981,-0.00746066,0.00152053,-0.0258901,-0.0100404,0.00204687,-0.0351107,-0.0126745,0.0025846,-0.0446719,-0.0153689,0.00313498,-0.054608,-0.0181309,0.0036995,-0.064959,-0.020969,0.00427997,-0.0757728,-0.0238938,0.00487859,-0.0871077,-0.0269184,0.00549812,-0.0990351
56,0,0,0,-0.00244997,0.00148173,-0.00842711,-0.00494148,0.00298901,-0.0171209,-0.00747835,0.00452415,-0.0261037,-0.010065,0.00608987,-0.035401,-0.0127066,0.0076893,-0.0450423,-0.0154091,0.00932614,-0.0550621,-0.0181797,0.0110048,-0.0655013,-0.0210272,0.0127306,-0.0764083,-0.023962,0.01451,-0.0878423,-0.0269976,0.0163512,-0.0998758
57,0,0,0,-0.000865994,-0.00151465,-0.000936511,-0.00175242,-0.00305818,-0.00190694,-0.00266051,-0.00463239,-0.0029138,-0.00359167,-0.0062393,-0.00395989,-0.00454746,-0.00788119,-0.00504842,-0.00552966,-0.00956063,-0.00618301,-0.00654032,-0.0112806,-0.00736785,-0.00758176,-0.0130444,-0.00860778,-0.0086568,-0.0148561,-0.00990859,-0.00976871,-0.0167205,-0.011277
58,0,0,0,-0.000271782,-0.00159391,-0.000919762,-0.000550694,-0.00321361,-0.00187127,-0.000837156,-0.0048607,-0.00285669,-0.00113164,-0.00653695,-0.00387845,-0.00143466,-0.00824436,-0.00493928,-0.00174681,-0.00998522,-0.00604231,-0.00206877,-0.0117621,-0.00719108,-0.0024013,-0.0135781,-0.0083897,-0.00274533,-0.0154366,-0.00964306,-0.0031019,-0.017342,-0.0109568
59,0,0,0,0.000271782,-0.00159391,-0.000919762,0.000550694,-0.00321361,-0.00187127,0.000837156,-0.0048607,-0.00285669,0.00113164,-0.00653695,-0.00387845,0.00143466,-0.00824436,-0.00493928,0.00174681,-0.00998522,-0.00604231,0.00206877,-0.0117621,-0.00719108,0.0024013,-0.0135781,-0.0083897,0.00274533,-0.0154366,-0.00964306,0.0031019,-0.017342,-0.0109568
60,0,0,0,0.000865994,-0.00151465,-0.000936511,0.00175242,-0.00305818,-0.00190694,0.00266051,-0.00463239,-0.0029138,0.00359167,-0.0062393,-0.00395989,0.00454746,-0.00788119,-0.00504842,0.00552966,-0.00956063,-0.00618301,0.00654032,-0.0112806,-0.00736785,0.00758176,-0.0130444,-0.00860778,0.0086568,-0.0148561,-0.00990859,0.00976871,-0.0167205,-0.011277
61,0,0,0,-0.0012373,-0.00212668,-0.00260376,-0.00249771,-0.00429126,-0.00529064,-0.00378292,-0.00649651,-0.00806696,-0.0050948,-0.00874559,-0.0109399,-0.00643552,-0.0110421,-0.0139176,-0.00780761,-0.0133902,-0.0170096,-0.00921398,-0.0157948,-0.0202268,-0.0106581,-0.0182615,-0.023582,-0.0121441,-0.0207972,-0.0270909,-0.013677,-0.0234103,-0.0307718
62,0,0,0,-0.000406933,-0.00211704,-0.00252743,-0.000821866,-0.00426992,-0.00513378,-0.00124536,-0.00646136,-0.00782489,-0.00167804,-0.00869446,-0.0106074,-0.00212064,-0.0109727,-0.0134888,-0.00257398,-0.0133003,-0.0164777,-0.00303905,-0.0156819,-0.0195843,-0.00351698,-0.018123,-0.0228202,-0.00400916,-0.0206305,-0.0261995,-0.00451724,-0.0232123,-0.0297389
63,0,0,0,0.000406933,-0.00211704,-0.00252743,0.000821866,-0.00426992,-0.00513378,0.00124536,-0.00646136,-0.00782489,0.00167804,-0.00869446,-0.0106074,0.00212064,-0.0109727,-0.0134888,0.00257398,-0.0133003,-0.0164777,0.00303905,-0.0156819,-0.0195843,0.00351698,-0.018123,-0.0228202,0.00400916,-0.0206305,-0.0261995,0.00451724,-0.0232123,-0.0297389
64,0,0,0,0.0012373,-0.00212668,-0.00260376,0.00249771,-0.00429126,-0.00529064,0.00378292,-0.00649651,-0.00806696,0.0050948,-0.00874559,-0.0109399,0.00643552,-0.0110421,-0.0139176,0.00780761,-0.0133902,-0.0170096,0.00921398,-0.0157948,-0.0202268,0.0106581,-0.0182615,-0.023582,0.0121441,-0.0207972,-0.0270909,0.013677,-0.0234103,-0.0307718
65,0,0,0,-0.00137859,-0.00233314,-0.00446564,-0.0027812,-0.00470618,-0.00907145,-0.00420984,-0.00712247,-0.0138285,-0.00566678,-0.00958585,-0.0187495,-0.00715465,-0.0121007,-0.023849,-0.00867655,-0.0146723,-0.0291438,-0.0102361,-0.0173067,-0.0346536,-0.0118377,-0.0200113,-0.0404017,-0.0134866,-0.0227948,-0.0464163,-0.0151892,-0.0256681,-0.0527314
66,0,0,0,-0.000461203,-0.00233336,-0.00437337,-0.000930584,-0.00470637,-0.00888287,-0.00140881,-0.00712241,-0.0135392,-0.00189666,-0.00958535,-0.0183544,-0.00239501,-0.0120997,-0.0233423,-0.0029049,-0.0146705,-0.0285192,-0.00342757,-0.0173042,-0.0339036,-0.00396445,-0.0200078,-0.0395178,-0.00451735,-0.0227904,-0.0453886,-0.00508844,-0.0256628,-0.051548
67,0,0,0,0.000461203,-0.00233336,-0.00437337,0.000930584,-0.00470637,-0.00888287,0.00140881,-0.00712241,-0.0135392,0.00189666,-0.00958535,-0.0183544,0.00239501,-0.0120997,-0.0233423,0.0029049,-0.0146705,-0.0285192,0.00342757,-0.0173042,-0.0339036,0.00396445,-0.0200078,-0.0395178,0.00451735,-0.0227904,-0.0453886,0.00508844,-0.0256628,-0.051548
68,0,0,0,0.00137859,-0.00233314,-0.00446564,0.0027812,-0.00470618,-0.00907145,0.00420984,-0.00712247,-0.0138285,0.00566678,-0.00958585,-0.0187495,0.00715465,-0.0121007,-0.023849,0.00867655,-0.0146723,-0.0291438,0.0102361,-0.0173067,-0.0346536,0.0118377,-0.0200113,-0.0404017,0.0134866,-0.0227948,-0.0464163,0.0151892,-0.0256681,-0.0527314
69,0,0,0,-0.00143621,-0.00240555,-0.00642001,-0.00289664,-0.00485157,-0.0130421,-0.00438346,-0.00734169,-0.0198827,-0.00589913,-0.0098801,-0.0269607,-0.00744656,-0.0124717,-0.0342979,-0.00902912,-0.0151221,-0.0419196,-0.0106508,-0.0178382,-0.0498556,-0.0123165,-0.0206281,-0.0581414,-0.0140322,-0.0235019,-0.0668199,-0.015805,-0.0264717,-0.0759436
70,0,0,0,-0.000480919,-0.0024153,-0.00633647,-0.00096999,-0.00487152,-0.0128717,-0.00146794,-0.00737238,-0.0196219,-0.0019756,-0.00992215,-0.0266054,-0.00249394,-0.0125258,-0.0338436,-0.0030241,-0.0151892,-0.041361,-0.00356743,-0.0179192,-0.0491867,-0.00412556,-0.0207242,-0.0573552,-0.00470048,-0.0236144,-0.0659082,-0.00529465,-0.0266024,-0.0748967
71,0,0,0,0.000480919,-0.0024153,-0.00633647,0.00096999,-0.00487152,-0.0128717,0.00146794,-0.00737238,-0.0196219,0.0019756,-0.00992215,-0.0266054,0.00249394,-0.0125258,-0.0338436,0.0030241,-0.0151892,-0.041361,0.00356743,-0.0179192,-0.0491867,0.00412556,-0.0207242,-0.0573552,0.00470048,-0.0236144,-0.0659082,0.00529465,-0.0266024,-0.0748967
72,0,0,0,0.00143621,-0.00240555,-0.00642001,0.00289664,-0.00485157,-0.0130421,0.00438346,-0.00734169,-0.0198827,0.00589913,-0.0098801,-0.0269607,0.00744656,-0.0124717,-0.0342979,0.00902912,-0.0151221,-0.0419196,0.0106508,-0.0178382,-0.0498556,0.0123165,-0.0206281,-0.0581414,0.0140322,-0.0235019,-0.0668199,0.015805,-0.0264717,-0.0759436
73,0,0,0,0.00151465,-0.000865994,-0.000936511,0.00305818,-0.00175242,-0.00190694,0.00463239,-0.00266051,-0.0029138,0.0062393,-0.00359167,-0.00395989,0.00788119,-0.00454746,-0.00504842,0.00956063,-0.00552966,-0.00618301,0.0112806,-0.00654032,-0.00736785,0.0130444,-0.00758176,-0.00860778,0.0148561,-0.0086568,-0.00990859,0.0167205,-0.00976871,-0.011277
74,0,0,0,0.00159391,-0.000271782,-0.000919762,0.00321361,-0.000550694,-0.00187127,0.0048607,-0.000837156,-0.00285669,0.00653695,-0.00113164,-0.00387845,0.00824436,-0.00143466,-0.00493928,0.00998522,-0.00174681,-0.00604231,0.0117621,-0.00206877,-0.00719108,0.0135781,-0.0024013,-0.0083897,0.0154366,-0.00274533,-0.00964306,0.017342,-0.0031019,-0.0109568
75,0,0,0,0.00159391,0.000271782,-0.000919762,0.00321361,0.000550694,-0.00187127,0.0048607,0.000837156,-0.00285669,0.00653695,0.00113164,-0.00387845,0.00824436,0.00143466,-0.00493928,0.00998522,0.00174681,-0.00604231,0.0117621,0.00206877,-0.00719108,0.0135781,0.0024013,-0.0083897,0.0154366,0.00274533,-0.00964306,0.017342,0.0031019,-0.0109568
76,0,0,0,0.00151465,0.000865994,-0.000936511,0.00305818,0.00175242,-0.00190694,0.00463239,0.00266051,-0.0029138,0.0062393,0.00359167,-0.00395989,0.00788119,0.00454746,-0.00504842,0.00956063,0.00552966,-0.00618301,0.0112806,0.00654032,-0.00736785,0.0130444,0.00758176,-0.00860778,0.0148561,0.0086568,-0.00990859,0.0167205,0.00976871,-0.011277
77,0,0,0,0.00212668,-0.0012373,-0.00260376,0.00429126,-0.00249771,-0.00529064,0.00649651,-0.00378292,-0.00806696,0.00874559,-0.0050948,-0.0109399,0.0110421,-0.00643552,-0.0139176,0.0133902,-0.00780761,-0.0170096,0.0157948,-0.00921398,-0.0202268,0.0182615,-0.0106581,-0.023582,0.0207972,-0.0121441,-0.0270909,0.0234103,-0.013677,-0.0307718
78,0,0,0,0.00211704,-0.000406933,-0.00252743,0.00426992,-0.000821866,-0.00513378,0.00646136,-0.00124536,-0.00782489,0.00869446,-0.00167804,-0.0106074,0.0109727,-0.00212064,-0.0134888,0.0133003,-0.00257398,-0.0164777,0.0156819,-0.00303905,-0.0195843,0.018123,-0.00351698,-0.0228202,0.0206305,-0.00400916,-0.0261995,0.0232123,-0.00451724,-0.0297389
79,0,0,0,0.00211704,0.000406933,-0.00252743,0.00426992,0.000821866,-0.00513378,0.00646136,0.00124536,-0.00782489,0.00869446,0.00167804,-0.0106074,0.0109727,0.00212064,-0.0134888,0.0133003,0.00257398,-0.0164777,0.0156819,0.00303905,-0.0195843,0.018123,0.00351698,-0.0228202,0.0206305,0.00400916,-0.0261995,0.0232123,0.00451724,-0.0297389
80,0,0,0,0.00212668,0.0012373,-0.00260376,0.00429126,0.00249771,-0.00529064,0.00649651,0.00378292,-0.00806696,0.00874559,0.0050948,-0.0109399,0.0110421,0.00643552,-0.0139176,0.0133902,0.00780761,-0.0170096,0.0157948,0.00921398,-0.0202268,0.0182615,0.0106581,-0.023582,0.0207972,0.0121441,-0.0270909,0.0234103,0.013677,-0.0307718
81,0,0,0,0.00233314,-0.00137859,-0.00446564,0.00470618,-0.0027812,-0.00907145,0.00712247,-0.00420984,-0.0138285,0.00958585,-0.00566678,-0.0187495,0.0121007,-0.00715465,-0.023849,0.0146723,-0.00867655,-0.0291438,0.0173067,-0.0102361,-0.0346536,0.0200113,-0.0118377,-0.0404017,0.0227948,-0.0134866,-0.0464163,0.0256681,-0.0151892,-0.0527314
82,0,0,0,0.00233336,-0.000461203,-0.00437337,0.00470637,-0.000930584,-0.00888287,0.00712241,-0.00140881,-0.0135392,0.00958535,-0.00189666,-0.0183544,0.0120997,-0.00239501,-0.0233423,0.0146705,-0.0029049,-0.0285192,0.0173042,-0.00342757,-0.0339036,0.0200078,-0.00396445,-0.0395178,0.0227904,-0.00451735,-0.0453886,0.0256628,-0.00508844,-0.051548
83,0,0,0,0.00233336,0.000461203,-0.00437337,0.00470637,0.000930584,-0.00888287,0.00712241,0.00140881,-0.0135392,0.00958535,0.00189666,-0.0183544,0.0120997,0.00239501,-0.0233423,0.0146705,0.0029049,-0.0285192,0.0173042,0.00342757,-0.0339036,0.0200078,0.00396445,-0.0395178,0.0227904,0.00451735,-0.0453886,0.0256628,0.00508844,-0.051548
84,0,0,0,0.00233314,0.00137859,-0.00446564,0.00470618,0.0027812,-0.00907145,0.00712247,0.00420984,-0.0138285,0.00958585,0.00566678,-0.0187495,0.0121007,0.00715465,-0.023849,0.0146723,0.00867655,-0.0291438,0.0173067,0.0102361,-0.0346536,0.0200113,0.0118377,-0.0404017,0.0227948,0.0134866,-0.0464163,0.0256681,0.0151892,-0.0527314
85,0,0,0,0.00240555,-0.00143621,-0.00642001,0.00485157,-0.00289664,-0.0130421,0.00734169,-0.00438346,-0.0198827,0.0098801,-0.00589913,-0.0269607,0.0124717,-0.00744656,-0.0342979,0.0151221,-0.00902912,-0.0419196,0.0178382,-0.0106508,-0.0498556,0.0206281,-0.0123165,-0.0581414,0.0235019,-0.0140322,-0.0668199,0.0264717,-0.015805,-0.0759436
86,0,0,0,0.0024153,-0.000480919,-0.00633647,0.00487152,-0.00096999,-0.0128717,0.00737238,-0.00146794,-0.0196219,0.00992215,-0.0019756,-0.0266054,0.0125258,-0.00249394,-0.0338436,0.0151892,-0.0030241,-0.041361,0.0179192,-0.00356743,-0.0491867,0.0207242,-0.00412556,-0.0573552,0.0236144,-0.00470048,-0.0659082,0.0266024,-0.00529465,-0.0748967
87,0,0,0,0.0024153,0.000480919,-0.00633647,0.00487152,0.00096999,-0.0128717,0.00737238,0.00146794,-0.0196219,0.00992215,0.0019756,-0.0266054,0.0125258,0.00249394,-0.0338436,0.0151892,0.0030241,-0.041361,0.0179192,0.00356743,-0.0491867,0.0207242,0.00412556,-0.0573552,0.0236144,0.00470048,-0.0659082,0.0266024,0.00529465,-0.0748967
88,0,0,0,0.00240555,0.00143621,-0.00642001,0.00485157,0.00289664,-0.0130421,0.00734169,0.00438346,-0.0198827,0.0098801,0.00589913,-0.0269607,0.0124717,0.00744656,-0.0342979,0.0151221,0.00902912,-0.0419196,0.0178382,0.0106508,-0.0498556,0.0206281,0.0123165,-0.0581414,0.0235019,0.0140322,-0.0668199,0.0264717,0.015805,-0.0759436
89,0,0,0,0.000865994,0.00151465,-0.000936511,0.00175242,0.00305818,-0.00190694,0.00266051,0.00463239,-0.0029138,0.00359167,0.0062393,-0.00395989,0.00454746,0.00788119,-0.00504842,0.00552966,0.00956063,-0.00618301,0.00654032,0.0112806,-0.00736785,0.00758176,0.0130444,-0.00860778,0.0086568,0.0148561,-0.00990859,0.00976871,0.0167205,-0.011277
90,0,0,0,0.000271782,0.00159391,-0.000919762,0.000550694,0.00321361,-0.00187127,0.000837156,0.0048607,-0.00285669,0.00113164,0.00653695,-0.00387845,0.00143466,0.00824436,-0.00493928,0.00174681,0.00998522,-0.00604231,0.00206877,0.0117621,-0.00719108,0.0024013,0.0135781,-0.0083897,0.00274533,0.0154366,-0.00964306,0.0031019,0.017342,-0.0109568
91,0,0,0,-0.000271782,0.00159391,-0.000919762,-0.000550694,0.00321361,-0.00187127,-0.000837156,0.0048607,-0.00285669,-0.00113164,0.00653695,-0.00387845,-0.00143466,0.00824436,-0.00493928,-0.00174681,0.00998522,-0.00604231,-0.00206877,0.0117621,-0.00719108,-0.0024013,0.0135781,-0.0083897,-0.00274533,0.0154366,-0.00964306,-0.0031019,0.017342,-0.0109568
92,0,0,0,-0.000865994,0.00151465,-0.000936511,-0.00175242,0.00305818,-0.00190694,-0.00266051,0.00463239,-0.0029138,-0.00359167,0.0062393,-0.00395989,-0.00454746,0.00788119,-0.00504842,-0.00552966,0.00956063,-0.00618301,-0.00654032,0.0112806,-0.00736785,-0.00758176,0.0130444,-0.00860778,-0.0086568,0.0148561,-0.00990859,-0.00976871,0.0167205,-0.011277
93,0,0,0,0.0012373,0.00212668,-0.00260376,0.00249771,0.00429126,-0.00529064,0.00378292,0.00649651,-0.00806696,0.0050948,0.00874559,-0.0109399,0.00643552,0.0110421,-0.0139176,0.00780761,0.0133902,-0.0170096,0.00921398,0.0157948,-0.0202268,0.0106581,0.0182615,-0.023582,0.0121441,0.0207972,-0.0270909,0.013677,0.0234103,-0.0307718
94,0,0,0,0.000406933,0.00211704,-0.00252743,0.000821866,0.00426992,-0.00513378,0.00124536,0.00646136,-0.00782489,0.00167804,0.00869446,-0.0106074,0.00212064,0.0109727,-0.0134888,0.00257398,0.0133003,-0.0164777,0.00303905,0.0156819,-0.0195843,0.00351698,0.018123,-0.0228202,0.00400916,0.0206305,-0.0261995,0.00451724,0.0232123,-0.0297389
95,0,0,0,-0.000406933,0.00211704,-0.00252743,-0.000821866,0.00426992,-0.00513378,-0.00124536,0.00646136,-0.00782489,-0.00167804,0.00869446,-0.0106074,-0.00212064,0.0109727,-0.0134888,-0.00257398,0.0133003,-0.0164777,-0.00303905,0.0156819,-0.0195843,-0.00351698,0.018123,-0.0228202,-0.00400916,0.0206305,-0.0261995,-0.00451724,0.0232123,-0.0297389
96,0,0,0,-0.0012373,0.00212668,-0.00260376,-0.00249771,0.00429126,-0.00529064,-0.00378292,0.00649651,-0.00806696,-0.0050948,0.00874559,-0.0109399,-0.00643552,0.0110421,-0.0139176,-0.00780761,0.0133902,-0.0170096,-0.00921398,0.0157948,-0.0202268,-0.0106581,0.0182615,-0.023582,-0.0121441,0.0207972,-0.0270909,-0.013677,0.0234103,-0.0307718
97,0,0,0,0.00137859,0.00233314,-0.00446564,0.0027812,0.00470618,-0.00907145,0.00420984,0.00712247,-0.0138285,0.00566678,0.00958585,-0.0187495,0.00715465,0.0121007,-0.023849,0.00867655,0.0146723,-0.0291438,0.0102361,0.0173067,-0.0346536,0.0118377,0.0200113,-0.0404017,0.0134866,0.0227948,-0.0464163,0.0151892,0.0256681,-0.0527314
98,0,0,0,0.000461203,0.00233336,-0.00437337,0.000930584,0.00470637,-0.00888287,0.00140881,0.00712241,-0.0135392,0.00189666,0.00958535,-0.0183544,0.00239501,0.0120997,-0.0233423,0.0029049,0.0146705,-0.0285192,0.00342757,0.0173042,-0.0339036,0.00396445,0.0200078,-0.0395178,0.00451735,0.0227904,-0.0453886,0.00508844,0.0256628,-0.051548
99,0,0,0,-0.000461203,0.00233336,-0.00437337,-0.000930584,0.00470637,-0.00888287,-0.00140881,0.00712241,-0.0135392,-0.00189666,0.00958535,-0.0183544,-0.00239501,0.0120997,-0.0233423,-0.0029049,0.0146705,-0.0285192,-0.00342757,0.0173042,-0.0339036,-0.00396445,0.0200078,-0.0395178,-0.00451735,0.0227904,-0.0453886,-0.00508844,0.0256628,-0.051548
100,0,0,0,-0.00137859,0.00233314,-0.00446564,-0.0027812,0.00470618,-0.00907145,-0.00420984,0.00712247,-0.0138285,-0.00566678,0.00958585,-0.0187495,-0.00715465,0.0121007,-0.023849,-0.00867655,0.0146723,-0.0291438,-0.0102361,0.0173067,-0.0346536,-0.0118377,0.0200113,-0.0404017,-0.0134866,0.0227948,-0.0464163,-0.0151892,0.0256681,-0.0527314
101,0,0,0,0.00143621,0.00240555,-0.00642001,0.00289664,0.00485157,-0.0130421,0.00438346,0.00734169,-0.0198827,0.00589913,0.0098801,-0.0269607,0.00744656,0.0124717,-0.0342979,0.00902912,0.0151221,-0.0419196,0.0106508,0.0178382,-0.0498556,0.0123165,0.0206281,-0.0581414,0.0140322,0.0235019,-0.0668199,0.015805,0.0264717,-0.0759436
102,0,0,0,0.000480919,0.0024153,-0.00633647,0.00096999,0.00487152,-0.0128717,0.00146794,0.00737238,-0.0196219,0.0019756,0.00992215,-0.0266054,0.00249394,0.0125258,-0.0338436,0.0030241,0.0151892,-0.041361,0.00356743,0.0179192,-0.0491867,0.00412556,0.0207242,-0.0573552,0.00470048,0.0236144,-0.0659082,0.00529465,0.0266024,-0.0748967
103,0,0,0,-0.000480919,0.0024153,-0.00633647,-0.00096999,0.00487152,-0.0128717,-0.00146794,0.00737238,-0.0196219,-0.0019756,0.00992215,-0.0266054,-0.00249394,0.0125258,-0.0338436,-0.0030241,0.0151892,-0.041361,-0.00356743,0.0179192,-0.0491867,-0.00412556,0.0207242,-0.0573552,-0.00470048,0.0236144,-0.0659082,-0.00529465,0.0266024,-0.0748967
104,0,0,0,-0.00143621,0.00240555,-0.00642001,-0.00289664,0.00485157,-0.0130421,-0.00438346,0.00734169,-0.0198827,-0.00589913,0.0098801,-0.0269607,-0.00744656,0.0124717,-0.0342979,-0.00902912,0.0151221,-0.0419196,-0.0106508,0.0178382,-0.0498556,-0.0123165,0.0206281,-0.0581414,-0.0140322,0.0235019,-0.0668199,-0.015805,0.0264717,-0.0759436
105,0,0,0,-0.00151465,0.000865994,-0.000936511,-0.00305818,0.00175242,-0.00190694,-0.00463239,0.00266051,-0.0029138,-0.0062393,0.00359167,-0.00395989,-0.00788119,0.00454746,-0.00504842,-0.00956063,0.00552966,-0.00618301,-0.0112806,0.00654032,-0.00736785,-0.0130444,0.00758176,-0.00860778,-0.0148561,0.0086568,-0.00990859,-0.0167205,0.00976871,-0.011277
106,0,0,0,-0.00159391,0.000271782,-0.000919762,-0.00321361,0.000550694,-0.00187127,-0.0048607,0.000837156,-0.00285669,-0.00653695,0.00113164,-0.00387845,-0.00824436,0.00143466,-0.00493928,-0.00998522,0.00174681,-0.00604231,-0.0117621,0.00206877,-0.00719108,-0.0135781,0.0024013,-0.0083897,-0.0154366,0.00274533,-0.00964306,-0.017342,0.0031019,-0.0109568
107,0,0,0,-0.00159391,-0.000271782,-0.000919762,-0.00321361,-0.000550694,-0.00187127,-0.0048607,-0.000837156,-0.00285669,-0.00653695,-0.00113164,-0.00387845,-0.00824436,-0.00143466,-0.00493928,-0.00998522,-0.00174681,-0.00604231,-0.0117621,-0.00206877,-0.00719108,-0.0135781,-0.0024013,-0.0083897,-0.0154366,-0.00274533,-0.00964306,-0.017342,-0.0031019,-0.0109568
108,0,0,0,-0.00151465,-0.000865994,-0.000936511,-0.00305818,-0.00175242,-0.00190694,-0.00463239,-0.00266051,-0.0029138,-0.0062393,-0.00359167,-0.00395989,-0.00788119,-0.00454746,-0.00504842,-0.00956063,-0.00552966,-0.00618301,-0.0112806,-0.00654032,-0.00736785,-0.0130444,-0.00758176,-0.00860778,-0.0148561,-0.0086568,-0.00990859,-0.0167205,-0.00976871,-0.011277
109,0,0,0,-0.00212668,0.0012373,-0.00260376,-0.00429126,0.00249771,-0.00529064,-0.00649651,0.00378292,-0.00806696,-0.00874559,0.0050948,-0.0109399,-0.0110421,0.00643552,-0.0139176,-0.0133902,0.00780761,-0.0170096,-0.0157948,0.00921398,-0.0202268,-0.0182615,0.0106581,-0.023582,-0.0207972,0.0121441,-0.0270909,-0.0234103,0.013677,-0.0307718
110,0,0,0,-0.00211704,0.000406933,-0.00252743,-0.00426992,0.000821866,-0.00513378,-0.00646136,0.00124536,-0.00782489,-0.00869446,0.00167804,-0.0106074,-0.0109727,0.00212064,-0.0134888,-0.0133003,0.00257398,-0.0164777,-0.0156819,0.00303905,-0.0195843,-0.018123,0.00351698,-0.0228202,-0.0206305,0.00400916,-0.0261995,-0.0232123,0.00451724,-0.0297389
111,0,0,0,-0.00211704,-0.000406933,-0.00252743,-0.00426992,-0.000821866,-0.00513378,-0.00646136,-0.00124536,-0.00782489,-0.00869446,-0.00167804,-0.0106074,-0.0109727,-0.00212064,-0.0134888,-0.0133003,-0.00257398,-0.0164777,-0.0156819,-0.00303905,-0.0195843,-0.018123,-0.00351698,-0.0228202,-0.0206305,-0.00400916,-0.0261995,-0.0232123,-0.00451724,-0.0297389
112,0,0,0,-0.00212668,-0.0012373,-0.00260376,-0.00429126,-0.00249771,-0.00529064,-0.00649651,-0.00378292,-0.00806696,-0.00874559,-0.0050948,-0.0109399,-0.0110421,-0.00643552,-0.0139176,-0.0133902,-0.00780761,-0.0170096,-0.0157948,-0.00921398,-0.0202268,-0.0182615,-0.0106581,-0.023582,-0.0207972,-0.0121441,-0.0270909,-0.0234103,-0.013677,-0.0307718
113,0,0,0,-0.00233314,0.00137859,-0.00446564,-0.00470618,0.0027812,-0.00907145,-0.00712247,0.00420984,-0.0138285,-0.00958585,0.00566678,-0.0187495,-0.0121007,0.00715465,-0.023849,-0.0146723,0.00867655,-0.0291438,-0.0173067,0.0102361,-0.0346536,-0.0200113,0.0118377,-0.0404017,-0.0227948,0.0134866,-0.0464163,-0.0256681,0.0151892,-0.0527314
114,0,0,0,-0.00233336,0.000461203,-0.00437337,-0.00470637,0.000930584,-0.00888287,-0.00712241,0.00140881,-0.0135392,-0.00958535,0.00189666,-0.0183544,-0.0120997,0.00239501,-0.0233423,-0.0146705,0.0029049,-0.0285192,-0.0173042,0.00342757,-0.0339036,-0.0200078,0.00396445,-0.0395178,-0.0227904,0.00451735,-0.0453886,-0.0256628,0.00508844,-0.051548
115,0,0,0,-0.00233336,-0.000461203,-0.00437337,-0.00470637,-0.000930584,-0.00888287,-0.00712241,-0.00140881,-0.0135392,-0.00958535,-0.00189666,-0.0183544,-0.0120997,-0.00239501,-0.0233423,-0.0146705,-0.0029049,-0.0285192,-0.0173042,-0.00342757,-0.0339036,-0.0200078,-0.00396445,-0.0395178,-0.0227904,-0.00451735,-0.0453886,-0.0256628,-0.00508844,-0.051548
116,0,0,0,-0.00233314,-0.00137859,-0.00446564,-0.00470618,-0.0027812,-0.00907145,-0.00712247,-0.00420984,-0.0138285,-0.00958585,-0.00566678,-0.0187495,-0.0121007,-0.00715465,-0.023849,-0.0146723,-0.00867655,-0.0291438,-0.0173067,-0.0102361,-0.0346536,-0.0200113,-0.0118377,-0.0404017,-0.0227948,-0.0134866,-0.0464163,-0.0256681,-0.0151892,-0.0527314
117,0,0,0,-0.00240555,0.00143621,-0.00642001,-0.00485157,0.00289664,-0.0130421,-0.00734169,0.00438346,-0.0198827,-0.0098801,0.00589913,-0.0269607,-0.0124717,0.00744656,-0.0342979,-0.0151221,0.00902912,-0.0419196,-0.0178382,0.0106508,-0.0498556,-0.0206281,0.0123165,-0.0581414,-0.0235019,0.0140322,-0.0668199,-0.0264717,0.015805,-0.0759436
118,0,0,0,-0.0024153,0.000480919,-0.00633647,-0.00487152,0.00096999,-0.0128717,-0.00737238,0.00146794,-0.0196219,-0.00992215,0.0019756,-0.0266054,-0.0125258,0.00249394,-0.0338436,-0.0151892,0.0030241,-0.041361,-0.0179192,0.00356743,-0.0491867,-0.0207242,0.00412556,-0.0573552,-0.0236144,0.00470048,-0.0659082,-0.0266024,0.00529465,-0.0748967
119,0,0,0,-0.0024153,-0.000480919,-0.00633647,-0.00487152,-0.00096999,-0.0128717,-0.00737238,-0.00146794,-0.0196219,-0.00992215,-0.0019756,-0.0266054,-0.0125258,-0.00249394,-0.0338436,-0.0151892,-0.0030241,-0.041361,-0.0179192,-0.00356743,-0.0491867,-0.0207242,-0.00412556,-0.0573552,-0.0236144,-0.00470048,-0.0659082,-0.0266024,-0.00529465,-0.0748967
120,0,0,0,-0.00240555,-0.00143621,-0.00642001,-0.00485157,-0.00289664,-0.0130421,-0.00734169,-0.00438346,-0.0198827,-0.0098801,-0.00589913,-0.0269607,-0.0124717,-0.00744656,-0.0342979,-0.0151221,-0.00902912,-0.0419196,-0.0178382,-0.0106508,-0.0498556,-0.0206281,-0.0123165,-0.0581414,-0.0235019,-0.0140322,-0.0668199,-0.0264717,-0.015805,-0.0759436
121,0,0,0,0,0,0,0,0,0,0,0,0,0,0,0,0,0,0,0,0,0,0,0,0,0,0,0,0,0,0,0,0,0
122,0,0,0,0,0,0,0,0,0,0,0,0,0,0,0,0,0,0,0,0,0,0,0,0,0,0,0,0,0,0,0,0,0
123,0,0,0,0,0,0,0,0,0,0,0,0,0,0,0,0,0,0,0,0,0,0,0,0,0,0,0,0,0,0,0,0,0
124,0,0,0,0,0,0,0,0,0,0,0,0,0,0,0,0,0,0,0,0,0,0,0,0,0,0,0,0,0,0,0,0,0
125,0,0,0,0,0,0,0,0,0,0,0,0,0,0,0,0,0,0,0,0,0,0,0,0,0,0,0,0,0,0,0,0,0
126,0,0,0,0,0,0,0,0,0,0,0,0,0,0,0,0,0,0,0,0,0,0,0,0,0,0,0,0,0,0,0,0,0
127,0,0,0,0,0,0,0,0,0,0,0,0,0,0,0,0,0,0,0,0,0,0,0,0,0,0,0,0,0,0,0,0,0
128,0,0,0,0,0,0,0,0,0,0,0,0,0,0,0,0,0,0,0,0,0,0,0,0,0,0,0,0,0,0,0,0,0
129,0,0,0,0,0,0,0,0,0,0,0,0,0,0,0,0,0,0,0,0,0,0,0,0,0,0,0,0,0,0,0,0,0
130,0,0,0,0,0,0,0,0,0,0,0,0,0,0,0,0,0,0,0,0,0,0,0,0,0,0,0,0,0,0,0,0,0
131,0,0,0,0,0,0,0,0,0,0,0,0,0,0,0,0,0,0,0,0,0,0,0,0,0,0,0,0,0,0,0,0,0
132,0,0,0,0,0,0,0,0,0,0,0,0,0,0,0,0,0,0,0,0,0,0,0,0,0,0,0,0,0,0,0,0,0
133,0,0,0,0,0,0,0,0,0,0,0,0,0,0,0,0,0,0,0,0,0,0,0,0,0,0,0,0,0,0,0,0,0
134,0,0,0,0,0,0,0,0,0,0,0,0,0,0,0,0,0,0,0,0,0,0,0,0,0,0,0,0,0,0,0,0,0
135,0,0,0,0,0,0,0,0,0,0,0,0,0,0,0,0,0,0,0,0,0,0,0,0,0,0,0,0,0,0,0,0,0
136,0,0,0,0,0,0,0,0,0,0,0,0,0,0,0,0,0,0,0,0,0,0,0,0,0,0,0,0,0,0,0,0,0
137,0,0,0,-0.00148643,-0.00148643,-0.00832841,-0.00299838,-0.00299838,-0.0169196,-0.00453819,-0.00453819,-0.0257955,-0.00610858,-0.00610858,-0.034981,-0.00771269,-0.00771269,-0.0445051,-0.00935424,-0.00935424,-0.0544013,-0.0110377,-0.0110377,-0.0647095,-0.0127683,-0.0127683,-0.0754769,-0.0145527,-0.0145527,-0.0867612,-0.0163989,-0.0163989,-0.0986329
138,0,0,0,-0.000499444,-0.00148519,-0.00825709,-0.00100754,-0.0029956,-0.0167747,-0.00152509,-0.00453359,-0.0255743,-0.00205301,-0.00610184,-0.0346807,-0.00259237,-0.0077035,-0.0441223,-0.00314442,-0.00934225,-0.0539324,-0.00371067,-0.0110225,-0.0641502,-0.00429293,-0.0127496,-0.0748223,-0.00489343,-0.01453,-0.0860055,-0.00551494,-0.0163719,-0.0977693
139,0,0,0,0.000499444,-0.00148519,-0.00825709,0.00100754,-0.0029956,-0.0167747,0.00152509,-0.00453359,-0.0255743,0.00205301,-0.00610184,-0.0346807,0.00259237,-0.0077035,-0.0441223,0.00314442,-0.00934225,-0.0539324,0.00371067,-0.0110225,-0.0641502,0.00429293,-0.0127496,-0.0748223,0.00489343,-0.01453,-0.0860055,0.00551494,-0.0163719,-0.0977693
140,0,0,0,0.00148643,-0.00148643,-0.00832841,0.00299838,-0.00299838,-0.0169196,0.00453819,-0.00453819,-0.0257955,0.00610858,-0.00610858,-0.034981,0.00771269,-0.00771269,-0.0445051,0.00935424,-0.00935424,-0.0544013,0.0110377,-0.0110377,-0.0647095,0.0127683,-0.0127683,-0.0754769,0.0145527,-0.0145527,-0.0867612,0.0163989,-0.0163989,-0.0986329
141,0,0,0,-0.00148519,-0.000499444,-0.00825709,-0.0029956,-0.00100754,-0.0167747,-0.00453359,-0.00152509,-0.0255743,-0.00610184,-0.00205301,-0.0346807,-0.0077035,-0.00259237,-0.0441223,-0.00934225,-0.00314442,-0.0539324,-0.0110225,-0.00371067,-0.0641502,-0.0127496,-0.00429293,-0.0748223,-0.01453,-0.00489343,-0.0860055,-0.0163719,-0.00551494,-0.0977693
142,0,0,0,-0.000499137,-0.000499137,-0.00819126,-0.00100683,-0.00100683,-0.016641,-0.00152386,-0.00152386,-0.0253706,-0.00205116,-0.00205116,-0.0344044,-0.00258977,-0.00258977,-0.0437705,-0.00314095,-0.00314095,-0.0535019,-0.00370621,-0.00370621,-0.0636372,-0.00428734,-0.00428734,-0.0742225,-0.00488655,-0.00488655,-0.0853138,-0.00550661,-0.00550661,-0.0969796
143,0,0,0,0.000499137,-0.000499137,-0.00819126,0.00100683,-0.00100683,-0.016641,0.00152386,-0.00152386,-0.0253706,0.00205116,-0.00205116,-0.0344044,0.00258977,-0.00258977,-0.0437705,0.00314095,-0.00314095,-0.0535019,0.00370621,-0.00370621,-0.0636372,0.00428734,-0.00428734,-0.0742225,0.00488655,-0.00488655,-0.0853138,0.00550661,-0.00550661,-0.0969796
144,0,0,0,0.00148519,-0.000499444,-0.00825709,0.0029956,-0.00100754,-0.0167747,0.00453359,-0.00152509,-0.0255743,0.00610184,-0.00205301,-0.0346807,0.0077035,-0.00259237,-0.0441223,0.00934225,-0.00314442,-0.0539324,0.0110225,-0.00371067,-0.0641502,0.0127496,-0.00429293,-0.0748223,0.01453,-0.00489343,-0.0860055,0.0163719,-0.00551494,-0.0977693
145,0,0,0,-0.00148519,0.000499444,-0.00825709,-0.0029956,0.00100754,-0.0167747,-0.00453359,0.00152509,-0.0255743,-0.00610184,0.00205301,-0.0346807,-0.0077035,0.00259237,-0.0441223,-0.00934225,0.00314442,-0.0539324,-0.0110225,0.00371067,-0.0641502,-0.0127496,0.00429293,-0.0748223,-0.01453,0.00489343,-0.0860055,-0.0163719,0.00551494,-0.0977693
146,0,0,0,-0.000499137,0.000499137,-0.00819126,-0.00100683,0.00100683,-0.016641,-0.00152386,0.00152386,-0.0253706,-0.00205116,0.00205116,-0.0344044,-0.00258977,0.00258977,-0.0437705,-0.00314095,0.00314095,-0.0535019,-0.00370621,0.00370621,-0.0636372,-0.00428734,0.00428734,-0.0742225,-0.00488655,0.00488655,-0.0853138,-0.00550661,0.00550661,-0.0969796
147,0,0,0,0.000499137,0.000499137,-0.00819126,0.00100683,0.00100683,-0.016641,0.00152386,0.00152386,-0.0253706,0.00205116,0.00205116,-0.0344044,0.00258977,0.00258977,-0.0437705,0.00314095,0.00314095,-0.0535019,0.00370621,0.00370621,-0.0636372,0.00428734,0.00428734,-0.0742225,0.00488655,0.00488655,-0.0853138,0.00550661,0.00550661,-0.0969796
148,0,0,0,0.00148519,0.000499444,-0.00825709,0.0029956,0.00100754,-0.0167747,0.00453359,0.00152509,-0.0255743,0.00610184,0.00205301,-0.0346807,0.0077035,0.00259237,-0.0441223,0.00934225,0.00314442,-0.0539324,0.0110225,0.00371067,-0.0641502,0.0127496,0.00429293,-0.0748223,0.01453,0.00489343,-0.0860055,0.0163719,0.00551494,-0.0977693
149,0,0,0,-0.00148643,0.00148643,-0.00832841,-0.00299838,0.00299838,-0.0169196,-0.00453819,0.00453819,-0.0257955,-0.00610858,0.00610858,-0.034981,-0.00771269,0.00771269,-0.0445051,-0.00935424,0.00935424,-0.0544013,-0.0110377,0.0110377,-0.0647095,-0.0127683,0.0127683,-0.0754769,-0.0145527,0.0145527,-0.0867612,-0.0163989,0.0163989,-0.0986329
150,0,0,0,-0.000499444,0.00148519,-0.00825709,-0.00100754,0.0029956,-0.0167747,-0.00152509,0.00453359,-0.0255743,-0.00205301,0.00610184,-0.0346807,-0.00259237,0.0077035,-0.0441223,-0.00314442,0.00934225,-0.0539324,-0.00371067,0.0110225,-0.0641502,-0.00429293,0.0127496,-0.0748223,-0.00489343,0.01453,-0.0860055,-0.00551494,0.0163719,-0.0977693
151,0,0,0,0.000499444,0.00148519,-0.00825709,0.00100754,0.0029956,-0.0167747,0.00152509,0.00453359,-0.0255743,0.00205301,0.00610184,-0.0346807,0.00259237,0.0077035,-0.0441223,0.00314442,0.00934225,-0.0539324,0.00371067,0.0110225,-0.0641502,0.00429293,0.0127496,-0.0748223,0.00489343,0.01453,-0.0860055,0.00551494,0.0163719,-0.0977693
152,0,0,0,0.00148643,0.00148643,-0.00832841,0.00299838,0.00299838,-0.0169196,0.00453819,0.00453819,-0.0257955,0.00610858,0.00610858,-0.034981,0.00771269,0.00771269,-0.0445051,0.00935424,0.00935424,-0.0544013,0.0110377,0.0110377,-0.0647095,0.0127683,0.0127683,-0.0754769,0.0145527,0.0145527,-0.0867612,0.0163989,0.0163989,-0.0986329
153,0,0,0,-0.000832264,-0.000832264,-0.000747798,-0.00168386,-0.00168386,-0.00151762,-0.00255591,-0.00255591,-0.00231097,-0.00344968,-0.00344968,-0.00312951,-0.00436655,-0.00436655,-0.00397514,-0.0053081,-0.0053081,-0.00484995,-0.00627612,-0.00627612,-0.00575636,-0.00727264,-0.00727264,-0.0066971,-0.00830008,-0.00830008,-0.00767541,-0.00936119,-0.00936119,-0.00869499
154,0,0,0,-0.000264381,-0.000865921,-0.000736522,-0.000535606,-0.00174953,-0.00149264,-0.000814067,-0.0026518,-0.00226956,-0.0011002,-0.0035738,-0.00306865,-0.00139448,-0.00451671,-0.00389138,-0.00169745,-0.0054819,-0.00473945,-0.00200973,-0.00647088,-0.00561473,-0.00233199,-0.00748538,-0.00651936,-0.00266506,-0.00852745,-0.00745585,-0.00300987,-0.00959941,-0.00842703
155,0,0,0,0.000264381,-0.000865921,-0.000736522,0.000535606,-0.00174953,-0.00149264,0.000814067,-0.0026518,-0.00226956,0.0011002,-0.0035738,-0.00306865,0.00139448,-0.00451671,-0.00389138,0.00169745,-0.0054819,-0.00473945,0.00200973,-0.00647088,-0.00561473,0.00233199,-0.00748538,-0.00651936,0.00266506,-0.00852745,-0.00745585,0.00300987,-0.00959941,-0.00842703
156,0,0,0,0.000832264,-0.000832264,-0.000747798,0.00168386,-0.00168386,-0.00151762,0.00255591,-0.00255591,-0.00231097,0.00344968,-0.00344968,-0.00312951,0.00436655,-0.00436655,-0.00397514,0.0053081,-0.0053081,-0.00484995,0.00627612,-0.00627612,-0.00575636,0.00727264,-0.00727264,-0.0066971,0.00830008,-0.00830008,-0.00767541,0.00936119,-0.00936119,-0.00869499
157,0,0,0,-0.000865921,-0.000264381,-0.000736522,-0.00174953,-0.000535606,-0.00149264,-0.0026518,-0.000814067,-0.00226956,-0.0035738,-0.0011002,-0.00306865,-0.00451671,-0.00139448,-0.00389138,-0.0054819,-0.00169745,-0.00473945,-0.00647088,-0.00200973,-0.00561473,-0.00748538,-0.00233199,-0.00651936,-0.00852745,-0.00266506,-0.00745585,-0.00959941,-0.00300987,-0.00842703
158,0,0,0,-0.000275012,-0.000275012,-0.000716006,-0.000556332,-0.000556332,-0.00144862,-0.000844298,-0.000844298,-0.00219879,-0.00113928,-0.00113928,-0.00296753,-0.0014417,-0.0014417,-0.00375597,-0.00175201,-0.00175201,-0.00456538,-0.00207074,-0.00207074,-0.00539716,-0.00239847,-0.00239847,-0.00625287,-0.00273589,-0.00273589,-0.00713435,-0.00308378,-0.00308378,-0.00804363
159,0,0,0,0.000275012,-0.000275012,-0.000716006,0.000556332,-0.000556332,-0.00144862,0.000844298,-0.000844298,-0.00219879,0.00113928,-0.00113928,-0.00296753,0.0014417,-0.0014417,-0.00375597,0.00175201,-0.00175201,-0.00456538,0.00207074,-0.00207074,-0.00539716,0.00239847,-0.00239847,-0.00625287,0.00273589,-0.00273589,-0.00713435,0.00308378,-0.00308378,-0.00804363
160,0,0,0,0.000865921,-0.000264381,-0.000736522,0.00174953,-0.000535606,-0.00149264,0.0026518,-0.000814067,-0.00226956,0.0035738,-0.0011002,-0.00306865,0.00451671,-0.00139448,-0.00389138,0.0054819,-0.00169745,-0.00473945,0.00647088,-0.00200973,-0.00561473,0.00748538,-0.00233199,-0.00651936,0.00852745,-0.00266506,-0.00745585,0.00959941,-0.00300987,-0.00842703
161,0,0,0,-0.000865921,0.000264381,-0.000736522,-0.00174953,0.000535606,-0.00149264,-0.0026518,0.000814067,-0.00226956,-0.0035738,0.0011002,-0.00306865,-0.00451671,0.00139448,-0.00389138,-0.0054819,0.00169745,-0.00473945,-0.00647088,0.00200973,-0.00561473,-0.00748538,0.00233199,-0.00651936,-0.00852745,0.00266506,-0.00745585,-0.00959941,0.00300987,-0.00842703
162,0,0,0,-0.000275012,0.000275012,-0.000716006,-0.000556332,0.000556332,-0.00144862,-0.000844298,0.000844298,-0.00219879,-0.00113928,0.00113928,-0.00296753,-0.0014417,0.0014417,-0.00375597,-0.00175201,0.00175201,-0.00456538,-0.00207074,0.00207074,-0.00539716,-0.00239847,0.00239847,-0.00625287,-0.00273589,0.00273589,-0.00713435,-0.00308378,0.00308378,-0.00804363
163,0,0,0,0.000275012,0.000275012,-0.000716006,0.000556332,0.000556332,-0.00144862,0.000844298,0.000844298,-0.00219879,0.00113928,0.00113928,-0.00296753,0.0014417,0.0014417,-0.00375597,0.00175201,0.00175201,-0.00456538,0.00207074,0.00207074,-0.00539716,0.00239847,0.00239847,-0.00625287,0.00273589,0.00273589,-0.00713435,0.00308378,0.00308378,-0.00804363
164,0,0,0,0.000865921,0.000264381,-0.000736522,0.00174953,0.000535606,-0.00149264,0.0026518,0.000814067,-0.00226956,0.0035738,0.0011002,-0.00306865,0.00451671,0.00139448,-0.00389138,0.0054819,0.00169745,-0.00473945,0.00647088,0.00200973,-0.00561473,0.00748538,0.00233199,-0.00651936,0.00852745,0.00266506,-0.00745585,0.00959941,0.00300987,-0.00842703
165,0,0,0,-0.000832264,0.000832264,-0.000747798,-0.00168386,0.00168386,-0.00151762,-0.00255591,0.00255591,-0.00231097,-0.00344968,0.00344968,-0.00312951,-0.00436655,0.00436655,-0.00397514,-0.0053081,0.0053081,-0.00484995,-0.00627612,0.00627612,-0.00575636,-0.00727264,0.00727264,-0.0066971,-0.00830008,0.00830008,-0.00767541,-0.00936119,0.00936119,-0.00869499
166,0,0,0,-0.000264381,0.000865921,-0.000736522,-0.000535606,0.00174953,-0.00149264,-0.000814067,0.0026518,-0.00226956,-0.0011002,0.0035738,-0.00306865,-0.00139448,0.00451671,-0.00389138,-0.00169745,0.0054819,-0.00473945,-0.00200973,0.00647088,-0.00561473,-0.00233199,0.00748538,-0.00651936,-0.00266506,0.00852745,-0.00745585,-0.00300987,0.00959941,-0.00842703
167,0,0,0,0.000264381,0.000865921,-0.000736522,0.000535606,0.00174953,-0.00149264,0.000814067,0.0026518,-0.00226956,0.0011002,0.0035738,-0.00306865,0.00139448,0.00451671,-0.00389138,0.00169745,0.0054819,-0.00473945,0.00200973,0.00647088,-0.00561473,0.00233199,0.00748538,-0.00651936,0.00266506,0.00852745,-0.00745585,0.00300987,0.00959941,-0.00842703
168,0,0,0,0.000832264,0.000832264,-0.000747798,0.00168386,0.00168386,-0.00151762,0.00255591,0.00255591,-0.00231097,0.00344968,0.00344968,-0.00312951,0.00436655,0.00436655,-0.00397514,0.0053081,0.0053081,-0.00484995,0.00627612,0.00627612,-0.00575636,0.00727264,0.00727264,-0.0066971,0.00830008,0.00830008,-0.00767541,0.00936119,0.00936119,-0.00869499
169,0,0,0,-0.00125656,-0.00125656,-0.00237323,-0.0025373,-0.0025373,-0.00481781,-0.00384392,-0.00384392,-0.00733891,-0.00517832,-0.00517832,-0.00994235,-0.0065427,-0.0065427,-0.0126347,-0.00793959,-0.00793959,-0.0154236,-0.00937193,-0.00937193,-0.0183177,-0.0108431,-0.0108431,-0.021327,-0.0123574,-0.0123574,-0.0244638,-0.0139197,-0.0139197,-0.0277422
170,0,0,0,-0.000410721,-0.00125849,-0.00230695,-0.000829805,-0.00253999,-0.00468122,-0.00125782,-0.00384615,-0.00712756,-0.0016954,-0.00517886,-0.00965127,-0.00214328,-0.00654023,-0.0122583,-0.0026023,-0.00793274,-0.0149556,-0.00307345,-0.00935924,-0.017751,-0.00355786,-0.0108231,-0.0206535,-0.00405692,-0.0123282,-0.0236739,-0.00457228,-0.0138796,-0.0268249
171,0,0,0,0.000410721,-0.00125849,-0.00230695,0.000829805,-0.00253999,-0.00468122,0.00125782,-0.00384615,-0.00712756,0.0016954,-0.00517886,-0.00965127,0.00214328,-0.00654023,-0.0122583,0.0026023,-0.00793274,-0.0149556,0.00307345,-0.00935924,-0.017751,0.00355786,-0.0108231,-0.0206535,0.00405692,-0.0123282,-0.0236739,0.00457228,-0.0138796,-0.0268249
172,0,0,0,0.00125656,-0.00125656,-0.00237323,0.0025373,-0.0025373,-0.00481781,0.00384392,-0.00384392,-0.00733891,0.00517832,-0.00517832,-0.00994235,0.0065427,-0.0065427,-0.0126347,0.00793959,-0.00793959,-0.0154236,0.00937193,-0.00937193,-0.0183177,0.0108431,-0.0108431,-0.021327,0.0123574,-0.0123574,-0.0244638,0.0139197,-0.0139197,-0.0277422
173,0,0,0,-0.00125849,-0.000410721,-0.00230695,-0.00253999,-0.000829805,-0.00468122,-0.00384615,-0.00125782,-0.00712756,-0.00517886,-0.0016954,-0.00965127,-0.00654023,-0.00214328,-0.0122583,-0.00793274,-0.0026023,-0.0149556,-0.00935924,-0.00307345,-0.017751,-0.0108231,-0.00355786,-0.0206535,-0.0123282,-0.00405692,-0.0236739,-0.0138796,-0.00457228,-0.0268249
174,0,0,0,-0.000411552,-0.000411552,-0.0022262,-0.000831087,-0.000831087,-0.00451546,-0.00125916,-0.00125916,-0.00687206,-0.00169639,-0.00169639,-0.00930077,-0.00214349,-0.00214349,-0.011807,-0.00260129,-0.00260129,-0.0143968,-0.00307072,-0.00307072,-0.0170772,-0.0035529,-0.0035529,-0.0198561,-0.00404917,-0.00404917,-0.0227432,-0.0045611,-0.0045611,-0.0257492
175,0,0,0,0.000411552,-0.000411552,-0.0022262,0.000831087,-0.000831087,-0.00451546,0.00125916,-0.00125916,-0.00687206,0.00169639,-0.00169639,-0.00930077,0.00214349,-0.00214349,-0.011807,0.00260129,-0.00260129,-0.0143968,0.00307072,-0.00307072,-0.0170772,0.0035529,-0.0035529,-0.0198561,0.00404917,-0.00404917,-0.0227432,0.0045611,-0.0045611,-0.0257492
176,0,0,0,0.00125849,-0.000410721,-0.00230695,0.00253999,-0.000829805,-0.00468122,0.00384615,-0.00125782,-0.00712756,0.00517886,-0.0016954,-0.00965127,0.00654023,-0.00214328,-0.0122583,0.00793274,-0.0026023,-0.0149556,0.00935924,-0.00307345,-0.017751,0.0108231,-0.00355786,-0.0206535,0.0123282,-0.00405692,-0.0236739,0.0138796,-0.00457228,-0.0268249
177,0,0,0,-0.00125849,0.000410721,-0.00230695,-0.00253999,0.000829805,-0.00468122,-0.00384615,0.00125782,-0.00712756,-0.00517886,0.0016954,-0.00965127,-0.00654023,0.00214328,-0.0122583,-0.00793274,0.0026023,-0.0149556,-0.00935924,0.00307345,-0.017751,-0.0108231,0.00355786,-0.0206535,-0.0123282,0.00405692,-0.0236739,-0.0138796,0.00457228,-0.0268249
178,0,0,0,-0.000411552,0.000411552,-0.0022262,-0.000831087,0.000831087,-0.00451546,-0.00125916,0.00125916,-0.00687206,-0.00169639,0.00169639,-0.00930077,-0.00214349,0.00214349,-0.011807,-0.00260129,0.00260129,-0.0143968,-0.00307072,0.00307072,-0.0170772,-0.0035529,0.0035529,-0.0198561,-0.00404917,0.00404917,-0.0227432,-0.0045611,0.0045611,-0.0257492
179,0,0,0,0.000411552,0.000411552,-0.0022262,0.000831087,0.000831087,-0.00451546,0.00125916,0.00125916,-0.00687206,0.00169639,0.00169639,-0.00930077,0.00214349,0.00214349,-0.011807,0.00260129,0.00260129,-0.0143968,0.00307072,0.00307072,-0.0170772,0.0035529,0.0035529,-0.0198561,0.00404917,0.00404917,-0.0227432,0.0045611,0.0045611,-0.0257492
180,0,0,0,0.00125849,0.000410721,-0.00230695,0.00253999,0.000829805,-0.00468122,0.00384615,0.00125782,-0.00712756,0.00517886,0.0016954,-0.00965127,0.00654023,0.00214328,-0.0122583,0.00793274,0.0026023,-0.0149556,0.00935924,0.00307345,-0.017751,0.0108231,0.00355786,-0.0206535,0.0123282,0.00405692,-0.0236739,0.0138796,0.00457228,-0.0268249
181,0,0,0,-0.00125656,0.00125656,-0.00237323,-0.0025373,0.0025373,-0.00481781,-0.00384392,0.00384392,-0.00733891,-0.00517832,0.00517832,-0.00994235,-0.0065427,0.0065427,-0.0126347,-0.00793959,0.00793959,-0.0154236,-0.00937193,0.00937193,-0.0183177,-0.0108431,0.0108431,-0.021327,-0.0123574,0.0123574,-0.0244638,-0.0139197,0.0139197,-0.0277422
182,0,0,0,-0.000410721,0.00125849,-0.00230695,-0.000829805,0.00253999,-0.00468122,-0.00125782,0.00384615,-0.00712756,-0.0016954,0.00517886,-0.00965127,-0.00214328,0.00654023,-0.0122583,-0.0026023,0.00793274,-0.0149556,-0.00307345,0.00935924,-0.017751,-0.00355786,0.0108231,-0.0206535,-0.00405692,0.0123282,-0.0236739,-0.00457228,0.0138796,-0.0268249
183,0,0,0,0.000410721,0.00125849,-0.00230695,0.000829805,0.00253999,-0.00468122,0.00125782,0.00384615,-0.00712756,0.0016954,0.00517886,-0.00965127,0.00214328,0.00654023,-0.0122583,0.0026023,0.00793274,-0.0149556,0.00307345,0.00935924,-0.017751,0.00355786,0.0108231,-0.0206535,0.00405692,0.0123282,-0.0236739,0.00457228,0.0138796,-0.0268249
184,0,0,0,0.00125656,0.00125656,-0.00237323,0.0025373,0.0025373,-0.00481781,0.00384392,0.00384392,-0.00733891,0.00517832,0.00517832,-0.00994235,0.0065427,0.0065427,-0.0126347,0.00793959,0.00793959,-0.0154236,0.00937193,0.00937193,-0.0183177,0.0108431,0.0108431,-0.021327,0.0123574,0.0123574,-0.0244638,0.0139197,0.0139197,-0.0277422
185,0,0,0,-0.00140316,-0.00140316,-0.00429194,-0.00283104,-0.00283104,-0.00871616,-0.00428568,-0.00428568,-0.0132829,-0.00576939,-0.00576939,-0.0180037,-0.00728489,-0.00728489,-0.022892,-0.00883531,-0.00883531,-0.027963,-0.0104244,-0.0104244,-0.0332347,-0.0120565,-0.0120565,-0.0387282,-0.0137371,-0.0137371,-0.0444688,-0.0154728,-0.0154728,-0.0504868
186,0,0,0,-0.000466505,-0.00140894,-0.00420126,-0.000941401,-0.00284254,-0.00853061,-0.00142537,-0.00430286,-0.0129978,-0.00191919,-0.00579224,-0.017614,-0.00242376,-0.0073134,-0.0223917,-0.00294013,-0.00886953,-0.0273455,-0.00346956,-0.0104644,-0.0324926,-0.00401352,-0.0121024,-0.0378526,-0.00457382,-0.0137889,-0.0434495,-0.00515267,-0.0155307,-0.0493119
187,0,0,0,0.000466505,-0.00140894,-0.00420126,0.000941401,-0.00284254,-0.00853061,0.00142537,-0.00430286,-0.0129978,0.00191919,-0.00579224,-0.017614,0.00242376,-0.0073134,-0.0223917,0.00294013,-0.00886953,-0.0273455,0.00346956,-0.0104644,-0.0324926,0.00401352,-0.0121024,-0.0378526,0.00457382,-0.0137889,-0.0434495,0.00515267,-0.0155307,-0.0493119
188,0,0,0,0.00140316,-0.00140316,-0.00429194,0.00283104,-0.00283104,-0.00871616,0.00428568,-0.00428568,-0.0132829,0.00576939,-0.00576939,-0.0180037,0.00728489,-0.00728489,-0.022892,0.00883531,-0.00883531,-0.027963,0.0104244,-0.0104244,-0.0332347,0.0120565,-0.0120565,-0.0387282,0.0137371,-0.0137371,-0.0444688,0.0154728,-0.0154728,-0.0504868
189,0,0,0,-0.00140894,-0.000466505,-0.00420126,-0.00284254,-0.000941401,-0.00853061,-0.00430286,-0.00142537,-0.0129978,-0.00579224,-0.00191919,-0.017614,-0.0073134,-0.00242376,-0.0223917,-0.00886953,-0.00294013,-0.0273455,-0.0104644,-0.00346956,-0.0324926,-0.0121024,-0.00401352,-0.0378526,-0.0137889,-0.00457382,-0.0434495,-0.0155307,-0.00515267,-0.0493119
190,0,0,0,-0.00046923,-0.00046923,-0.00410871,-0.000946826,-0.000946826,-0.00834149,-0.00143348,-0.00143348,-0.0127077,-0.00192997,-0.00192997,-0.0172177,-0.00243722,-0.00243722,-0.0218838,-0.00295628,-0.00295628,-0.0267195,-0.00348842,-0.00348842,-0.0317411,-0.00403512,-0.00403512,-0.0369671,-0.0045982,-0.0045982,-0.0424201,-0.00517988,-0.00517988,-0.0481268
191,0,0,0,0.00046923,-0.00046923,-0.00410871,0.000946826,-0.000946826,-0.00834149,0.00143348,-0.00143348,-0.0127077,0.00192997,-0.00192997,-0.0172177,0.00243722,-0.00243722,-0.0218838,0.00295628,-0.00295628,-0.0267195,0.00348842,-0.00348842,-0.0317411,0.00403512,-0.00403512,-0.0369671,0.0045982,-0.0045982,-0.0424201,0.00517988,-0.00517988,-0.0481268
192,0,0,0,0.00140894,-0.000466505,-0.00420126,0.00284254,-0.000941401,-0.00853061,0.00430286,-0.00142537,-0.0129978,0.00579224,-0.00191919,-0.017614,0.0073134,-0.00242376,-0.0223917,0.00886953,-0.00294013,-0.0273455,0.0104644,-0.00346956,-0.0324926,0.0121024,-0.00401352,-0.0378526,0.0137889,-0.00457382,-0.0434495,0.0155307,-0.00515267,-0.0493119
193,0,0,0,-0.00140894,0.000466505,-0.00420126,-0.00284254,0.000941401,-0.00853061,-0.00430286,0.00142537,-0.0129978,-0.00579224,0.00191919,-0.017614,-0.0073134,0.00242376,-0.0223917,-0.00886953,0.00294013,-0.0273455,-0.0104644,0.00346956,-0.0324926,-0.0121024,0.00401352,-0.0378526,-0.0137889,0.00457382,-0.0434495,-0.0155307,0.00515267,-0.0493119
194,0,0,0,-0.00046923,0.00046923,-0.00410871,-0.000946826,0.000946826,-0.00834149,-0.00143348,0.00143348,-0.0127077,-0.00192997,0.00192997,-0.0172177,-0.00243722,0.00243722,-0.0218838,-0.00295628,0.00295628,-0.0267195,-0.00348842,0.00348842,-0.0317411,-0.00403512,0.00403512,-0.0369671,-0.0045982,0.0045982,-0.0424201,-0.00517988,0.00517988,-0.0481268
195,0,0,0,0.00046923,0.00046923,-0.00410871,0.000946826,0.000946826,-0.00834149,0.00143348,0.00143348,-0.0127077,0.00192997,0.00192997,-0.0172177,0.00243722,0.00243722,-0.0218838,0.00295628,0.00295628,-0.0267195,0.00348842,0.00348842,-0.0317411,0.00403512,0.00403512,-0.0369671,0.0045982,0.0045982,-0.0424201,0.00517988,0.00517988,-0.0481268
196,0,0,0,0.00140894,0.000466505,-0.00420126,0.00284254,0.000941401,-0.00853061,0.00430286,0.00142537,-0.0129978,0.00579224,0.00191919,-0.017614,0.0073134,0.00242376,-0.0223917,0.00886953,0.00294013,-0.0273455,0.0104644,0.00346956,-0.0324926,0.0121024,0.00401352,-0.0378526,0.0137889,0.00457382,-0.0434495,0.0155307,0.00515267,-0.0493119
197,0,0,0,-0.00140316,0.00140316,-0.00429194,-0.00283104,0.00283104,-0.00871616,-0.00428568,0.00428568,-0.0132829,-0.00576939,0.00576939,-0.0180037,-0.00728489,0.00728489,-0.022892,-0.00883531,0.00883531,-0.027963,-0.0104244,0.0104244,-0.0332347,-0.0120565,0.0120565,-0.0387282,-0.0137371,0.0137371,-0.0444688,-0.0154728,0.0154728,-0.0504868
198,0,0,0,-0.000466505,0.00140894,-0.00420126,-0.000941401,0.00284254,-0.00853061,-0.00142537,0.00430286,-0.0129978,-0.00191919,0.00579224,-0.017614,-0.00242376,0.0073134,-0.0223917,-0.00294013,0.00886953,-0.0273455,-0.00346956,0.0104644,-0.0324926,-0.00401352,0.0121024,-0.0378526,-0.00457382,0.0137889,-0.0434495,-0.00515267,0.0155307,-0.0493119
199,0,0,0,0.000466505,0.00140894,-0.00420126,0.000941401,0.00284254,-0.00853061,0.00142537,0.00430286,-0.0129978,0.00191919,0.00579224,-0.017614,0.00242376,0.0073134,-0.0223917,0.00294013,0.00886953,-0.0273455,0.00346956,0.0104644,-0.0324926,0.00401352,0.0121024,-0.0378526,0.00457382,0.0137889,-0.0434495,0.00515267,0.0155307,-0.0493119
200,0,0,0,0.00140316,0.00140316,-0.00429194,0.00283104,0.00283104,-0.00871616,0.00428568,0.00428568,-0.0132829,0.00576939,0.00576939,-0.0180037,0.00728489,0.00728489,-0.022892,0.00883531,0.00883531,-0.027963,0.0104244,0.0104244,-0.0332347,0.0120565,0.0120565,-0.0387282,0.0137371,0.0137371,-0.0444688,0.0154728,0.0154728,-0.0504868
201,0,0,0,-0.00145022,-0.00145022,-0.00629504,-0.00292504,-0.00292504,-0.0127869,-0.00442665,-0.00442665,-0.0194914,-0.00595759,-0.00595759,-0.0264268,-0.00752078,-0.00752078,-0.0336139,-0.0091197,-0.0091197,-0.041077,-0.0107584,-0.0107584,-0.0488446,-0.0124419,-0.0124419,-0.0569504,-0.0141762,-0.0141762,-0.0654354,-0.0159688,-0.0159688,-0.0743492
202,0,0,0,-0.000484357,-0.00145828,-0.00620861,-0.000976992,-0.00294147,-0.0126106,-0.00147864,-0.00445182,-0.0192215,-0.00199015,-0.00599191,-0.026059,-0.0025125,-0.00756475,-0.0331434,-0.00304686,-0.00917389,-0.0404984,-0.00359459,-0.0108235,-0.0481516,-0.00415736,-0.0125187,-0.0561358,-0.00473718,-0.0142656,-0.0644907,-0.00533657,-0.0160718,-0.0732644
203,0,0,0,0.000484357,-0.00145828,-0.00620861,0.000976992,-0.00294147,-0.0126106,0.00147864,-0.00445182,-0.0192215,0.00199015,-0.00599191,-0.026059,0.0025125,-0.00756475,-0.0331434,0.00304686,-0.00917389,-0.0404984,0.00359459,-0.0108235,-0.0481516,0.00415736,-0.0125187,-0.0561358,0.00473718,-0.0142656,-0.0644907,0.00533657,-0.0160718,-0.0732644
204,0,0,0,0.00145022,-0.00145022,-0.00629504,0.00292504,-0.00292504,-0.0127869,0.00442665,-0.00442665,-0.0194914,0.00595759,-0.00595759,-0.0264268,0.00752078,-0.00752078,-0.0336139,0.0091197,-0.0091197,-0.041077,0.0107584,-0.0107584,-0.0488446,0.0124419,-0.0124419,-0.0569504,0.0141762,-0.0141762,-0.0654354,0.0159688,-0.0159688,-0.0743492
205,0,0,0,-0.00145828,-0.000484357,-0.00620861,-0.00294147,-0.000976992,-0.0126106,-0.00445182,-0.00147864,-0.0192215,-0.00599191,-0.00199015,-0.026059,-0.00756475,-0.0025125,-0.0331434,-0.00917389,-0.00304686,-0.0404984,-0.0108235,-0.00359459,-0.0481516,-0.0125187,-0.00415736,-0.0561358,-0.0142656,-0.00473718,-0.0644907,-0.0160718,-0.00533657,-0.0732644
206,0,0,0,-0.000487096,-0.000487096,-0.00612545,-0.000982564,-0.000982564,-0.0124412,-0.00148716,-0.00148716,-0.0189624,-0.00200174,-0.00200174,-0.0257062,-0.00252732,-0.00252732,-0.0326925,-0.00306508,-0.00306508,-0.0399444,-0.00361643,-0.00361643,-0.0474886,-0.00418306,-0.00418306,-0.0553571,-0.00476704,-0.00476704,-0.0635884,-0.00537093,-0.00537093,-0.072229
207,0,0,0,0.000487096,-0.000487096,-0.00612545,0.000982564,-0.000982564,-0.0124412,0.00148716,-0.00148716,-0.0189624,0.00200174,-0.00200174,-0.0257062,0.00252732,-0.00252732,-0.0326925,0.00306508,-0.00306508,-0.0399444,0.00361643,-0.00361643,-0.0474886,0.00418306,-0.00418306,-0.0553571,0.00476704,-0.00476704,-0.0635884,0.00537093,-0.00537093,-0.072229
208,0,0,0,0.00145828,-0.000484357,-0.00620861,0.00294147,-0.000976992,-0.0126106,0.00445182,-0.00147864,-0.0192215,0.00599191,-0.00199015,-0.026059,0.00756475,-0.0025125,-0.0331434,0.00917389,-0.00304686,-0.0404984,0.0108235,-0.00359459,-0.0481516,0.0125187,-0.00415736,-0.0561358,0.0142656,-0.00473718,-0.0644907,0.0160718,-0.00533657,-0.0732644
209,0,0,0,-0.00145828,0.000484357,-0.00620861,-0.00294147,0.000976992,-0.0126106,-0.00445182,0.00147864,-0.0192215,-0.00599191,0.00199015,-0.026059,-0.00756475,0.0025125,-0.0331434,-0.00917389,0.00304686,-0.0404984,-0.0108235,0.00359459,-0.0481516,-0.0125187,0.00415736,-0.0561358,-0.0142656,0.00473718,-0.0644907,-0.0160718,0.00533657,-0.0732644
210,0,0,0,-0.000487096,0.000487096,-0.00612545,-0.000982564,0.000982564,-0.0124412,-0.00148716,0.00148716,-0.0189624,-0.00200174,0.00200174,-0.0257062,-0.00252732,0.00252732,-0.0326925,-0.00306508,0.00306508,-0.0399444,-0.00361643,0.00361643,-0.0474886,-0.00418306,0.00418306,-0.0553571,-0.00476704,0.00476704,-0.0635884,-0.00537093,0.00537093,-0.072229
211,0,0,0,0.000487096,0.000487096,-0.00612545,0.000982564,0.000982564,-0.0124412,0.00148716,0.00148716,-0.0189624,0.00200174,0.00200174,-0.0257062,0.00252732,0.00252732,-0.0326925,0.00306508,0.00306508,-0.0399444,0.00361643,0.00361643,-0.0474886,0.00418306,0.00418306,-0.0553571,0.00476704,0.00476704,-0.0635884,0.00537093,0.00537093,-0.072229
212,0,0,0,0.00145828,0.000484357,-0.00620861,0.00294147,0.000976992,-0.0126106,0.00445182,0.00147864,-0.0192215,0.00599191,0.00199015,-0.026059,0.00756475,0.0025125,-0.0331434,0.00917389,0.00304686,-0.0404984,0.0108235,0.00359459,-0.0481516,0.0125187,0.00415736,-0.0561358,0.0142656,0.00473718,-0.0644907,0.0160718,0.00533657,-0.0732644
213,0,0,0,-0.00145022,0.00145022,-0.00629504,-0.00292504,0.00292504,-0.0127869,-0.00442665,0.00442665,-0.0194914,-0.00595759,0.00595759,-0.0264268,-0.00752078,0.00752078,-0.0336139,-0.0091197,0.0091197,-0.041077,-0.0107584,0.0107584,-0.0488446,-0.0124419,0.0124419,-0.0569504,-0.0141762,0.0141762,-0.0654354,-0.0159688,0.0159688,-0.0743492
214,0,0,0,-0.000484357,0.00145828,-0.00620861,-0.000976992,0.00294147,-0.0126106,-0.00147864,0.00445182,-0.0192215,-0.00199015,0.00599191,-0.026059,-0.0025125,0.00756475,-0.0331434,-0.00304686,0.00917389,-0.0404984,-0.00359459,0.0108235,-0.0481516,-0.00415736,0.0125187,-0.0561358,-0.00473718,0.0142656,-0.0644907,-0.00533657,0.0160718,-0.0732644
215,0,0,0,0.000484357,0.00145828,-0.00620861,0.000976992,0.00294147,-0.0126106,0.00147864,0.00445182,-0.0192215,0.00199015,0.00599191,-0.026059,0.0025125,0.00756475,-0.0331434,0.00304686,0.00917389,-0.0404984,0.00359459,0.0108235,-0.0481516,0.00415736,0.0125187,-0.0561358,0.00473718,0.0142656,-0.0644907,0.00533657,0.0160718,-0.0732644
216,0,0,0,0.00145022,0.00145022,-0.00629504,0.00292504,0.00292504,-0.0127869,0.00442665,0.00442665,-0.0194914,0.00595759,0.00595759,-0.0264268,0.00752078,0.00752078,-0.0336139,0.0091197,0.0091197,-0.041077,0.0107584,0.0107584,-0.0488446,0.0124419,0.0124419,-0.0569504,0.0141762,0.0141762,-0.0654354,0.0159688,0.0159688,-0.0743492
