1,-1.2,0.4,0,-1.2,0.4,0,-1.2,0.4,0,-1.2,0.4,0,-1.2,0.4,0,-1.2,0.4,0,-1.2,0.4,0,-1.2,0.4,0,-1.2,0.4,0,-1.2,0.4,0,-1.2,0.4,0
2,-0.2,0.4,0,-0.2,0.4,0,-0.2,0.4,0,-0.2,0.4,0,-0.2,0.4,0,-0.2,0.4,0,-0.2,0.4,0,-0.2,0.4,0,-0.2,0.4,0,-0.2,0.4,0,-0.2,0.4,0
3,-0.2,1.4,0,-0.2,1.4,0,-0.2,1.4,0,-0.2,1.4,0,-0.2,1.4,0,-0.2,1.4,0,-0.2,1.4,0,-0.2,1.4,0,-0.2,1.4,0,-0.2,1.4,0,-0.2,1.4,0
4,-1.2,1.4,0,-1.2,1.4,0,-1.2,1.4,0,-1.2,1.4,0,-1.2,1.4,0,-1.2,1.4,0,-1.2,1.4,0,-1.2,1.4,0,-1.2,1.4,0,-1.2,1.4,0,-1.2,1.4,0
5,-1.2,0.4,1,-1.20244,0.397559,0.991477,-1.20492,0.395076,0.982684,-1.20745,0.392548,0.973597,-1.21003,0.38997,0.964191,-1.21266,0.387337,0.954435,-1.21536,0.384643,0.944293,-1.21812,0.381881,0.933726,-1.22096,0.379041,0.922681,-1.22389,0.376115,0.9111,-1.22691,0.373087,0.898906
6,-0.2,0.4,1,-0.197559,0.397559,0.991477,-0.195076,0.395076,0.982684,-0.192548,0.392548,0.973597,-0.18997,0.38997,0.964191,-0.187337,0.387337,0.954435,-0.184643,0.384643,0.944293,-0.181881,0.381881,0.933726,-0.179041,0.379041,0.922681,-0.176115,0.376115,0.9111,-0.173087,0.373087,0.898906
7,-0.2,1.4,1,-0.197559,1.40244,0.991477,-0.195076,1.40492,0.982684,-0.192548,1.40745,0.973597,-0.18997,1.41003,0.964191,-0.187337,1.41266,0.954435,-0.184643,1.41536,0.944293,-0.181881,1.41812,0.933726,-0.179041,1.42096,0.922681,-0.176115,1.42389,0.9111,-0.173087,1.42691,0.898906
8,-1.2,1.4,1,-1.20244,1.40244,0.991477,-1.20492,1.40492,0.982684,-1.20745,1.40745,0.973597,-1.21003,1.41003,0.964191,-1.21266,1.41266,0.954435,-1.21536,1.41536,0.944293,-1.21812,1.41812,0.933726,-1.22096,1.42096,0.922681,-1.22389,1.42389,0.9111,-1.22691,1.42691,0.898906
9,-1,0.4,0,-1,0.4,0,-1,0.4,0,-1,0.4,0,-1,0.4,0,-1,0.4,0,-1,0.4,0,-1,0.4,0,-1,0.4,0,-1,0.4,0,-1,0.4,0
10,-0.8,0.4,0,-0.8,0.4,0,-0.8,0.4,0,-0.8,0.4,0,-0.8,0.4,0,-0.8,0.4,0,-0.8,0.4,0,-0.8,0.4,0,-0.8,0.4,0,-0.8,0.4,0,-0.8,0.4,0
11,-0.6,0.4,0,-0.6,0.4,0,-0.6,0.4,0,-0.6,0.4,0,-0.6,0.4,0,-0.6,0.4,0,-0.6,0.4,0,-0.6,0.4,0,-0.6,0.4,0,-0.6,0.4,0,-0.6,0.4,0
12,-0.4,0.4,0,-0.4,0.4,0,-0.4,0.4,0,-0.4,0.4,0,-0.4,0.4,0,-0.4,0.4,0,-0.4,0.4,0,-0.4,0.4,0,-0.4,0.4,0,-0.4,0.4,0,-0.4,0.4,0
13,-0.2,0.4,0.2,-0.198398,0.398398,0.198871,-0.196765,0.396765,0.197695,-0.1951,0.3951,0.196467,-0.1934,0.3934,0.195184,-0.191662,0.391662,0.193841,-0.189884,0.389884,0.192433,-0.188061,0.388061,0.190952,-0.186191,0.386191,0.189393,-0.184268,0.384268,0.187745,-0.182286,0.382286,0.185998
14,-0.2,0.4,0.4,-0.197924,0.397924,0.397162,-0.195813,0.395813,0.39423,-0.193663,0.393663,0.391196,-0.191471,0.391471,0.388051,-0.189234,0.389234,0.384786,-0.186948,0.386948,0.381389,-0.184607,0.384607,0.377847,-0.182207,0.382207,0.374146,-0.179739,0.379739,0.370265,-0.177197,0.377197,0.366182
15,-0.2,0.4,0.6,-0.197726,0.397726,0.595361,-0.195413,0.395413,0.590574,-0.193059,0.393059,0.585628,-0.190658,0.390658,0.580508,-0.188208,0.388208,0.575199,-0.185703,0.385703,0.569683,-0.183137,0.383137,0.563937,-0.180503,0.380503,0.557938,-0.177792,0.377792,0.551653,-0.174994,0.374994,0.545046
16,-0.2,0.4,0.8,-0.197626,0.397626,0.793457,-0.195213,0.395213,0.786706,-0.192756,0.392756,0.779731,-0.190251,0.390251,0.772513,-0.187694,0.387694,0.765027,-0.18508,0.38508,0.757249,-0.182401,0.382401,0.749147,-0.179649,0.379649,0.740683,-0.176816,0.376816,0.731813,-0.173888,0.373888,0.722483
17,-0.4,0.4,1,-0.398518,0.39755,0.991573,-0.397011,0.395059,0.982879,-0.395476,0.392522,0.973896,-0.39391,0.389935,0.964599,-0.392311,0.387293,0.954958,-0.390674,0.384591,0.944938,-0.388995,0.38182,0.934499,-0.387269,0.378973,0.923592,-0.38549,0.376038,0.912158,-0.383649,0.373002,0.900124
18,-0.6,0.4,1,-0.599502,0.397555,0.991642,-0.598996,0.39507,0.983019,-0.59848,0.392539,0.97411,-0.597953,0.38996,0.964889,-0.597415,0.387326,0.955328,-0.596865,0.384631,0.945392,-0.596301,0.381869,0.935041,-0.59572,0.379031,0.924227,-0.595121,0.376106,0.912892,-0.594502,0.373082,0.900965
19,-0.8,0.4,1,-0.800498,0.397555,0.991642,-0.801005,0.39507,0.983019,-0.801521,0.392539,0.97411,-0.802047,0.38996,0.964889,-0.802585,0.387326,0.955328,-0.803135,0.384631,0.945392,-0.803699,0.381869,0.935041,-0.80428,0.379031,0.924227,-0.804879,0.376106,0.912892,-0.805498,0.373082,0.900965
20,-1,0.4,1,-1.00148,0.39755,0.991573,-1.00299,0.395059,0.982879,-1.00452,0.392522,0.973896,-1.00609,0.389935,0.964599,-1.00769,0.387293,0.954958,-1.00933,0.384591,0.944938,-1.011,0.38182,0.934499,-1.01273,0.378973,0.923592,-1.01451,0.376038,0.912158,-1.01635,0.373002,0.900124
21,-1.2,0.4,0.8,-1.20237,0.397626,0.793457,-1.20479,0.395213,0.786706,-1.20724,0.392756,0.779731,-1.20975,0.390251,0.772513,-1.21231,0.387694,0.765027,-1.21492,0.38508,0.757249,-1.2176,0.382401,0.749147,-1.22035,0.379649,0.740683,-1.22318,0.376816,0.731813,-1.22611,0.373888,0.722483
22,-1.2,0.4,0.6,-1.20227,0.397726,0.595361,-1.20459,0.395413,0.590574,-1.20694,0.393059,0.585628,-1.20934,0.390658,0.580508,-1.21179,0.388208,0.575199,-1.2143,0.385703,0.569683,-1.21686,0.383137,0.563937,-1.2195,0.380503,0.557938,-1.22221,0.377792,0.551653,-1.22501,0.374994,0.545046
23,-1.2,0.4,0.4,-1.20208,0.397924,0.397162,-1.20419,0.395813,0.39423,-1.20634,0.393663,0.391196,-1.20853,0.391471,0.388051,-1.21077,0.389234,0.384786,-1.21305,0.386948,0.381389,-1.21539,0.384607,0.377847,-1.21779,0.382207,0.374146,-1.22026,0.379739,0.370265,-1.2228,0.377197,0.366182
24,-1.2,0.4,0.2,-1.2016,0.398398,0.198871,-1.20323,0.396765,0.197695,-1.2049,0.3951,0.196467,-1.2066,0.3934,0.195184,-1.20834,0.391662,0.193841,-1.21012,0.389884,0.192433,-1.21194,0.388061,0.190952,-1.21381,0.386191,0.189393,-1.21573,0.384268,0.187745,-1.21771,0.382286,0.185998
25,-0.2,0.6,0,-0.2,0.6,0,-0.2,0.6,0,-0.2,0.6,0,-0.2,0.6,0,-0.2,0.6,0,-0.2,0.6,0,-0.2,0.6,0,-0.2,0.6,0,-0.2,0.6,0,-0.2,0.6,0
26,-0.2,0.8,0,-0.2,0.8,0,-0.2,0.8,0,-0.2,0.8,0,-0.2,0.8,0,-0.2,0.8,0,-0.2,0.8,0,-0.2,0.8,0,-0.2,0.8,0,-0.2,0.8,0,-0.2,0.8,0
27,-0.2,1,0,-0.2,1,0,-0.2,1,0,-0.2,1,0,-0.2,1,0,-0.2,1,0,-0.2,1,0,-0.2,1,0,-0.2,1,0,-0.2,1,0,-0.2,1,0
28,-0.2,1.2,0,-0.2,1.2,0,-0.2,1.2,0,-0.2,1.2,0,-0.2,1.2,0,-0.2,1.2,0,-0.2,1.2,0,-0.2,1.2,0,-0.2,1.2,0,-0.2,1.2,0,-0.2,1.2,0
29,-0.2,1.4,0.2,-0.198398,1.4016,0.198871,-0.196765,1.40323,0.197695,-0.1951,1.4049,0.196467,-0.1934,1.4066,0.195184,-0.191662,1.40834,0.193841,-0.189884,1.41012,0.192433,-0.188061,1.41194,0.190952,-0.186191,1.41381,0.189393,-0.184268,1.41573,0.187745,-0.182286,1.41771,0.185998
30,-0.2,1.4,0.4,-0.197924,1.40208,0.397162,-0.195813,1.40419,0.39423,-0.193663,1.40634,0.391196,-0.191471,1.40853,0.388051,-0.189234,1.41077,0.384786,-0.186948,1.41305,0.381389,-0.184607,1.41539,0.377847,-0.182207,1.41779,0.374146,-0.179739,1.42026,0.370265,-0.177197,1.4228,0.366182
31,-0.2,1.4,0.6,-0.197726,1.40227,0.595361,-0.195413,1.40459,0.590574,-0.193059,1.40694,0.585628,-0.190658,1.40934,0.580508,-0.188208,1.41179,0.575199,-0.185703,1.4143,0.569683,-0.183137,1.41686,0.563937,-0.180503,1.4195,0.557938,-0.177792,1.42221,0.551653,-0.174994,1.42501,0.545046
32,-0.2,1.4,0.8,-0.197626,1.40237,0.793457,-0.195213,1.40479,0.786706,-0.192756,1.40724,0.779731,-0.190251,1.40975,0.772513,-0.187694,1.41231,0.765027,-0.18508,1.41492,0.757249,-0.182401,1.4176,0.749147,-0.179649,1.42035,0.740683,-0.176816,1.42318,0.731813,-0.173888,1.42611,0.722483
33,-0.2,1.2,1,-0.19755,1.20148,0.991573,-0.195059,1.20299,0.982879,-0.192522,1.20452,0.973896,-0.189935,1.20609,0.964599,-0.187293,1.20769,0.954958,-0.184591,1.20933,0.944938,-0.18182,1.211,0.934499,-0.178973,1.21273,0.923592,-0.176038,1.21451,0.912158,-0.173002,1.21635,0.900124
34,-0.2,1,1,-0.197555,1.0005,0.991642,-0.19507,1.001,0.983019,-0.192539,1.00152,0.97411,-0.18996,1.00205,0.964889,-0.187326,1.00258,0.955328,-0.184631,1.00313,0.945392,-0.181869,1.0037,0.935041,-0.179031,1.00428,0.924227,-0.176106,1.00488,0.912892,-0.173082,1.0055,0.900965
35,-0.2,0.8,1,-0.197555,0.799502,0.991642,-0.19507,0.798995,0.983019,-0.192539,0.798479,0.97411,-0.18996,0.797953,0.964889,-0.187326,0.797415,0.955328,-0.184631,0.796865,0.945392,-0.181869,0.796301,0.935041,-0.179031,0.79572,0.924227,-0.176106,0.795121,0.912892,-0.173082,0.794502,0.900965
36,-0.2,0.6,1,-0.19755,0.598518,0.991573,-0.195059,0.597011,0.982879,-0.192522,0.595476,0.973896,-0.189935,0.59391,0.964599,-0.187293,0.592311,0.954958,-0.184591,0.590674,0.944938,-0.18182,0.588995,0.934499,-0.178973,0.587269,0.923592,-0.176038,0.58549,0.912158,-0.173002,0.583649,0.900124
37,-0.4,1.4,0,-0.4,1.4,0,-0.4,1.4,0,-0.4,1.4,0,-0.4,1.4,0,-0.4,1.4,0,-0.4,1.4,0,-0.4,1.4,0,-0.4,1.4,0,-0.4,1.4,0,-0.4,1.4,0
38,-0.6,1.4,0,-0.6,1.4,0,-0.6,1.4,0,-0.6,1.4,0,-0.6,1.4,0,-0.6,1.4,0,-0.6,1.4,0,-0.6,1.4,0,-0.6,1.4,0,-0.6,1.4,0,-0.6,1.4,0
39,-0.8,1.4,0,-0.8,1.4,0,-0.8,1.4,0,-0.8,1.4,0,-0.8,1.4,0,-0.8,1.4,0,-0.8,1.4,0,-0.8,1.4,0,-0.8,1.4,0,-0.8,1.4,0,-0.8,1.4,0
40,-1,1.4,0,-1,1.4,0,-1,1.4,0,-1,1.4,0,-1,1.4,0,-1,1.4,0,-1,1.4,0,-1,1.4,0,-1,1.4,0,-1,1.4,0,-1,1.4,0
41,-1.2,1.4,0.2,-1.2016,1.4016,0.198871,-1.20323,1.40323,0.197695,-1.2049,1.4049,0.196467,-1.2066,1.4066,0.195184,-1.20834,1.40834,0.193841,-1.21012,1.41012,0.192433,-1.21194,1.41194,0.190952,-1.21381,1.41381,0.189393,-1.21573,1.41573,0.187745,-1.21771,1.41771,0.185998
42,-1.2,1.4,0.4,-1.20208,1.40208,0.397162,-1.20419,1.40419,0.39423,-1.20634,1.40634,0.391196,-1.20853,1.40853,0.388051,-1.21077,1.41077,0.384786,-1.21305,1.41305,0.381389,-1.21539,1.41539,0.377847,-1.21779,1.41779,0.374146,-1.22026,1.42026,0.370265,-1.2228,1.4228,0.366182
43,-1.2,1.4,0.6,-1.20227,1.40227,0.595361,-1.20459,1.40459,0.590574,-1.20694,1.40694,0.585628,-1.20934,1.40934,0.580508,-1.21179,1.41179,0.575199,-1.2143,1.4143,0.569683,-1.21686,1.41686,0.563937,-1.2195,1.4195,0.557938,-1.22221,1.42221,0.551653,-1.22501,1.42501,0.545046
44,-1.2,1.4,0.8,-1.20237,1.40237,0.793457,-1.20479,1.40479,0.786706,-1.20724,1.40724,0.779731,-1.20975,1.40975,0.772513,-1.21231,1.41231,0.765027,-1.21492,1.41492,0.757249,-1.2176,1.4176,0.749147,-1.22035,1.42035,0.740683,-1.22318,1.42318,0.731813,-1.22611,1.42611,0.722483
45,-1,1.4,1,-1.00148,1.40245,0.991573,-1.00299,1.40494,0.982879,-1.00452,1.40748,0.973896,-1.00609,1.41006,0.964599,-1.00769,1.41271,0.954958,-1.00933,1.41541,0.944938,-1.011,1.41818,0.934499,-1.01273,1.42103,0.923592,-1.01451,1.42396,0.912158,-1.01635,1.427,0.900124
46,-0.8,1.4,1,-0.800498,1.40244,0.991642,-0.801005,1.40493,0.983019,-0.801521,1.40746,0.97411,-0.802047,1.41004,0.964889,-0.802585,1.41267,0.955328,-0.803135,1.41537,0.945392,-0.803699,1.41813,0.935041,-0.80428,1.42097,0.924227,-0.804879,1.42389,0.912892,-0.805498,1.42692,0.900965
47,-0.6,1.4,1,-0.599502,1.40244,0.991642,-0.598996,1.40493,0.983019,-0.59848,1.40746,0.97411,-0.597953,1.41004,0.964889,-0.597415,1.41267,0.955328,-0.596865,1.41537,0.945392,-0.596301,1.41813,0.935041,-0.59572,1.42097,0.924227,-0.595121,1.42389,0.912892,-0.594502,1.42692,0.900965
48,-0.4,1.4,1,-0.398518,1.40245,0.991573,-0.397011,1.40494,0.982879,-0.395476,1.40748,0.973896,-0.39391,1.41006,0.964599,-0.392311,1.41271,0.954958,-0.390674,1.41541,0.944938,-0.388995,1.41818,0.934499,-0.387269,1.42103,0.923592,-0.38549,1.42396,0.912158,-0.383649,1.427,0.900124
49,-1.2,1.2,0,-1.2,1.2,0,-1.2,1.2,0,-1.2,1.2,0,-1.2,1.2,0,-1.2,1.2,0,-1.2,1.2,0,-1.2,1.2,0,-1.2,1.2,0,-1.2,1.2,0,-1.2,1.2,0
50,-1.2,1,0,-1.2,1,0,-1.2,1,0,-1.2,1,0,-1.2,1,0,-1.2,1,0,-1.2,1,0,-1.2,1,0,-1.2,1,0,-1.2,1,0,-1.2,1,0
51,-1.2,0.8,0,-1.2,0.8,0,-1.2,0.8,0,-1.2,0.8,0,-1.2,0.8,0,-1.2,0.8,0,-1.2,0.8,0,-1.2,0.8,0,-1.2,0.8,0,-1.2,0.8,0,-1.2,0.8,0
52,-1.2,0.6,0,-1.2,0.6,0,-1.2,0.6,0,-1.2,0.6,0,-1.2,0.6,0,-1.2,0.6,0,-1.2,0.6,0,-1.2,0.6,0,-1.2,0.6,0,-1.2,0.6,0,-1.2,0.6,0
53,-1.2,0.6,1,-1.20245,0.598518,0.991573,-1.20494,0.597011,0.982879,-1.20748,0.595476,0.973896,-1.21007,0.59391,0.964599,-1.21271,0.592311,0.954958,-1.21541,0.590674,0.944938,-1.21818,0.588995,0.934499,-1.22103,0.587269,0.923592,-1.22396,0.58549,0.912158,-1.227,0.583649,0.900124
54,-1.2,0.8,1,-1.20244,0.799502,0.991642,-1.20493,0.798995,0.983019,-1.20746,0.798479,0.97411,-1.21004,0.797953,0.964889,-1.21267,0.797415,0.955328,-1.21537,0.796865,0.945392,-1.21813,0.796301,0.935041,-1.22097,0.79572,0.924227,-1.22389,0.795121,0.912892,-1.22692,0.794502,0.900965
55,-1.2,1,1,-1.20244,1.0005,0.991642,-1.20493,1.001,0.983019,-1.20746,1.00152,0.97411,-1.21004,1.00205,0.964889,-1.21267,1.00258,0.955328,-1.21537,1.00313,0.945392,-1.21813,1.0037,0.935041,-1.22097,1.00428,0.924227,-1.22389,1.00488,0.912892,-1.22692,1.0055,0.900965
56,-1.2,1.2,1,-1.20245,1.20148,0.991573,-1.20494,1.20299,0.982879,-1.20748,1.20452,0.973896,-1.21007,1.20609,0.964599,-1.21271,1.20769,0.954958,-1.21541,1.20933,0.944938,-1.21818,1.211,0.934499,-1.22103,1.21273,0.923592,-1.22396,1.21451,0.912158,-1.227,1.21635,0.900124
57,-1,0.4,0.2,-1.00087,0.398485,0.199063,-1.00175,0.396942,0.198093,-1.00266,0.395368,0.197086,-1.00359,0.393761,0.19604,-1.00455,0.392119,0.194952,-1.00553,0.390439,0.193817,-1.00654,0.388719,0.192632,-1.00758,0.386956,0.191392,-1.00866,0.385144,0.190091,-1.00977,0.38328,0.188723
58,-0.8,0.4,0.2,-0.800272,0.398406,0.19908,-0.800551,0.396786,0.198129,-0.800837,0.395139,0.197143,-0.801132,0.393463,0.196122,-0.801435,0.391756,0.195061,-0.801747,0.390015,0.193958,-0.802069,0.388238,0.192809,-0.802401,0.386422,0.19161,-0.802745,0.384563,0.190357,-0.803102,0.382658,0.189043
59,-0.6,0.4,0.2,-0.599728,0.398406,0.19908,-0.599449,0.396786,0.198129,-0.599163,0.395139,0.197143,-0.598868,0.393463,0.196122,-0.598565,0.391756,0.195061,-0.598253,0.390015,0.193958,-0.597931,0.388238,0.192809,-0.597599,0.386422,0.19161,-0.597255,0.384563,0.190357,-0.596898,0.382658,0.189043
60,-0.4,0.4,0.2,-0.399134,0.398485,0.199063,-0.398248,0.396942,0.198093,-0.397339,0.395368,0.197086,-0.396408,0.393761,0.19604,-0.395453,0.392119,0.194952,-0.39447,0.390439,0.193817,-0.39346,0.388719,0.192632,-0.392418,0.386956,0.191392,-0.391343,0.385144,0.190091,-0.390231,0.38328,0.188723
61,-1,0.4,0.4,-1.00124,0.397873,0.397396,-1.0025,0.395709,0.394709,-1.00378,0.393503,0.391933,-1.00509,0.391254,0.38906,-1.00644,0.388958,0.386082,-1.00781,0.38661,0.38299,-1.00921,0.384205,0.379773,-1.01066,0.381739,0.376418,-1.01214,0.379203,0.372909,-1.01368,0.37659,0.369228
62,-0.8,0.4,0.4,-0.800407,0.397883,0.397473,-0.800822,0.39573,0.394866,-0.801245,0.393539,0.392175,-0.801678,0.391306,0.389393,-0.802121,0.389027,0.386511,-0.802574,0.3867,0.383522,-0.803039,0.384318,0.380416,-0.803517,0.381877,0.37718,-0.804009,0.379369,0.373801,-0.804517,0.376788,0.370261
63,-0.6,0.4,0.4,-0.599593,0.397883,0.397473,-0.599178,0.39573,0.394866,-0.598755,0.393539,0.392175,-0.598322,0.391306,0.389393,-0.597879,0.389027,0.386511,-0.597426,0.3867,0.383522,-0.596961,0.384318,0.380416,-0.596483,0.381877,0.37718,-0.595991,0.379369,0.373801,-0.595483,0.376788,0.370261
64,-0.4,0.4,0.4,-0.398763,0.397873,0.397396,-0.397502,0.395709,0.394709,-0.396217,0.393503,0.391933,-0.394905,0.391254,0.38906,-0.393564,0.388958,0.386082,-0.392192,0.38661,0.38299,-0.390786,0.384205,0.379773,-0.389342,0.381739,0.376418,-0.387856,0.379203,0.372909,-0.386323,0.37659,0.369228
65,-1,0.4,0.6,-1.00138,0.397667,0.595534,-1.00278,0.395294,0.590929,-1.00421,0.392878,0.586172,-1.00567,0.390414,0.58125,-1.00715,0.387899,0.576151,-1.00868,0.385328,0.570856,-1.01024,0.382693,0.565346,-1.01184,0.379989,0.559598,-1.01349,0.377205,0.553584,-1.01519,0.374332,0.547269
66,-0.8,0.4,0.6,-0.800461,0.397667,0.595627,-0.800931,0.395294,0.591117,-0.801409,0.392878,0.586461,-0.801897,0.390415,0.581646,-0.802395,0.3879,0.576658,-0.802905,0.385329,0.571481,-0.803428,0.382696,0.566096,-0.803964,0.379992,0.560482,-0.804517,0.37721,0.554611,-0.805088,0.374337,0.548452
67,-0.6,0.4,0.6,-0.599539,0.397667,0.595627,-0.599069,0.395294,0.591117,-0.598591,0.392878,0.586461,-0.598103,0.390415,0.581646,-0.597605,0.3879,0.576658,-0.597095,0.385329,0.571481,-0.596572,0.382696,0.566096,-0.596036,0.379992,0.560482,-0.595483,0.37721,0.554611,-0.594912,0.374337,0.548452
68,-0.4,0.4,0.6,-0.398621,0.397667,0.595534,-0.397219,0.395294,0.590929,-0.39579,0.392878,0.586172,-0.394333,0.390414,0.58125,-0.392845,0.387899,0.576151,-0.391323,0.385328,0.570856,-0.389764,0.382693,0.565346,-0.388162,0.379989,0.559598,-0.386513,0.377205,0.553584,-0.384811,0.374332,0.547269
69,-1,0.4,0.8,-1.00144,0.397594,0.79358,-1.0029,0.395148,0.786958,-1.00438,0.392658,0.780117,-1.0059,0.39012,0.773039,-1.00745,0.387528,0.765702,-1.00903,0.384878,0.75808,-1.01065,0.382162,0.750144,-1.01232,0.379372,0.741859,-1.01403,0.376498,0.73318,-1.01581,0.373528,0.724056
70,-0.8,0.4,0.8,-0.800481,0.397585,0.793664,-0.80097,0.395128,0.787128,-0.801468,0.392628,0.780378,-0.801976,0.390078,0.773395,-0.802494,0.387474,0.766156,-0.803024,0.384811,0.758639,-0.803567,0.382081,0.750813,-0.804126,0.379276,0.742645,-0.8047,0.376386,0.734092,-0.805295,0.373398,0.725103
71,-0.6,0.4,0.8,-0.599519,0.397585,0.793664,-0.59903,0.395128,0.787128,-0.598532,0.392628,0.780378,-0.598024,0.390078,0.773395,-0.597506,0.387474,0.766156,-0.596976,0.384811,0.758639,-0.596433,0.382081,0.750813,-0.595874,0.379276,0.742645,-0.5953,0.376386,0.734092,-0.594705,0.373398,0.725103
72,-0.4,0.4,0.8,-0.398564,0.397594,0.79358,-0.397103,0.395148,0.786958,-0.395617,0.392658,0.780117,-0.394101,0.39012,0.773039,-0.392553,0.387528,0.765702,-0.390971,0.384878,0.75808,-0.389349,0.382162,0.750144,-0.387683,0.379372,0.741859,-0.385968,0.376498,0.73318,-0.384195,0.373528,0.724056
73,-0.2,0.6,0.2,-0.198485,0.599134,0.199063,-0.196942,0.598248,0.198093,-0.195368,0.59734,0.197086,-0.193761,0.596408,0.19604,-0.192119,0.595453,0.194952,-0.190439,0.59447,0.193817,-0.188719,0.59346,0.192632,-0.186956,0.592418,0.191392,-0.185144,0.591343,0.190091,-0.18328,0.590231,0.188723
74,-0.2,0.8,0.2,-0.198406,0.799728,0.19908,-0.196786,0.799449,0.198129,-0.195139,0.799163,0.197143,-0.193463,0.798868,0.196122,-0.191756,0.798565,0.195061,-0.190015,0.798253,0.193958,-0.188238,0.797931,0.192809,-0.186422,0.797599,0.19161,-0.184563,0.797255,0.190357,-0.182658,0.796898,0.189043
75,-0.2,1,0.2,-0.198406,1.00027,0.19908,-0.196786,1.00055,0.198129,-0.195139,1.00084,0.197143,-0.193463,1.00113,0.196122,-0.191756,1.00143,0.195061,-0.190015,1.00175,0.193958,-0.188238,1.00207,0.192809,-0.186422,1.0024,0.19161,-0.184563,1.00275,0.190357,-0.182658,1.0031,0.189043
76,-0.2,1.2,0.2,-0.198485,1.20087,0.199063,-0.196942,1.20175,0.198093,-0.195368,1.20266,0.197086,-0.193761,1.20359,0.19604,-0.192119,1.20455,0.194952,-0.190439,1.20553,0.193817,-0.188719,1.20654,0.192632,-0.186956,1.20758,0.191392,-0.185144,1.20866,0.190091,-0.18328,1.20977,0.188723
77,-0.2,0.6,0.4,-0.197873,0.598763,0.397396,-0.195709,0.597502,0.394709,-0.193503,0.596217,0.391933,-0.191254,0.594905,0.38906,-0.188958,0.593565,0.386082,-0.18661,0.592192,0.38299,-0.184205,0.590786,0.379773,-0.181739,0.589342,0.376418,-0.179203,0.587856,0.372909,-0.17659,0.586323,0.369228
78,-0.2,0.8,0.4,-0.197883,0.799593,0.397473,-0.19573,0.799178,0.394866,-0.193539,0.798755,0.392175,-0.191306,0.798322,0.389393,-0.189027,0.797879,0.386511,-0.1867,0.797426,0.383522,-0.184318,0.796961,0.380416,-0.181877,0.796483,0.37718,-0.179369,0.795991,0.373801,-0.176788,0.795483,0.370261
79,-0.2,1,0.4,-0.197883,1.00041,0.397473,-0.19573,1.00082,0.394866,-0.193539,1.00125,0.392175,-0.191306,1.00168,0.389393,-0.189027,1.00212,0.386511,-0.1867,1.00257,0.383522,-0.184318,1.00304,0.380416,-0.181877,1.00352,0.37718,-0.179369,1.00401,0.373801,-0.176788,1.00452,0.370261
80,-0.2,1.2,0.4,-0.197873,1.20124,0.397396,-0.195709,1.2025,0.394709,-0.193503,1.20378,0.391933,-0.191254,1.20509,0.38906,-0.188958,1.20644,0.386082,-0.18661,1.20781,0.38299,-0.184205,1.20921,0.379773,-0.181739,1.21066,0.376418,-0.179203,1.21214,0.372909,-0.17659,1.21368,0.369228
81,-0.2,0.6,0.6,-0.197667,0.598621,0.595534,-0.195294,0.597219,0.590929,-0.192878,0.59579,0.586172,-0.190414,0.594333,0.58125,-0.187899,0.592845,0.576151,-0.185328,0.591323,0.570856,-0.182693,0.589764,0.565346,-0.179989,0.588162,0.559598,-0.177205,0.586513,0.553584,-0.174332,0.584811,0.547269
82,-0.2,0.8,0.6,-0.197667,0.799539,0.595627,-0.195294,0.799069,0.591117,-0.192878,0.798591,0.586461,-0.190415,0.798103,0.581646,-0.1879,0.797605,0.576658,-0.185329,0.797095,0.571481,-0.182696,0.796572,0.566096,-0.179992,0.796036,0.560482,-0.17721,0.795483,0.554611,-0.174337,0.794912,0.548452
83,-0.2,1,0.6,-0.197667,1.00046,0.595627,-0.195294,1.00093,0.591117,-0.192878,1.00141,0.586461,-0.190415,1.0019,0.581646,-0.1879,1.0024,0.576658,-0.185329,1.0029,0.571481,-0.182696,1.00343,0.566096,-0.179992,1.00396,0.560482,-0.17721,1.00452,0.554611,-0.174337,1.00509,0.548452
84,-0.2,1.2,0.6,-0.197667,1.20138,0.595534,-0.195294,1.20278,0.590929,-0.192878,1.20421,0.586172,-0.190414,1.20567,0.58125,-0.187899,1.20715,0.576151,-0.185328,1.20868,0.570856,-0.182693,1.21024,0.565346,-0.179989,1.21184,0.559598,-0.177205,1.21349,0.553584,-0.174332,1.21519,0.547269
85,-0.2,0.6,0.8,-0.197594,0.598564,0.79358,-0.195148,0.597103,0.786958,-0.192658,0.595617,0.780117,-0.19012,0.594101,0.773039,-0.187528,0.592553,0.765702,-0.184878,0.590971,0.75808,-0.182162,0.589349,0.750144,-0.179372,0.587683,0.741859,-0.176498,0.585968,0.73318,-0.173528,0.584195,0.724056
86,-0.2,0.8,0.8,-0.197585,0.799519,0.793664,-0.195128,0.79903,0.787128,-0.192628,0.798532,0.780378,-0.190078,0.798024,0.773395,-0.187474,0.797506,0.766156,-0.184811,0.796976,0.758639,-0.182081,0.796433,0.750813,-0.179276,0.795874,0.742645,-0.176386,0.7953,0.734092,-0.173398,0.794705,0.725103
87,-0.2,1,0.8,-0.197585,1.00048,0.793664,-0.195128,1.00097,0.787128,-0.192628,1.00147,0.780378,-0.190078,1.00198,0.773395,-0.187474,1.00249,0.766156,-0.184811,1.00302,0.758639,-0.182081,1.00357,0.750813,-0.179276,1.00413,0.742645,-0.176386,1.0047,0.734092,-0.173398,1.00529,0.725103
88,-0.2,1.2,0.8,-0.197594,1.20144,0.79358,-0.195148,1.2029,0.786958,-0.192658,1.20438,0.780117,-0.19012,1.2059,0.773039,-0.187528,1.20745,0.765702,-0.184878,1.20903,0.75808,-0.182162,1.21065,0.750144,-0.179372,1.21232,0.741859,-0.176498,1.21403,0.73318,-0.173528,1.21581,0.724056
89,-0.4,1.4,0.2,-0.399134,1.40151,0.199063,-0.398248,1.40306,0.198093,-0.397339,1.40463,0.197086,-0.396408,1.40624,0.19604,-0.395453,1.40788,0.194952,-0.39447,1.40956,0.193817,-0.39346,1.41128,0.192632,-0.392418,1.41304,0.191392,-0.391343,1.41486,0.190091,-0.390231,1.41672,0.188723
90,-0.6,1.4,0.2,-0.599728,1.40159,0.19908,-0.599449,1.40321,0.198129,-0.599163,1.40486,0.197143,-0.598868,1.40654,0.196122,-0.598565,1.40824,0.195061,-0.598253,1.40999,0.193958,-0.597931,1.41176,0.192809,-0.597599,1.41358,0.19161,-0.597255,1.41544,0.190357,-0.596898,1.41734,0.189043
91,-0.8,1.4,0.2,-0.800272,1.40159,0.19908,-0.800551,1.40321,0.198129,-0.800837,1.40486,0.197143,-0.801132,1.40654,0.196122,-0.801435,1.40824,0.195061,-0.801747,1.40999,0.193958,-0.802069,1.41176,0.192809,-0.802401,1.41358,0.19161,-0.802745,1.41544,0.190357,-0.803102,1.41734,0.189043
92,-1,1.4,0.2,-1.00087,1.40151,0.199063,-1.00175,1.40306,0.198093,-1.00266,1.40463,0.197086,-1.00359,1.40624,0.19604,-1.00455,1.40788,0.194952,-1.00553,1.40956,0.193817,-1.00654,1.41128,0.192632,-1.00758,1.41304,0.191392,-1.00866,1.41486,0.190091,-1.00977,1.41672,0.188723
93,-0.4,1.4,0.4,-0.398763,1.40213,0.397396,-0.397502,1.40429,0.394709,-0.396217,1.4065,0.391933,-0.394905,1.40875,0.38906,-0.393564,1.41104,0.386082,-0.392192,1.41339,0.38299,-0.390786,1.41579,0.379773,-0.389342,1.41826,0.376418,-0.387856,1.4208,0.372909,-0.386323,1.42341,0.369228
94,-0.6,1.4,0.4,-0.599593,1.40212,0.397473,-0.599178,1.40427,0.394866,-0.598755,1.40646,0.392175,-0.598322,1.40869,0.389393,-0.597879,1.41097,0.386511,-0.597426,1.4133,0.383522,-0.596961,1.41568,0.380416,-0.596483,1.41812,0.37718,-0.595991,1.42063,0.373801,-0.595483,1.42321,0.370261
95,-0.8,1.4,0.4,-0.800407,1.40212,0.397473,-0.800822,1.40427,0.394866,-0.801245,1.40646,0.392175,-0.801678,1.40869,0.389393,-0.802121,1.41097,0.386511,-0.802574,1.4133,0.383522,-0.803039,1.41568,0.380416,-0.803517,1.41812,0.37718,-0.804009,1.42063,0.373801,-0.804517,1.42321,0.370261
96,-1,1.4,0.4,-1.00124,1.40213,0.397396,-1.0025,1.40429,0.394709,-1.00378,1.4065,0.391933,-1.00509,1.40875,0.38906,-1.00644,1.41104,0.386082,-1.00781,1.41339,0.38299,-1.00921,1.41579,0.379773,-1.01066,1.41826,0.376418,-1.01214,1.4208,0.372909,-1.01368,1.42341,0.369228
97,-0.4,1.4,0.6,-0.398621,1.40233,0.595534,-0.397219,1.40471,0.590929,-0.39579,1.40712,0.586172,-0.394333,1.40959,0.58125,-0.392845,1.4121,0.576151,-0.391323,1.41467,0.570856,-0.389764,1.41731,0.565346,-0.388162,1.42001,0.559598,-0.386513,1.42279,0.553584,-0.384811,1.42567,0.547269
98,-0.6,1.4,0.6,-0.599539,1.40233,0.595627,-0.599069,1.40471,0.591117,-0.598591,1.40712,0.586461,-0.598103,1.40959,0.581646,-0.597605,1.4121,0.576658,-0.597095,1.41467,0.571481,-0.596572,1.4173,0.566096,-0.596036,1.42001,0.560482,-0.595483,1.42279,0.554611,-0.594912,1.42566,0.548452
99,-0.8,1.4,0.6,-0.800461,1.40233,0.595627,-0.800931,1.40471,0.591117,-0.801409,1.40712,0.586461,-0.801897,1.40959,0.581646,-0.802395,1.4121,0.576658,-0.802905,1.41467,0.571481,-0.803428,1.4173,0.566096,-0.803964,1.42001,0.560482,-0.804517,1.42279,0.554611,-0.805088,1.42566,0.548452
100,-1,1.4,0.6,-1.00138,1.40233,0.595534,-1.00278,1.40471,0.590929,-1.00421,1.40712,0.586172,-1.00567,1.40959,0.58125,-1.00715,1.4121,0.576151,-1.00868,1.41467,0.570856,-1.01024,1.41731,0.565346,-1.01184,1.42001,0.559598,-1.01349,1.42279,0.553584,-1.01519,1.42567,0.547269
101,-0.4,1.4,0.8,-0.398564,1.40241,0.79358,-0.397103,1.40485,0.786958,-0.395617,1.40734,0.780117,-0.394101,1.40988,0.773039,-0.392553,1.41247,0.765702,-0.390971,1.41512,0.75808,-0.389349,1.41784,0.750144,-0.387683,1.42063,0.741859,-0.385968,1.4235,0.73318,-0.384195,1.42647,0.724056
102,-0.6,1.4,0.8,-0.599519,1.40242,0.793664,-0.59903,1.40487,0.787128,-0.598532,1.40737,0.780378,-0.598024,1.40992,0.773395,-0.597506,1.41253,0.766156,-0.596976,1.41519,0.758639,-0.596433,1.41792,0.750813,-0.595874,1.42072,0.742645,-0.5953,1.42361,0.734092,-0.594705,1.4266,0.725103
103,-0.8,1.4,0.8,-0.800481,1.40242,0.793664,-0.80097,1.40487,0.787128,-0.801468,1.40737,0.780378,-0.801976,1.40992,0.773395,-0.802494,1.41253,0.766156,-0.803024,1.41519,0.758639,-0.803567,1.41792,0.750813,-0.804126,1.42072,0.742645,-0.8047,1.42361,0.734092,-0.805295,1.4266,0.725103
104,-1,1.4,0.8,-1.00144,1.40241,0.79358,-1.0029,1.40485,0.786958,-1.00438,1.40734,0.780117,-1.0059,1.40988,0.773039,-1.00745,1.41247,0.765702,-1.00903,1.41512,0.75808,-1.01065,1.41784,0.750144,-1.01232,1.42063,0.741859,-1.01403,1.4235,0.73318,-1.01581,1.42647,0.724056
105,-1.2,1.2,0.2,-1.20151,1.20087,0.199063,-1.20306,1.20175,0.198093,-1.20463,1.20266,0.197086,-1.20624,1.20359,0.19604,-1.20788,1.20455,0.194952,-1.20956,1.20553,0.193817,-1.21128,1.20654,0.192632,-1.21304,1.20758,0.191392,-1.21486,1.20866,0.190091,-1.21672,1.20977,0.188723
106,-1.2,1,0.2,-1.20159,1.00027,0.19908,-1.20321,1.00055,0.198129,-1.20486,1.00084,0.197143,-1.20654,1.00113,0.196122,-1.20824,1.00143,0.195061,-1.20999,1.00175,0.193958,-1.21176,1.00207,0.192809,-1.21358,1.0024,0.19161,-1.21544,1.00275,0.190357,-1.21734,1.0031,0.189043
107,-1.2,0.8,0.2,-1.20159,0.799728,0.19908,-1.20321,0.799449,0.198129,-1.20486,0.799163,0.197143,-1.20654,0.798868,0.196122,-1.20824,0.798565,0.195061,-1.20999,0.798253,0.193958,-1.21176,0.797931,0.192809,-1.21358,0.797599,0.19161,-1.21544,0.797255,0.190357,-1.21734,0.796898,0.189043
108,-1.2,0.6,0.2,-1.20151,0.599134,0.199063,-1.20306,0.598248,0.198093,-1.20463,0.59734,0.197086,-1.20624,0.596408,0.19604,-1.20788,0.595453,0.194952,-1.20956,0.59447,0.193817,-1.21128,0.59346,0.192632,-1.21304,0.592418,0.191392,-1.21486,0.591343,0.190091,-1.21672,0.590231,0.188723
109,-1.2,1.2,0.4,-1.20213,1.20124,0.397396,-1.20429,1.2025,0.394709,-1.2065,1.20378,0.391933,-1.20875,1.20509,0.38906,-1.21104,1.20644,0.386082,-1.21339,1.20781,0.38299,-1.21579,1.20921,0.379773,-1.21826,1.21066,0.376418,-1.2208,1.21214,0.372909,-1.22341,1.21368,0.369228
110,-1.2,1,0.4,-1.20212,1.00041,0.397473,-1.20427,1.00082,0.394866,-1.20646,1.00125,0.392175,-1.20869,1.00168,0.389393,-1.21097,1.00212,0.386511,-1.2133,1.00257,0.383522,-1.21568,1.00304,0.380416,-1.21812,1.00352,0.37718,-1.22063,1.00401,0.373801,-1.22321,1.00452,0.370261
111,-1.2,0.8,0.4,-1.20212,0.799593,0.397473,-1.20427,0.799178,0.394866,-1.20646,0.798755,0.392175,-1.20869,0.798322,0.389393,-1.21097,0.797879,0.386511,-1.2133,0.797426,0.383522,-1.21568,0.796961,0.380416,-1.21812,0.796483,0.37718,-1.22063,0.795991,0.373801,-1.22321,0.795483,0.370261
112,-1.2,0.6,0.4,-1.20213,0.598763,0.397396,-1.20429,0.597502,0.394709,-1.2065,0.596217,0.391933,-1.20875,0.594905,0.38906,-1.21104,0.593565,0.386082,-1.21339,0.592192,0.38299,-1.21579,0.590786,0.379773,-1.21826,0.589342,0.376418,-1.2208,0.587856,0.372909,-1.22341,0.586323,0.369228
113,-1.2,1.2,0.6,-1.20233,1.20138,0.595534,-1.20471,1.20278,0.590929,-1.20712,1.20421,0.586172,-1.20959,1.20567,0.58125,-1.2121,1.20715,0.576151,-1.21467,1.20868,0.570856,-1.21731,1.21024,0.565346,-1.22001,1.21184,0.559598,-1.22279,1.21349,0.553584,-1.22567,1.21519,0.547269
114,-1.2,1,0.6,-1.20233,1.00046,0.595627,-1.20471,1.00093,0.591117,-1.20712,1.00141,0.586461,-1.20959,1.0019,0.581646,-1.2121,1.0024,0.576658,-1.21467,1.0029,0.571481,-1.2173,1.00343,0.566096,-1.22001,1.00396,0.560482,-1.22279,1.00452,0.554611,-1.22566,1.00509,0.548452
115,-1.2,0.8,0.6,-1.20233,0.799539,0.595627,-1.20471,0.799069,0.591117,-1.20712,0.798591,0.586461,-1.20959,0.798103,0.581646,-1.2121,0.797605,0.576658,-1.21467,0.797095,0.571481,-1.2173,0.796572,0.566096,-1.22001,0.796036,0.560482,-1.22279,0.795483,0.554611,-1.22566,0.794912,0.548452
116,-1.2,0.6,0.6,-1.20233,0.598621,0.595534,-1.20471,0.597219,0.590929,-1.20712,0.59579,0.586172,-1.20959,0.594333,0.58125,-1.2121,0.592845,0.576151,-1.21467,0.591323,0.570856,-1.21731,0.589764,0.565346,-1.22001,0.588162,0.559598,-1.22279,0.586513,0.553584,-1.22567,0.584811,0.547269
117,-1.2,1.2,0.8,-1.20241,1.20144,0.79358,-1.20485,1.2029,0.786958,-1.20734,1.20438,0.780117,-1.20988,1.2059,0.773039,-1.21247,1.20745,0.765702,-1.21512,1.20903,0.75808,-1.21784,1.21065,0.750144,-1.22063,1.21232,0.741859,-1.2235,1.21403,0.73318,-1.22647,1.21581,0.724056
118,-1.2,1,0.8,-1.20242,1.00048,0.793664,-1.20487,1.00097,0.787128,-1.20737,1.00147,0.780378,-1.20992,1.00198,0.773395,-1.21253,1.00249,0.766156,-1.21519,1.00302,0.758639,-1.21792,1.00357,0.750813,-1.22072,1.00413,0.742645,-1.22361,1.0047,0.734092,-1.2266,1.00529,0.725103
119,-1.2,0.8,0.8,-1.20242,0.799519,0.793664,-1.20487,0.79903,0.787128,-1.20737,0.798532,0.780378,-1.20992,0.798024,0.773395,-1.21253,0.797506,0.766156,-1.21519,0.796976,0.758639,-1.21792,0.796433,0.750813,-1.22072,0.795874,0.742645,-1.22361,0.7953,0.734092,-1.2266,0.794705,0.725103
120,-1.2,0.6,0.8,-1.20241,0.598564,0.79358,-1.20485,0.597103,0.786958,-1.20734,0.595617,0.780117,-1.20988,0.594101,0.773039,-1.21247,0.592553,0.765702,-1.21512,0.590971,0.75808,-1.21784,0.589349,0.750144,-1.22063,0.587683,0.741859,-1.2235,0.585968,0.73318,-1.22647,0.584195,0.724056
121,-1,1.2,0,-1,1.2,0,-1,1.2,0,-1,1.2,0,-1,1.2,0,-1,1.2,0,-1,1.2,0,-1,1.2,0,-1,1.2,0,-1,1.2,0,-1,1.2,0
122,-0.8,1.2,0,-0.8,1.2,0,-0.8,1.2,0,-0.8,1.2,0,-0.8,1.2,0,-0.8,1.2,0,-0.8,1.2,0,-0.8,1.2,0,-0.8,1.2,0,-0.8,1.2,0,-0.8,1.2,0
123,-0.6,1.2,0,-0.6,1.2,0,-0.6,1.2,0,-0.6,1.2,0,-0.6,1.2,0,-0.6,1.2,0,-0.6,1.2,0,-0.6,1.2,0,-0.6,1.2,0,-0.6,1.2,0,-0.6,1.2,0
124,-0.4,1.2,0,-0.4,1.2,0,-0.4,1.2,0,-0.4,1.2,0,-0.4,1.2,0,-0.4,1.2,0,-0.4,1.2,0,-0.4,1.2,0,-0.4,1.2,0,-0.4,1.2,0,-0.4,1.2,0
125,-1,1,0,-1,1,0,-1,1,0,-1,1,0,-1,1,0,-1,1,0,-1,1,0,-1,1,0,-1,1,0,-1,1,0,-1,1,0
126,-0.8,1,0,-0.8,1,0,-0.8,1,0,-0.8,1,0,-0.8,1,0,-0.8,1,0,-0.8,1,0,-0.8,1,0,-0.8,1,0,-0.8,1,0,-0.8,1,0
127,-0.6,1,0,-0.6,1,0,-0.6,1,0,-0.6,1,0,-0.6,1,0,-0.6,1,0,-0.6,1,0,-0.6,1,0,-0.6,1,0,-0.6,1,0,-0.6,1,0
128,-0.4,1,0,-0.4,1,0,-0.4,1,0,-0.4,1,0,-0.4,1,0,-0.4,1,0,-0.4,1,0,-0.4,1,0,-0.4,1,0,-0.4,1,0,-0.4,1,0
129,-1,0.8,0,-1,0.8,0,-1,0.8,0,-1,0.8,0,-1,0.8,0,-1,0.8,0,-1,0.8,0,-1,0.8,0,-1,0.8,0,-1,0.8,0,-1,0.8,0
130,-0.8,0.8,0,-0.8,0.8,0,-0.8,0.8,0,-0.8,0.8,0,-0.8,0.8,0,-0.8,0.8,0,-0.8,0.8,0,-0.8,0.8,0,-0.8,0.8,0,-0.8,0.8,0,-0.8,0.8,0
131,-0.6,0.8,0,-0.6,0.8,0,-0.6,0.8,0,-0.6,0.8,0,-0.6,0.8,0,-0.6,0.8,0,-0.6,0.8,0,-0.6,0.8,0,-0.6,0.8,0,-0.6,0.8,0,-0.6,0.8,0
132,-0.4,0.8,0,-0.4,0.8,0,-0.4,0.8,0,-0.4,0.8,0,-0.4,0.8,0,-0.4,0.8,0,-0.4,0.8,0,-0.4,0.8,0,-0.4,0.8,0,-0.4,0.8,0,-0.4,0.8,0
133,-1,0.6,0,-1,0.6,0,-1,0.6,0,-1,0.6,0,-1,0.6,0,-1,0.6,0,-1,0.6,0,-1,0.6,0,-1,0.6,0,-1,0.6,0,-1,0.6,0
134,-0.8,0.6,0,-0.8,0.6,0,-0.8,0.6,0,-0.8,0.6,0,-0.8,0.6,0,-0.8,0.6,0,-0.8,0.6,0,-0.8,0.6,0,-0.8,0.6,0,-0.8,0.6,0,-0.8,0.6,0
135,-0.6,0.6,0,-0.6,0.6,0,-0.6,0.6,0,-0.6,0.6,0,-0.6,0.6,0,-0.6,0.6,0,-0.6,0.6,0,-0.6,0.6,0,-0.6,0.6,0,-0.6,0.6,0,-0.6,0.6,0
136,-0.4,0.6,0,-0.4,0.6,0,-0.4,0.6,0,-0.4,0.6,0,-0.4,0.6,0,-0.4,0.6,0,-0.4,0.6,0,-0.4,0.6,0,-0.4,0.6,0,-0.4,0.6,0,-0.4,0.6,0
137,-1,0.6,1,-1.00149,0.598514,0.991672,-1.003,0.597002,0.98308,-1.00454,0.595462,0.974204,-1.00611,0.593891,0.965019,-1.00771,0.592287,0.955495,-1.00935,0.590646,0.945599,-1.01104,0.588962,0.935291,-1.01277,0.587232,0.924523,-1.01455,0.585447,0.913239,-1.0164,0.583601,0.901367
138,-0.8,0.6,1,-0.800499,0.598515,0.991743,-0.801008,0.597004,0.983225,-0.801525,0.595466,0.974426,-0.802053,0.593898,0.965319,-0.802592,0.592297,0.955878,-0.803144,0.590658,0.946068,-0.803711,0.588978,0.93585,-0.804293,0.58725,0.925178,-0.804893,0.58547,0.913994,-0.805515,0.583628,0.902231
139,-0.6,0.6,1,-0.599501,0.598515,0.991743,-0.598992,0.597004,0.983225,-0.598475,0.595466,0.974426,-0.597947,0.593898,0.965319,-0.597408,0.592297,0.955878,-0.596856,0.590658,0.946068,-0.596289,0.588978,0.93585,-0.595707,0.58725,0.925178,-0.595107,0.58547,0.913994,-0.594485,0.583628,0.902231
140,-0.4,0.6,1,-0.398514,0.598514,0.991672,-0.397002,0.597002,0.98308,-0.395462,0.595462,0.974204,-0.393891,0.593891,0.965019,-0.392287,0.592287,0.955495,-0.390646,0.590646,0.945599,-0.388962,0.588962,0.935291,-0.387232,0.587232,0.924523,-0.385447,0.585447,0.913239,-0.383601,0.583601,0.901367
141,-1,0.8,1,-1.00149,0.799501,0.991743,-1.003,0.798992,0.983225,-1.00453,0.798475,0.974426,-1.0061,0.797947,0.965319,-1.0077,0.797408,0.955878,-1.00934,0.796856,0.946068,-1.01102,0.796289,0.93585,-1.01275,0.795707,0.925178,-1.01453,0.795107,0.913994,-1.01637,0.794485,0.902231
142,-0.8,0.8,1,-0.800499,0.799501,0.991809,-0.801007,0.798993,0.983359,-0.801524,0.798476,0.974629,-0.802051,0.797949,0.965596,-0.80259,0.79741,0.95623,-0.803141,0.796859,0.946498,-0.803706,0.796294,0.936363,-0.804287,0.795713,0.925777,-0.804887,0.795113,0.914686,-0.805507,0.794493,0.90302
143,-0.6,0.8,1,-0.599501,0.799501,0.991809,-0.598993,0.798993,0.983359,-0.598476,0.798476,0.974629,-0.597949,0.797949,0.965596,-0.59741,0.79741,0.95623,-0.596859,0.796859,0.946498,-0.596294,0.796294,0.936363,-0.595713,0.795713,0.925777,-0.595113,0.795113,0.914686,-0.594493,0.794493,0.90302
144,-0.4,0.8,1,-0.398515,0.799501,0.991743,-0.397004,0.798992,0.983225,-0.395466,0.798475,0.974426,-0.393898,0.797947,0.965319,-0.392296,0.797408,0.955878,-0.390658,0.796856,0.946068,-0.388977,0.796289,0.93585,-0.38725,0.795707,0.925178,-0.38547,0.795107,0.913994,-0.383628,0.794485,0.902231
145,-1,1,1,-1.00149,1.0005,0.991743,-1.003,1.00101,0.983225,-1.00453,1.00153,0.974426,-1.0061,1.00205,0.965319,-1.0077,1.00259,0.955878,-1.00934,1.00314,0.946068,-1.01102,1.00371,0.93585,-1.01275,1.00429,0.925178,-1.01453,1.00489,0.913994,-1.01637,1.00551,0.902231
146,-0.8,1,1,-0.800499,1.0005,0.991809,-0.801007,1.00101,0.983359,-0.801524,1.00152,0.974629,-0.802051,1.00205,0.965596,-0.80259,1.00259,0.95623,-0.803141,1.00314,0.946498,-0.803706,1.00371,0.936363,-0.804287,1.00429,0.925777,-0.804887,1.00489,0.914686,-0.805507,1.00551,0.90302
147,-0.6,1,1,-0.599501,1.0005,0.991809,-0.598993,1.00101,0.983359,-0.598476,1.00152,0.974629,-0.597949,1.00205,0.965596,-0.59741,1.00259,0.95623,-0.596859,1.00314,0.946498,-0.596294,1.00371,0.936363,-0.595713,1.00429,0.925777,-0.595113,1.00489,0.914686,-0.594493,1.00551,0.90302
148,-0.4,1,1,-0.398515,1.0005,0.991743,-0.397004,1.00101,0.983225,-0.395466,1.00153,0.974426,-0.393898,1.00205,0.965319,-0.392296,1.00259,0.955878,-0.390658,1.00314,0.946068,-0.388977,1.00371,0.93585,-0.38725,1.00429,0.925178,-0.38547,1.00489,0.913994,-0.383628,1.00551,0.902231
149,-1,1.2,1,-1.00149,1.20149,0.991672,-1.003,1.203,0.98308,-1.00454,1.20454,0.974204,-1.00611,1.20611,0.965019,-1.00771,1.20771,0.955495,-1.00935,1.20935,0.945599,-1.01104,1.21104,0.935291,-1.01277,1.21277,0.924523,-1.01455,1.21455,0.913239,-1.0164,1.2164,0.901367
150,-0.8,1.2,1,-0.800499,1.20149,0.991743,-0.801008,1.203,0.983225,-0.801525,1.20453,0.974426,-0.802053,1.2061,0.965319,-0.802592,1.2077,0.955878,-0.803144,1.20934,0.946068,-0.803711,1.21102,0.93585,-0.804293,1.21275,0.925178,-0.804893,1.21453,0.913994,-0.805515,1.21637,0.902231
151,-0.6,1.2,1,-0.599501,1.20149,0.991743,-0.598992,1.203,0.983225,-0.598475,1.20453,0.974426,-0.597947,1.2061,0.965319,-0.597408,1.2077,0.955878,-0.596856,1.20934,0.946068,-0.596289,1.21102,0.93585,-0.595707,1.21275,0.925178,-0.595107,1.21453,0.913994,-0.594485,1.21637,0.902231
152,-0.4,1.2,1,-0.398514,1.20149,0.991672,-0.397002,1.203,0.98308,-0.395462,1.20454,0.974204,-0.393891,1.20611,0.965019,-0.392287,1.20771,0.955495,-0.390646,1.20935,0.945599,-0.388962,1.21104,0.935291,-0.387232,1.21277,0.924523,-0.385447,1.21455,0.913239,-0.383601,1.2164,0.901367
153,-1,0.6,0.2,-1.00083,0.599168,0.199252,-1.00168,0.598316,0.198482,-1.00256,0.597444,0.197689,-1.00345,0.59655,0.19687,-1.00437,0.595633,0.196025,-1.00531,0.594692,0.19515,-1.00628,0.593724,0.194244,-1.00727,0.592727,0.193303,-1.0083,0.5917,0.192325,-1.00936,0.590639,0.191305
154,-0.8,0.6,0.2,-0.800264,0.599134,0.199263,-0.800536,0.598251,0.198507,-0.800814,0.597348,0.19773,-0.8011,0.596426,0.196931,-0.801394,0.595483,0.196109,-0.801697,0.594518,0.195261,-0.80201,0.593529,0.194385,-0.802332,0.592515,0.193481,-0.802665,0.591473,0.192544,-0.80301,0.590401,0.191573
155,-0.6,0.6,0.2,-0.599736,0.599134,0.199263,-0.599464,0.598251,0.198507,-0.599186,0.597348,0.19773,-0.5989,0.596426,0.196931,-0.598606,0.595483,0.196109,-0.598303,0.594518,0.195261,-0.59799,0.593529,0.194385,-0.597668,0.592515,0.193481,-0.597335,0.591473,0.192544,-0.59699,0.590401,0.191573
156,-0.4,0.6,0.2,-0.399168,0.599168,0.199252,-0.398316,0.598316,0.198482,-0.397444,0.597444,0.197689,-0.39655,0.59655,0.19687,-0.395633,0.595633,0.196025,-0.394692,0.594692,0.19515,-0.393724,0.593724,0.194244,-0.392727,0.592727,0.193303,-0.3917,0.5917,0.192325,-0.390639,0.590639,0.191305
157,-1,0.8,0.2,-1.00087,0.799736,0.199263,-1.00175,0.799464,0.198507,-1.00265,0.799186,0.19773,-1.00357,0.7989,0.196931,-1.00452,0.798606,0.196109,-1.00548,0.798303,0.195261,-1.00647,0.79799,0.194385,-1.00749,0.797668,0.193481,-1.00853,0.797335,0.192544,-1.0096,0.79699,0.191573
158,-0.8,0.8,0.2,-0.800275,0.799725,0.199284,-0.800556,0.799444,0.198551,-0.800844,0.799156,0.197801,-0.801139,0.798861,0.197032,-0.801442,0.798558,0.196244,-0.801752,0.798248,0.195435,-0.802071,0.797929,0.194603,-0.802399,0.797602,0.193747,-0.802736,0.797264,0.192866,-0.803084,0.796916,0.191956
159,-0.6,0.8,0.2,-0.599725,0.799725,0.199284,-0.599444,0.799444,0.198551,-0.599156,0.799156,0.197801,-0.598861,0.798861,0.197032,-0.598558,0.798558,0.196244,-0.598248,0.798248,0.195435,-0.597929,0.797929,0.194603,-0.597602,0.797602,0.193747,-0.597264,0.797264,0.192866,-0.596916,0.796916,0.191956
160,-0.4,0.8,0.2,-0.399134,0.799736,0.199263,-0.39825,0.799464,0.198507,-0.397348,0.799186,0.19773,-0.396426,0.7989,0.196931,-0.395483,0.798606,0.196109,-0.394518,0.798303,0.195261,-0.393529,0.79799,0.194385,-0.392515,0.797668,0.193481,-0.391473,0.797335,0.192544,-0.390401,0.79699,0.191573
161,-1,1,0.2,-1.00087,1.00026,0.199263,-1.00175,1.00054,0.198507,-1.00265,1.00081,0.19773,-1.00357,1.0011,0.196931,-1.00452,1.00139,0.196109,-1.00548,1.0017,0.195261,-1.00647,1.00201,0.194385,-1.00749,1.00233,0.193481,-1.00853,1.00267,0.192544,-1.0096,1.00301,0.191573
162,-0.8,1,0.2,-0.800275,1.00028,0.199284,-0.800556,1.00056,0.198551,-0.800844,1.00084,0.197801,-0.801139,1.00114,0.197032,-0.801442,1.00144,0.196244,-0.801752,1.00175,0.195435,-0.802071,1.00207,0.194603,-0.802399,1.0024,0.193747,-0.802736,1.00274,0.192866,-0.803084,1.00308,0.191956
163,-0.6,1,0.2,-0.599725,1.00028,0.199284,-0.599444,1.00056,0.198551,-0.599156,1.00084,0.197801,-0.598861,1.00114,0.197032,-0.598558,1.00144,0.196244,-0.598248,1.00175,0.195435,-0.597929,1.00207,0.194603,-0.597602,1.0024,0.193747,-0.597264,1.00274,0.192866,-0.596916,1.00308,0.191956
164,-0.4,1,0.2,-0.399134,1.00026,0.199263,-0.39825,1.00054,0.198507,-0.397348,1.00081,0.19773,-0.396426,1.0011,0.196931,-0.395483,1.00139,0.196109,-0.394518,1.0017,0.195261,-0.393529,1.00201,0.194385,-0.392515,1.00233,0.193481,-0.391473,1.00267,0.192544,-0.390401,1.00301,0.191573
165,-1,1.2,0.2,-1.00083,1.20083,0.199252,-1.00168,1.20168,0.198482,-1.00256,1.20256,0.197689,-1.00345,1.20345,0.19687,-1.00437,1.20437,0.196025,-1.00531,1.20531,0.19515,-1.00628,1.20628,0.194244,-1.00727,1.20727,0.193303,-1.0083,1.2083,0.192325,-1.00936,1.20936,0.191305
166,-0.8,1.2,0.2,-0.800264,1.20087,0.199263,-0.800536,1.20175,0.198507,-0.800814,1.20265,0.19773,-0.8011,1.20357,0.196931,-0.801394,1.20452,0.196109,-0.801697,1.20548,0.195261,-0.80201,1.20647,0.194385,-0.802332,1.20749,0.193481,-0.802665,1.20853,0.192544,-0.80301,1.2096,0.191573
167,-0.6,1.2,0.2,-0.599736,1.20087,0.199263,-0.599464,1.20175,0.198507,-0.599186,1.20265,0.19773,-0.5989,1.20357,0.196931,-0.598606,1.20452,0.196109,-0.598303,1.20548,0.195261,-0.59799,1.20647,0.194385,-0.597668,1.20749,0.193481,-0.597335,1.20853,0.192544,-0.59699,1.2096,0.191573
168,-0.4,1.2,0.2,-0.399168,1.20083,0.199252,-0.398316,1.20168,0.198482,-0.397444,1.20256,0.197689,-0.39655,1.20345,0.19687,-0.395633,1.20437,0.196025,-0.394692,1.20531,0.19515,-0.393724,1.20628,0.194244,-0.392727,1.20727,0.193303,-0.3917,1.2083,0.192325,-0.390639,1.20936,0.191305
169,-1,0.6,0.4,-1.00126,0.598743,0.397627,-1.00254,0.597463,0.395182,-1.00384,0.596156,0.392661,-1.00518,0.594822,0.390058,-1.00654,0.593457,0.387365,-1.00794,0.59206,0.384576,-1.00937,0.590628,0.381682,-1.01084,0.589157,0.378673,-1.01236,0.587643,0.375536,-1.01392,0.58608,0.372258
170,-0.8,0.6,0.4,-0.800411,0.598742,0.397693,-0.80083,0.59746,0.395319,-0.801258,0.596154,0.392872,-0.801695,0.594821,0.390349,-0.802143,0.59346,0.387742,-0.802602,0.592067,0.385044,-0.803073,0.590641,0.382249,-0.803558,0.589177,0.379347,-0.804057,0.587672,0.376326,-0.804572,0.58612,0.373175
171,-0.6,0.6,0.4,-0.599589,0.598742,0.397693,-0.59917,0.59746,0.395319,-0.598742,0.596154,0.392872,-0.598305,0.594821,0.390349,-0.597857,0.59346,0.387742,-0.597398,0.592067,0.385044,-0.596927,0.590641,0.382249,-0.596442,0.589177,0.379347,-0.595943,0.587672,0.376326,-0.595428,0.58612,0.373175
172,-0.4,0.6,0.4,-0.398743,0.598743,0.397627,-0.397463,0.597463,0.395182,-0.396156,0.596156,0.392661,-0.394822,0.594822,0.390058,-0.393457,0.593457,0.387365,-0.39206,0.59206,0.384576,-0.390628,0.590628,0.381682,-0.389157,0.589157,0.378673,-0.387643,0.587643,0.375536,-0.38608,0.58608,0.372258
173,-1,0.8,0.4,-1.00126,0.799589,0.397693,-1.00254,0.79917,0.395319,-1.00385,0.798742,0.392872,-1.00518,0.798305,0.390349,-1.00654,0.797857,0.387742,-1.00793,0.797398,0.385044,-1.00936,0.796927,0.382249,-1.01082,0.796442,0.379347,-1.01233,0.795943,0.376326,-1.01388,0.795428,0.373175
174,-0.8,0.8,0.4,-0.800412,0.799588,0.397774,-0.800831,0.799169,0.395485,-0.801259,0.798741,0.393128,-0.801696,0.798304,0.390699,-0.802144,0.797857,0.388193,-0.802601,0.797399,0.385603,-0.803071,0.796929,0.382923,-0.803553,0.796447,0.380144,-0.804049,0.795951,0.377257,-0.804561,0.795439,0.374251
175,-0.6,0.8,0.4,-0.599588,0.799588,0.397774,-0.599169,0.799169,0.395485,-0.598741,0.798741,0.393128,-0.598304,0.798304,0.390699,-0.597857,0.797857,0.388193,-0.597399,0.797399,0.385603,-0.596929,0.796929,0.382923,-0.596447,0.796447,0.380144,-0.595951,0.795951,0.377257,-0.595439,0.795439,0.374251
176,-0.4,0.8,0.4,-0.398742,0.799589,0.397693,-0.39746,0.79917,0.395319,-0.396154,0.798742,0.392872,-0.394821,0.798305,0.390349,-0.39346,0.797857,0.387742,-0.392067,0.797398,0.385044,-0.390641,0.796927,0.382249,-0.389177,0.796442,0.379347,-0.387672,0.795943,0.376326,-0.38612,0.795428,0.373175
177,-1,1,0.4,-1.00126,1.00041,0.397693,-1.00254,1.00083,0.395319,-1.00385,1.00126,0.392872,-1.00518,1.0017,0.390349,-1.00654,1.00214,0.387742,-1.00793,1.0026,0.385044,-1.00936,1.00307,0.382249,-1.01082,1.00356,0.379347,-1.01233,1.00406,0.376326,-1.01388,1.00457,0.373175
178,-0.8,1,0.4,-0.800412,1.00041,0.397774,-0.800831,1.00083,0.395485,-0.801259,1.00126,0.393128,-0.801696,1.0017,0.390699,-0.802144,1.00214,0.388193,-0.802601,1.0026,0.385603,-0.803071,1.00307,0.382923,-0.803553,1.00355,0.380144,-0.804049,1.00405,0.377257,-0.804561,1.00456,0.374251
179,-0.6,1,0.4,-0.599588,1.00041,0.397774,-0.599169,1.00083,0.395485,-0.598741,1.00126,0.393128,-0.598304,1.0017,0.390699,-0.597857,1.00214,0.388193,-0.597399,1.0026,0.385603,-0.596929,1.00307,0.382923,-0.596447,1.00355,0.380144,-0.595951,1.00405,0.377257,-0.595439,1.00456,0.374251
180,-0.4,1,0.4,-0.398742,1.00041,0.397693,-0.39746,1.00083,0.395319,-0.396154,1.00126,0.392872,-0.394821,1.0017,0.390349,-0.39346,1.00214,0.387742,-0.392067,1.0026,0.385044,-0.390641,1.00307,0.382249,-0.389177,1.00356,0.379347,-0.387672,1.00406,0.376326,-0.38612,1.00457,0.373175
181,-1,1.2,0.4,-1.00126,1.20126,0.397627,-1.00254,1.20254,0.395182,-1.00384,1.20384,0.392661,-1.00518,1.20518,0.390058,-1.00654,1.20654,0.387365,-1.00794,1.20794,0.384576,-1.00937,1.20937,0.381682,-1.01084,1.21084,0.378673,-1.01236,1.21236,0.375536,-1.01392,1.21392,0.372258
182,-0.8,1.2,0.4,-0.800411,1.20126,0.397693,-0.80083,1.20254,0.395319,-0.801258,1.20385,0.392872,-0.801695,1.20518,0.390349,-0.802143,1.20654,0.387742,-0.802602,1.20793,0.385044,-0.803073,1.20936,0.382249,-0.803558,1.21082,0.379347,-0.804057,1.21233,0.376326,-0.804572,1.21388,0.373175
183,-0.6,1.2,0.4,-0.599589,1.20126,0.397693,-0.59917,1.20254,0.395319,-0.598742,1.20385,0.392872,-0.598305,1.20518,0.390349,-0.597857,1.20654,0.387742,-0.597398,1.20793,0.385044,-0.596927,1.20936,0.382249,-0.596442,1.21082,0.379347,-0.595943,1.21233,0.376326,-0.595428,1.21388,0.373175
184,-0.4,1.2,0.4,-0.398743,1.20126,0.397627,-0.397463,1.20254,0.395182,-0.396156,1.20384,0.392661,-0.394822,1.20518,0.390058,-0.393457,1.20654,0.387365,-0.39206,1.20794,0.384576,-0.390628,1.20937,0.381682,-0.389157,1.21084,0.378673,-0.387643,1.21236,0.375536,-0.38608,1.21392,0.372258
185,-1,0.6,0.6,-1.0014,0.598597,0.595708,-1.00283,0.597169,0.591284,-1.00429,0.595714,0.586717,-1.00577,0.594231,0.581996,-1.00728,0.592715,0.577108,-1.00884,0.591165,0.572037,-1.01042,0.589576,0.566765,-1.01206,0.587944,0.561272,-1.01374,0.586263,0.555531,-1.01547,0.584527,0.549513
186,-0.8,0.6,0.6,-0.800467,0.598591,0.595799,-0.800941,0.597157,0.591469,-0.801425,0.595697,0.587002,-0.801919,0.594208,0.582386,-0.802424,0.592687,0.577608,-0.80294,0.59113,0.572654,-0.80347,0.589536,0.567507,-0.804014,0.587898,0.562147,-0.804574,0.586211,0.556551,-0.805153,0.584469,0.550688
187,-0.6,0.6,0.6,-0.599533,0.598591,0.595799,-0.599059,0.597157,0.591469,-0.598575,0.595697,0.587002,-0.598081,0.594208,0.582386,-0.597576,0.592687,0.577608,-0.59706,0.59113,0.572654,-0.59653,0.589536,0.567507,-0.595986,0.587898,0.562147,-0.595426,0.586211,0.556551,-0.594847,0.584469,0.550688
188,-0.4,0.6,0.6,-0.398597,0.598597,0.595708,-0.397169,0.597169,0.591284,-0.395714,0.595714,0.586717,-0.394231,0.594231,0.581996,-0.392715,0.592715,0.577108,-0.391165,0.591165,0.572037,-0.389576,0.589576,0.566765,-0.387944,0.587944,0.561272,-0.386263,0.586263,0.555531,-0.384527,0.584527,0.549513
189,-1,0.8,0.6,-1.00141,0.799533,0.595799,-1.00284,0.799059,0.591469,-1.0043,0.798575,0.587002,-1.00579,0.798081,0.582386,-1.00731,0.797576,0.577608,-1.00887,0.79706,0.572654,-1.01046,0.79653,0.567507,-1.0121,0.795986,0.562147,-1.01379,0.795426,0.556551,-1.01553,0.794847,0.550688
190,-0.8,0.8,0.6,-0.800469,0.799531,0.595891,-0.800947,0.799053,0.591659,-0.801434,0.798567,0.587292,-0.80193,0.79807,0.582782,-0.802437,0.797563,0.578116,-0.802956,0.797044,0.57328,-0.803488,0.796512,0.568259,-0.804035,0.795965,0.563033,-0.804598,0.795402,0.55758,-0.80518,0.79482,0.551873
191,-0.6,0.8,0.6,-0.599531,0.799531,0.595891,-0.599053,0.799053,0.591659,-0.598567,0.798567,0.587292,-0.59807,0.79807,0.582782,-0.597563,0.797563,0.578116,-0.597044,0.797044,0.57328,-0.596512,0.796512,0.568259,-0.595965,0.795965,0.563033,-0.595402,0.795402,0.55758,-0.59482,0.79482,0.551873
192,-0.4,0.8,0.6,-0.398591,0.799533,0.595799,-0.397157,0.799059,0.591469,-0.395697,0.798575,0.587002,-0.394208,0.798081,0.582386,-0.392687,0.797576,0.577608,-0.39113,0.79706,0.572654,-0.389536,0.79653,0.567507,-0.387898,0.795986,0.562147,-0.386211,0.795426,0.556551,-0.384469,0.794847,0.550688
193,-1,1,0.6,-1.00141,1.00047,0.595799,-1.00284,1.00094,0.591469,-1.0043,1.00143,0.587002,-1.00579,1.00192,0.582386,-1.00731,1.00242,0.577608,-1.00887,1.00294,0.572654,-1.01046,1.00347,0.567507,-1.0121,1.00401,0.562147,-1.01379,1.00457,0.556551,-1.01553,1.00515,0.550688
194,-0.8,1,0.6,-0.800469,1.00047,0.595891,-0.800947,1.00095,0.591659,-0.801434,1.00143,0.587292,-0.80193,1.00193,0.582782,-0.802437,1.00244,0.578116,-0.802956,1.00296,0.57328,-0.803488,1.00349,0.568259,-0.804035,1.00404,0.563033,-0.804598,1.0046,0.55758,-0.80518,1.00518,0.551873
195,-0.6,1,0.6,-0.599531,1.00047,0.595891,-0.599053,1.00095,0.591659,-0.598567,1.00143,0.587292,-0.59807,1.00193,0.582782,-0.597563,1.00244,0.578116,-0.597044,1.00296,0.57328,-0.596512,1.00349,0.568259,-0.595965,1.00404,0.563033,-0.595402,1.0046,0.55758,-0.59482,1.00518,0.551873
196,-0.4,1,0.6,-0.398591,1.00047,0.595799,-0.397157,1.00094,0.591469,-0.395697,1.00143,0.587002,-0.394208,1.00192,0.582386,-0.392687,1.00242,0.577608,-0.39113,1.00294,0.572654,-0.389536,1.00347,0.567507,-0.387898,1.00401,0.562147,-0.386211,1.00457,0.556551,-0.384469,1.00515,0.550688
197,-1,1.2,0.6,-1.0014,1.2014,0.595708,-1.00283,1.20283,0.591284,-1.00429,1.20429,0.586717,-1.00577,1.20577,0.581996,-1.00728,1.20728,0.577108,-1.00884,1.20884,0.572037,-1.01042,1.21042,0.566765,-1.01206,1.21206,0.561272,-1.01374,1.21374,0.555531,-1.01547,1.21547,0.549513
198,-0.8,1.2,0.6,-0.800467,1.20141,0.595799,-0.800941,1.20284,0.591469,-0.801425,1.2043,0.587002,-0.801919,1.20579,0.582386,-0.802424,1.20731,0.577608,-0.80294,1.20887,0.572654,-0.80347,1.21046,0.567507,-0.804014,1.2121,0.562147,-0.804574,1.21379,0.556551,-0.805153,1.21553,0.550688
199,-0.6,1.2,0.6,-0.599533,1.20141,0.595799,-0.599059,1.20284,0.591469,-0.598575,1.2043,0.587002,-0.598081,1.20579,0.582386,-0.597576,1.20731,0.577608,-0.59706,1.20887,0.572654,-0.59653,1.21046,0.567507,-0.595986,1.2121,0.562147,-0.595426,1.21379,0.556551,-0.594847,1.21553,0.550688
200,-0.4,1.2,0.6,-0.398597,1.2014,0.595708,-0.397169,1.20283,0.591284,-0.395714,1.20429,0.586717,-0.394231,1.20577,0.581996,-0.392715,1.20728,0.577108,-0.391165,1.20884,0.572037,-0.389576,1.21042,0.566765,-0.387944,1.21206,0.561272,-0.386263,1.21374,0.555531,-0.384527,1.21547,0.549513
201,-1,0.6,0.8,-1.00145,0.59855,0.793705,-1.00293,0.597075,0.787213,-1.00443,0.595573,0.780509,-1.00596,0.594042,0.773573,-1.00752,0.592479,0.766386,-1.00912,0.59088,0.758923,-1.01076,0.589242,0.751155,-1.01244,0.587558,0.74305,-1.01418,0.585824,0.734565,-1.01597,0.584031,0.725651
202,-0.8,0.6,0.8,-0.800484,0.598542,0.793791,-0.800977,0.597059,0.787389,-0.801479,0.595548,0.780778,-0.80199,0.594008,0.773941,-0.802513,0.592435,0.766857,-0.803047,0.590826,0.759502,-0.803595,0.589177,0.751848,-0.804157,0.587481,0.743864,-0.804737,0.585734,0.735509,-0.805337,0.583928,0.726736
203,-0.6,0.6,0.8,-0.599516,0.598542,0.793791,-0.599023,0.597059,0.787389,-0.598521,0.595548,0.780778,-0.59801,0.594008,0.773941,-0.597488,0.592435,0.766857,-0.596953,0.590826,0.759502,-0.596405,0.589177,0.751848,-0.595843,0.587481,0.743864,-0.595263,0.585734,0.735509,-0.594663,0.583928,0.726736
204,-0.4,0.6,0.8,-0.39855,0.59855,0.793705,-0.397075,0.597075,0.787213,-0.395573,0.595573,0.780509,-0.394042,0.594042,0.773573,-0.392479,0.592479,0.766386,-0.39088,0.59088,0.758923,-0.389242,0.589242,0.751155,-0.387558,0.587558,0.74305,-0.385824,0.585824,0.734565,-0.384031,0.584031,0.725651
205,-1,0.8,0.8,-1.00146,0.799516,0.793791,-1.00294,0.799023,0.787389,-1.00445,0.798521,0.780778,-1.00599,0.79801,0.773941,-1.00756,0.797487,0.766857,-1.00917,0.796953,0.759502,-1.01082,0.796405,0.751848,-1.01252,0.795843,0.743864,-1.01427,0.795263,0.735509,-1.01607,0.794663,0.726736
206,-0.8,0.8,0.8,-0.800487,0.799513,0.793875,-0.800983,0.799017,0.787559,-0.801487,0.798513,0.781038,-0.802002,0.797998,0.774294,-0.802527,0.797473,0.767307,-0.803065,0.796935,0.760056,-0.803616,0.796384,0.752511,-0.804183,0.795817,0.744643,-0.804767,0.795233,0.736412,-0.805371,0.794629,0.727771
207,-0.6,0.8,0.8,-0.599513,0.799513,0.793875,-0.599017,0.799017,0.787559,-0.598513,0.798513,0.781038,-0.597998,0.797998,0.774294,-0.597473,0.797473,0.767307,-0.596935,0.796935,0.760056,-0.596384,0.796384,0.752511,-0.595817,0.795817,0.744643,-0.595233,0.795233,0.736412,-0.594629,0.794629,0.727771
208,-0.4,0.8,0.8,-0.398542,0.799516,0.793791,-0.397059,0.799023,0.787389,-0.395548,0.798521,0.780778,-0.394008,0.79801,0.773941,-0.392435,0.797487,0.766857,-0.390826,0.796953,0.759502,-0.389176,0.796405,0.751848,-0.387481,0.795843,0.743864,-0.385734,0.795263,0.735509,-0.383928,0.794663,0.726736
209,-1,1,0.8,-1.00146,1.00048,0.793791,-1.00294,1.00098,0.787389,-1.00445,1.00148,0.780778,-1.00599,1.00199,0.773941,-1.00756,1.00251,0.766857,-1.00917,1.00305,0.759502,-1.01082,1.00359,0.751848,-1.01252,1.00416,0.743864,-1.01427,1.00474,0.735509,-1.01607,1.00534,0.726736
210,-0.8,1,0.8,-0.800487,1.00049,0.793875,-0.800983,1.00098,0.787559,-0.801487,1.00149,0.781038,-0.802002,1.002,0.774294,-0.802527,1.00253,0.767307,-0.803065,1.00307,0.760056,-0.803616,1.00362,0.752511,-0.804183,1.00418,0.744643,-0.804767,1.00477,0.736412,-0.805371,1.00537,0.727771
211,-0.6,1,0.8,-0.599513,1.00049,0.793875,-0.599017,1.00098,0.787559,-0.598513,1.00149,0.781038,-0.597998,1.002,0.774294,-0.597473,1.00253,0.767307,-0.596935,1.00307,0.760056,-0.596384,1.00362,0.752511,-0.595817,1.00418,0.744643,-0.595233,1.00477,0.736412,-0.594629,1.00537,0.727771
212,-0.4,1,0.8,-0.398542,1.00048,0.793791,-0.397059,1.00098,0.787389,-0.395548,1.00148,0.780778,-0.394008,1.00199,0.773941,-0.392435,1.00251,0.766857,-0.390826,1.00305,0.759502,-0.389176,1.00359,0.751848,-0.387481,1.00416,0.743864,-0.385734,1.00474,0.735509,-0.383928,1.00534,0.726736
213,-1,1.2,0.8,-1.00145,1.20145,0.793705,-1.00293,1.20293,0.787213,-1.00443,1.20443,0.780509,-1.00596,1.20596,0.773573,-1.00752,1.20752,0.766386,-1.00912,1.20912,0.758923,-1.01076,1.21076,0.751155,-1.01244,1.21244,0.74305,-1.01418,1.21418,0.734565,-1.01597,1.21597,0.725651
214,-0.8,1.2,0.8,-0.800484,1.20146,0.793791,-0.800977,1.20294,0.787389,-0.801479,1.20445,0.780778,-0.80199,1.20599,0.773941,-0.802513,1.20756,0.766857,-0.803047,1.20917,0.759502,-0.803595,1.21082,0.751848,-0.804157,1.21252,0.743864,-0.804737,1.21427,0.735509,-0.805337,1.21607,0.726736
215,-0.6,1.2,0.8,-0.599516,1.20146,0.793791,-0.599023,1.20294,0.787389,-0.598521,1.20445,0.780778,-0.59801,1.20599,0.773941,-0.597488,1.20756,0.766857,-0.596953,1.20917,0.759502,-0.596405,1.21082,0.751848,-0.595843,1.21252,0.743864,-0.595263,1.21427,0.735509,-0.594663,1.21607,0.726736
216,-0.4,1.2,0.8,-0.39855,1.20145,0.793705,-0.397075,1.20293,0.787213,-0.395573,1.20443,0.780509,-0.394042,1.20596,0.773573,-0.392479,1.20752,0.766386,-0.39088,1.20912,0.758923,-0.389242,1.21076,0.751155,-0.387558,1.21244,0.74305,-0.385824,1.21418,0.734565,-0.384031,1.21597,0.725651
