1,0,0,0,0,0,0,-7638.84,-7638.84,-11896.4,125.989,-1798.71,-1798.71,-15383.5,-15383.5,-23804.5,302.372,-3476.63,-3476.63,-23246,-23246,-35726.1,530.241,-5027.96,-5027.96,-31239.8,-31239.8,-47663.3,810.825,-6446.2,-6446.2,-39380.5,-39380.5,-59618.3,1145.53,-7724.05,-7724.05,-47685.7,-47685.7,-71593.9,1535.96,-8853.23,-8853.23,-56176.1,-56176.1,-83593.4,1984,-9824.29,-9824.29,-64875.3,-64875.3,-95620.2,2491.84,-10626.3,-10626.3,-73812.7,-73812.7,-107680,3062.18,-11246.6,-11246.6,-83022,-83022,-119779,3698.23,-11670.1,-11670.1
2,0,0,0,0,0,0,-6540.13,-6309.95,-10252.6,-20.0061,-1809.01,-902.105,-13154.8,-12660.1,-20503.9,-16.4663,-3515.35,-1763.79,-19850.1,-19056.4,-30755.2,11.4177,-5114.62,-2583.15,-26632.3,-25504.9,-41008.2,64.5404,-6601.87,-3358.02,-33508.7,-32012.9,-51264.5,143.911,-7971.6,-4086.05,-40487.4,-38588.1,-61525.9,250.681,-9217.59,-4764.57,-47577.7,-45239.7,-71794.7,386.173,-10332.8,-5390.57,-54789.5,-51977.2,-82072.9,551.921,-11309.1,-5960.64,-62136,-58813.3,-92364.7,749.756,-12137.3,-6470.88,-69630.8,-65761.3,-102673,981.854,-12806.3,-6916.73
3,0,0,0,0,0,0,-6812.8,-6460.73,-10420.3,-2.40423e-11,-1856.93,2.09042e-11,-13715,-12964.3,-20840.9,-1.01939e-10,-3604.99,-6.12346e-11,-20712.8,-19516.6,-31263.4,1.06088e-10,-5239.68,-7.03579e-11,-27813.2,-26124.3,-41689.4,-1.15357e-10,-6756.01,2.7967e-11,-35023.6,-32794.5,-52120.4,3.33884e-11,-8148.39,-1.90141e-11,-42352.7,-39535.4,-62558.4,7.17968e-11,-9410.55,-2.79101e-11,-49810.1,-46356,-73005.7,-5.08642e-11,-10535.4,-2.30784e-11,-57406,-53266.2,-83464.3,-7.62839e-11,-11514.8,2.33058e-12,-65154,-60278.6,-93938.4,-4.97096e-11,-12339.4,-8.12292e-11,-73068.1,-67406.3,-104431,-1.762e-10,-12998.4,-2.77964e-11
4,0,0,0,0,0,0,-6540.13,-6309.95,-10252.6,20.0061,-1809.01,902.105,-13154.8,-12660.1,-20503.9,16.4663,-3515.35,1763.79,-19850.1,-19056.4,-30755.2,-11.4177,-5114.62,2583.15,-26632.3,-25504.9,-41008.2,-64.5404,-6601.87,3358.02,-33508.7,-32012.9,-51264.5,-143.911,-7971.6,4086.05,-40487.4,-38588.1,-61525.9,-250.681,-9217.59,4764.57,-47577.7,-45239.7,-71794.7,-386.173,-10332.8,5390.57,-54789.5,-51977.2,-82072.9,-551.921,-11309.1,5960.64,-62136,-58813.3,-92364.7,-749.756,-12137.3,6470.88,-69630.8,-65761.3,-102673,-981.854,-12806.3,6916.73
5,0,0,0,0,0,0,-7638.84,-7638.84,-11896.4,-125.989,-1798.71,1798.71,-15383.5,-15383.5,-23804.5,-302.372,-3476.63,3476.63,-23246,-23246,-35726.1,-530.241,-5027.96,5027.96,-31239.8,-31239.8,-47663.3,-810.825,-6446.2,6446.2,-39380.5,-39380.5,-59618.3,-1145.53,-7724.05,7724.05,-47685.7,-47685.7,-71593.9,-1535.96,-8853.23,8853.23,-56176.1,-56176.1,-83593.4,-1984,-9824.29,9824.29,-64875.3,-64875.3,-95620.2,-2491.84,-10626.3,10626.3,-73812.7,-73812.7,-107680,-3062.18,-11246.6,11246.6,-83022,-83022,-119779,-3698.23,-11670.1,11670.1
6,0,0,0,0,0,0,-6309.95,-6540.13,-10252.6,-20.0061,-902.105,-1809.01,-12660.1,-13154.8,-20503.9,-16.4663,-1763.79,-3515.35,-19056.4,-19850.1,-30755.2,11.4177,-2583.15,-5114.62,-25504.9,-26632.3,-41008.2,64.5404,-3358.02,-6601.87,-32012.9,-33508.7,-51264.5,143.911,-4086.05,-7971.6,-38588.1,-40487.4,-61525.9,250.681,-4764.57,-9217.59,-45239.7,-47577.7,-71794.7,386.173,-5390.57,-10332.8,-51977.2,-54789.5,-82072.9,551.921,-5960.64,-11309.1,-58813.3,-62136,-92364.7,749.756,-6470.88,-12137.3,-65761.3,-69630.8,-102673,981.854,-6916.73,-12806.3
7,0,0,0,0,0,0,-5163.51,-5163.51,-8566.3,-32.8082,-907.048,-907.048,-10330.5,-10330.5,-17106.2,-54.3478,-1782.79,-1782.79,-15500.3,-15500.3,-25619.3,-64.0481,-2626.1,-2626.1,-20672,-20672,-34105.3,-61.2643,-3435.72,-3435.72,-25844.1,-25844.1,-42563.4,-45.2616,-4210.3,-4210.3,-31014.9,-31014.9,-50992.8,-15.1968,-4948.36,-4948.36,-36181.8,-36181.8,-59392.3,29.9073,-5648.26,-5648.26,-41341.4,-41341.4,-67760.2,91.1907,-6308.19,-6308.19,-46489.7,-46489.7,-76095.1,170.018,-6926.17,-6926.17,-51620.5,-51620.5,-84394.3,268.016,-7499.94,-7499.94
8,0,0,0,0,0,0,-5526.11,-5432.55,-8828.48,7.40152e-12,-920.804,1.59389e-10,-11068.5,-10871,-17628.9,2.22244e-11,-1807.07,4.39115e-12,-16626.7,-16314.7,-26400.7,-1.30287e-10,-2657.57,-3.7474e-11,-22200,-21762.6,-35143.4,4.6982e-11,-3471,1.06638e-10,-27787.2,-27213.2,-43856.1,-5.13438e-11,-4245.91,1.19087e-11,-33386.7,-32664.7,-52537.9,-7.01794e-12,-4980.73,8.2423e-11,-38996.4,-38114.6,-61187.4,1.34306e-11,-5673.74,2.48406e-11,-44613.1,-43559.3,-69802.6,-7.08376e-11,-6323.03,4.07567e-11,-50232.9,-48994.7,-78381.9,1.0242e-10,-6926.54,2.38742e-12,-55850.2,-54414.4,-86922.1,-9.06191e-11,-7481.91,-5.85487e-12
9,0,0,0,0,0,0,-5163.51,-5163.51,-8566.3,32.8082,-907.048,907.048,-10330.5,-10330.5,-17106.2,54.3478,-1782.79,1782.79,-15500.3,-15500.3,-25619.3,64.0481,-2626.1,2626.1,-20672,-20672,-34105.3,61.2643,-3435.72,3435.72,-25844.1,-25844.1,-42563.4,45.2616,-4210.3,4210.3,-31014.9,-31014.9,-50992.8,15.1968,-4948.36,4948.36,-36181.8,-36181.8,-59392.3,-29.9073,-5648.26,5648.26,-41341.4,-41341.4,-67760.2,-91.1907,-6308.19,6308.19,-46489.7,-46489.7,-76095.1,-170.018,-6926.17,6926.17,-51620.5,-51620.5,-84394.3,-268.016,-7499.94,7499.94
10,0,0,0,0,0,0,-6309.95,-6540.13,-10252.6,20.0061,-902.105,1809.01,-12660.1,-13154.8,-20503.9,16.4663,-1763.79,3515.35,-19056.4,-19850.1,-30755.2,-11.4177,-2583.15,5114.62,-25504.9,-26632.3,-41008.2,-64.5404,-3358.02,6601.87,-32012.9,-33508.7,-51264.5,-143.911,-4086.05,7971.6,-38588.1,-40487.4,-61525.9,-250.681,-4764.57,9217.59,-45239.7,-47577.7,-71794.7,-386.173,-5390.57,10332.8,-51977.2,-54789.5,-82072.9,-551.921,-5960.64,11309.1,-58813.3,-62136,-92364.7,-749.756,-6470.88,12137.3,-65761.3,-69630.8,-102673,-981.854,-6916.73,12806.3
11,0,0,0,0,0,0,-6460.73,-6812.8,-10420.3,-6.21614e-11,-3.88169e-11,-1856.93,-12964.3,-13715,-20840.9,1.89094e-10,-8.60751e-11,-3604.99,-19516.6,-20712.8,-31263.4,-1.32526e-10,-5.32907e-12,-5239.68,-26124.3,-27813.2,-41689.4,-4.39968e-11,-5.6076e-11,-6756.01,-32794.5,-35023.6,-52120.4,8.33964e-11,6.94342e-11,-8148.39,-39535.4,-42352.7,-62558.4,-1.13477e-10,-5.83213e-11,-9410.55,-46356,-49810.1,-73005.7,-1.22519e-10,-9.1859e-11,-10535.4,-53266.2,-57406,-83464.3,8.40856e-11,-7.49196e-11,-11514.8,-60278.6,-65154,-93938.4,1.11555e-12,-5.74687e-11,-12339.4,-67406.3,-73068.1,-104431,-2.56364e-11,-9.31664e-11,-12998.4
12,0,0,0,0,0,0,-5432.55,-5526.11,-8828.48,-1.37512e-10,9.67049e-12,-920.804,-10871,-11068.5,-17628.9,-1.86344e-10,8.60609e-11,-1807.07,-16314.7,-16626.7,-26400.7,-2.92817e-11,1.25624e-10,-2657.57,-21762.6,-22200,-35143.4,8.09997e-11,9.112e-11,-3471,-27213.2,-27787.2,-43856.1,-9.14921e-11,2.03386e-10,-4245.91,-32664.7,-33386.7,-52537.9,-1.09204e-10,8.34177e-11,-4980.73,-38114.6,-38996.4,-61187.4,6.61533e-11,-5.90035e-11,-5673.74,-43559.3,-44613.1,-69802.6,-1.38428e-10,3.18323e-11,-6323.03,-48994.7,-50232.9,-78381.9,-6.58815e-11,-3.7403e-11,-6926.54,-54414.4,-55850.2,-86922.1,6.4059e-11,1.64846e-11,-7481.91
13,0,0,0,0,0,0,-5741.67,-5741.67,-9028.74,1.0624e-10,1.02482e-10,1.20416e-10,-11501.4,-11501.4,-18028.3,9.01597e-11,1.80052e-11,5.69287e-11,-17278.4,-17278.4,-26998.2,-4.62635e-11,9.6648e-11,-3.39782e-11,-23071.7,-23071.7,-35937.5,4.97946e-12,1.09765e-10,2.79101e-11,-28880,-28880,-44845.3,-2.79428e-11,1.23521e-10,-1.71099e-11,-34701.2,-34701.2,-53720.2,-3.08727e-10,8.1144e-11,3.97904e-13,-40532.9,-40532.9,-62560.8,-5.86082e-11,-6.55973e-11,5.39444e-11,-46371.4,-46371.4,-71364.7,2.45475e-11,-1.40858e-10,3.79714e-11,-52212.4,-52212.4,-80129.9,1.47882e-10,1.14255e-11,7.96945e-11,-58049.6,-58049.6,-88852.8,-1.26589e-10,3.29692e-12,-3.41061e-13
14,0,0,0,0,0,0,-5432.55,-5526.11,-8828.48,3.6499e-11,9.76002e-11,920.804,-10871,-11068.5,-17628.9,9.67451e-11,4.68958e-11,1807.07,-16314.7,-16626.7,-26400.7,4.92191e-11,-4.23768e-11,2657.57,-21762.6,-22200,-35143.4,-4.60012e-11,-5.09317e-11,3471,-27213.2,-27787.2,-43856.1,8.68225e-11,3.44471e-11,4245.91,-32664.7,-33386.7,-52537.9,9.95026e-11,-3.41345e-11,4980.73,-38114.6,-38996.4,-61187.4,8.97882e-11,-5.72413e-11,5673.74,-43559.3,-44613.1,-69802.6,1.66172e-10,-8.11724e-11,6323.03,-48994.7,-50232.9,-78381.9,4.67022e-11,4.96811e-11,6926.54,-54414.4,-55850.2,-86922.1,-1.18604e-10,-1.56888e-10,7481.91
15,0,0,0,0,0,0,-6460.73,-6812.8,-10420.3,5.34679e-11,6.58673e-12,1856.93,-12964.3,-13715,-20840.9,9.26828e-11,6.7871e-11,3604.99,-19516.6,-20712.8,-31263.4,-8.67839e-12,-1.93268e-11,5239.68,-26124.3,-27813.2,-41689.4,9.38556e-11,-1.21076e-11,6756.01,-32794.5,-35023.6,-52120.4,-1.25191e-10,-1.00897e-11,8148.39,-39535.4,-42352.7,-62558.4,-1.73259e-10,-7.95808e-12,9410.55,-46356,-49810.1,-73005.7,9.9547e-12,-9.60654e-12,10535.4,-53266.2,-57406,-83464.3,9.56391e-11,5.92877e-11,11514.8,-60278.6,-65154,-93938.4,-1.23833e-10,-2.27374e-12,12339.4,-67406.3,-73068.1,-104431,8.43414e-12,-2.97291e-11,12998.4
16,0,0,0,0,0,0,-6309.95,-6540.13,-10252.6,20.0061,902.105,-1809.01,-12660.1,-13154.8,-20503.9,16.4663,1763.79,-3515.35,-19056.4,-19850.1,-30755.2,-11.4177,2583.15,-5114.62,-25504.9,-26632.3,-41008.2,-64.5404,3358.02,-6601.87,-32012.9,-33508.7,-51264.5,-143.911,4086.05,-7971.6,-38588.1,-40487.4,-61525.9,-250.681,4764.57,-9217.59,-45239.7,-47577.7,-71794.7,-386.173,5390.57,-10332.8,-51977.2,-54789.5,-82072.9,-551.921,5960.64,-11309.1,-58813.3,-62136,-92364.7,-749.756,6470.88,-12137.3,-65761.3,-69630.8,-102673,-981.854,6916.73,-12806.3
17,0,0,0,0,0,0,-5163.51,-5163.51,-8566.3,32.8082,907.048,-907.048,-10330.5,-10330.5,-17106.2,54.3478,1782.79,-1782.79,-15500.3,-15500.3,-25619.3,64.0481,2626.1,-2626.1,-20672,-20672,-34105.3,61.2643,3435.72,-3435.72,-25844.1,-25844.1,-42563.4,45.2616,4210.3,-4210.3,-31014.9,-31014.9,-50992.8,15.1968,4948.36,-4948.36,-36181.8,-36181.8,-59392.3,-29.9073,5648.26,-5648.26,-41341.4,-41341.4,-67760.2,-91.1907,6308.19,-6308.19,-46489.7,-46489.7,-76095.1,-170.018,6926.17,-6926.17,-51620.5,-51620.5,-84394.3,-268.016,7499.94,-7499.94
18,0,0,0,0,0,0,-5526.11,-5432.55,-8828.48,1.3153e-10,920.804,3.74385e-11,-11068.5,-10871,-17628.9,1.1455e-10,1807.07,-1.22498e-11,-16626.7,-16314.7,-26400.7,1.53507e-10,2657.57,-7.3868e-11,-22200,-21762.6,-35143.4,-2.09504e-10,3471,-2.15152e-11,-27787.2,-27213.2,-43856.1,-9.76081e-11,4245.91,3.99325e-11,-33386.7,-32664.7,-52537.9,6.32605e-11,4980.73,-7.69091e-11,-38996.4,-38114.6,-61187.4,1.58145e-10,5673.74,5.34328e-11,-44613.1,-43559.3,-69802.6,9.80194e-11,6323.03,1.72236e-11,-50232.9,-48994.7,-78381.9,2.33538e-10,6926.54,1.18803e-10,-55850.2,-54414.4,-86922.1,-4.36664e-11,7481.91,-2.77964e-11
19,0,0,0,0,0,0,-5163.51,-5163.51,-8566.3,-32.8082,907.048,907.048,-10330.5,-10330.5,-17106.2,-54.3478,1782.79,1782.79,-15500.3,-15500.3,-25619.3,-64.0481,2626.1,2626.1,-20672,-20672,-34105.3,-61.2643,3435.72,3435.72,-25844.1,-25844.1,-42563.4,-45.2616,4210.3,4210.3,-31014.9,-31014.9,-50992.8,-15.1968,4948.36,4948.36,-36181.8,-36181.8,-59392.3,29.9073,5648.26,5648.26,-41341.4,-41341.4,-67760.2,91.1907,6308.19,6308.19,-46489.7,-46489.7,-76095.1,170.018,6926.17,6926.17,-51620.5,-51620.5,-84394.3,268.016,7499.94,7499.94
20,0,0,0,0,0,0,-6309.95,-6540.13,-10252.6,-20.0061,902.105,1809.01,-12660.1,-13154.8,-20503.9,-16.4663,1763.79,3515.35,-19056.4,-19850.1,-30755.2,11.4177,2583.15,5114.62,-25504.9,-26632.3,-41008.2,64.5404,3358.02,6601.87,-32012.9,-33508.7,-51264.5,143.911,4086.05,7971.6,-38588.1,-40487.4,-61525.9,250.681,4764.57,9217.59,-45239.7,-47577.7,-71794.7,386.173,5390.57,10332.8,-51977.2,-54789.5,-82072.9,551.921,5960.64,11309.1,-58813.3,-62136,-92364.7,749.756,6470.88,12137.3,-65761.3,-69630.8,-102673,981.854,6916.73,12806.3
21,0,0,0,0,0,0,-7638.84,-7638.84,-11896.4,-125.989,1798.71,-1798.71,-15383.5,-15383.5,-23804.5,-302.372,3476.63,-3476.63,-23246,-23246,-35726.1,-530.241,5027.96,-5027.96,-31239.8,-31239.8,-47663.3,-810.825,6446.2,-6446.2,-39380.5,-39380.5,-59618.3,-1145.53,7724.05,-7724.05,-47685.7,-47685.7,-71593.9,-1535.96,8853.23,-8853.23,-56176.1,-56176.1,-83593.4,-1984,9824.29,-9824.29,-64875.3,-64875.3,-95620.2,-2491.84,10626.3,-10626.3,-73812.7,-73812.7,-107680,-3062.18,11246.6,-11246.6,-83022,-83022,-119779,-3698.23,11670.1,-11670.1
22,0,0,0,0,0,0,-6540.13,-6309.95,-10252.6,20.0061,1809.01,-902.105,-13154.8,-12660.1,-20503.9,16.4663,3515.35,-1763.79,-19850.1,-19056.4,-30755.2,-11.4177,5114.62,-2583.15,-26632.3,-25504.9,-41008.2,-64.5404,6601.87,-3358.02,-33508.7,-32012.9,-51264.5,-143.911,7971.6,-4086.05,-40487.4,-38588.1,-61525.9,-250.681,9217.59,-4764.57,-47577.7,-45239.7,-71794.7,-386.173,10332.8,-5390.57,-54789.5,-51977.2,-82072.9,-551.921,11309.1,-5960.64,-62136,-58813.3,-92364.7,-749.756,12137.3,-6470.88,-69630.8,-65761.3,-102673,-981.854,12806.3,-6916.73
23,0,0,0,0,0,0,-6812.8,-6460.73,-10420.3,-1.12941e-10,1856.93,-1.09281e-11,-13715,-12964.3,-20840.9,2.46558e-11,3604.99,-3.83835e-11,-20712.8,-19516.6,-31263.4,1.06856e-10,5239.68,-3.16902e-12,-27813.2,-26124.3,-41689.4,1.42162e-11,6756.01,-5.24096e-11,-35023.6,-32794.5,-52120.4,3.28271e-12,8148.39,-3.16049e-11,-42352.7,-39535.4,-62558.4,-1.3258e-10,9410.55,-5.47118e-11,-49810.1,-46356,-73005.7,-2.96083e-11,10535.4,-6.09361e-11,-57406,-53266.2,-83464.3,3.0127e-11,11514.8,-2.33058e-11,-65154,-60278.6,-93938.4,-7.27312e-11,12339.4,7.69091e-11,-73068.1,-67406.3,-104431,1.98099e-11,12998.4,-1.05558e-10
24,0,0,0,0,0,0,-6540.13,-6309.95,-10252.6,-20.0061,1809.01,902.105,-13154.8,-12660.1,-20503.9,-16.4663,3515.35,1763.79,-19850.1,-19056.4,-30755.2,11.4177,5114.62,2583.15,-26632.3,-25504.9,-41008.2,64.5404,6601.87,3358.02,-33508.7,-32012.9,-51264.5,143.911,7971.6,4086.05,-40487.4,-38588.1,-61525.9,250.681,9217.59,4764.57,-47577.7,-45239.7,-71794.7,386.173,10332.8,5390.57,-54789.5,-51977.2,-82072.9,551.921,11309.1,5960.64,-62136,-58813.3,-92364.7,749.756,12137.3,6470.88,-69630.8,-65761.3,-102673,981.854,12806.3,6916.73
25,0,0,0,0,0,0,-7638.84,-7638.84,-11896.4,125.989,1798.71,1798.71,-15383.5,-15383.5,-23804.5,302.372,3476.63,3476.63,-23246,-23246,-35726.1,530.241,5027.96,5027.96,-31239.8,-31239.8,-47663.3,810.825,6446.2,6446.2,-39380.5,-39380.5,-59618.3,1145.53,7724.05,7724.05,-47685.7,-47685.7,-71593.9,1535.96,8853.23,8853.23,-56176.1,-56176.1,-83593.4,1984,9824.29,9824.29,-64875.3,-64875.3,-95620.2,2491.84,10626.3,10626.3,-73812.7,-73812.7,-107680,3062.18,11246.6,11246.6,-83022,-83022,-119779,3698.23,11670.1,11670.1
26,0,0,0,0,0,0,-1107.88,-1107.88,-9205.3,44.5751,-420.885,-420.885,-2252.58,-2252.58,-18287.5,92.4017,-797.54,-797.54,-3437.78,-3437.78,-27246.3,143.533,-1129.45,-1129.45,-4667.6,-4667.6,-36080.8,198.093,-1415.99,-1415.99,-5946.7,-5946.7,-44790.3,256.305,-1656.4,-1656.4,-7280.35,-7280.35,-53373.8,318.518,-1849.77,-1849.77,-8674.55,-8674.55,-61829.8,385.259,-1994.96,-1994.96,-10136.3,-10136.3,-70156.8,457.301,-2090.58,-2090.58,-11673.4,-11673.4,-78352.7,535.749,-2134.91,-2134.91,-13295.4,-13295.4,-86415.2,622.206,-2125.77,-2125.77
27,0,0,0,0,0,0,-2198.2,-1942.56,-9873.84,-35.1331,-458.359,-369.761,-4434.26,-3930.24,-19610.5,-63.6461,-872.208,-712.13,-6712.52,-5967.56,-29208.9,-85.3322,-1241.22,-1026.81,-9037.82,-8059.54,-38667.6,-99.9297,-1564.97,-1313.45,-11415.7,-10211.9,-47984.9,-107.106,-1842.91,-1571.6,-13852.5,-12431.1,-57158.9,-106.439,-2074.36,-1800.73,-16355.6,-14724.5,-66187.4,-97.385,-2258.46,-2000.19,-18933.3,-17100.5,-75067.4,-79.248,-2394.1,-2169.17,-21595.9,-19569.6,-83796.2,-51.1085,-2479.88,-2306.67,-24355.4,-22143.2,-92369.9,-11.7576,-2513.98,-2411.43
28,0,0,0,0,0,0,-2149.62,-1754.18,-9626.16,-5.43293e-11,-415.927,2.07514e-11,-4328.12,-3548.43,-19123.1,-8.5941e-11,-791.775,-3.28981e-11,-6539.04,-5386.53,-28489.7,-3.64757e-11,-1127.25,3.39142e-11,-8786.31,-7272.65,-37724.6,-9.60663e-11,-1421.96,-6.75584e-11,-11074.4,-9211.48,-46826,-4.18157e-11,-1675.4,5.45839e-11,-13408.5,-11208.3,-55792,5.86839e-11,-1886.91,2.94307e-11,-15794.5,-13269.3,-64620.2,9.91429e-13,-2055.66,-1.23222e-10,-18238.9,-15400.9,-73307.7,1.30389e-10,-2180.57,-8.896e-12,-20750.6,-17611.8,-81852.1,-1.41473e-10,-2260.25,-7.42091e-11,-23338.7,-19910.9,-90249.1,-1.26122e-10,-2292.92,-4.31726e-11
29,0,0,0,0,0,0,-2198.2,-1942.56,-9873.84,35.1331,-458.359,369.761,-4434.26,-3930.24,-19610.5,63.6461,-872.208,712.13,-6712.52,-5967.56,-29208.9,85.3322,-1241.22,1026.81,-9037.82,-8059.54,-38667.6,99.9297,-1564.97,1313.45,-11415.7,-10211.9,-47984.9,107.106,-1842.91,1571.6,-13852.5,-12431.1,-57158.9,106.439,-2074.36,1800.73,-16355.6,-14724.5,-66187.4,97.385,-2258.46,2000.19,-18933.3,-17100.5,-75067.4,79.248,-2394.1,2169.17,-21595.9,-19569.6,-83796.2,51.1085,-2479.88,2306.67,-24355.4,-22143.2,-92369.9,11.7576,-2513.98,2411.43
30,0,0,0,0,0,0,-1107.88,-1107.88,-9205.3,-44.5751,-420.885,420.885,-2252.58,-2252.58,-18287.5,-92.4017,-797.54,797.54,-3437.78,-3437.78,-27246.3,-143.533,-1129.45,1129.45,-4667.6,-4667.6,-36080.8,-198.093,-1415.99,1415.99,-5946.7,-5946.7,-44790.3,-256.305,-1656.4,1656.4,-7280.35,-7280.35,-53373.8,-318.518,-1849.77,1849.77,-8674.55,-8674.55,-61829.8,-385.259,-1994.96,1994.96,-10136.3,-10136.3,-70156.8,-457.301,-2090.58,2090.58,-11673.4,-11673.4,-78352.7,-535.749,-2134.91,2134.91,-13295.4,-13295.4,-86415.2,-622.206,-2125.77,2125.77
31,0,0,0,0,0,0,-1942.56,-2198.2,-9873.84,-35.1331,-369.761,-458.359,-3930.24,-4434.26,-19610.5,-63.6461,-712.13,-872.208,-5967.56,-6712.52,-29208.9,-85.3322,-1026.81,-1241.22,-8059.54,-9037.82,-38667.6,-99.9297,-1313.45,-1564.97,-10211.9,-11415.7,-47984.9,-107.106,-1571.6,-1842.91,-12431.1,-13852.5,-57158.9,-106.439,-1800.73,-2074.36,-14724.5,-16355.6,-66187.4,-97.385,-2000.19,-2258.46,-17100.5,-18933.3,-75067.4,-79.248,-2169.17,-2394.1,-19569.6,-21595.9,-83796.2,-51.1085,-2306.67,-2479.88,-22143.2,-24355.4,-92369.9,-11.7576,-2411.43,-2513.98
32,0,0,0,0,0,0,-3050.22,-3050.22,-10564.5,-38.3023,-374.855,-374.855,-6140.98,-6140.98,-20973.4,-70.6241,-721.312,-721.312,-9276.68,-9276.68,-31224.6,-96.7602,-1039.15,-1039.15,-12462.1,-12462.1,-41315.1,-116.464,-1328.1,-1328.1,-15702.8,-15702.8,-51241.8,-129.435,-1587.82,-1587.82,-19004.7,-19004.7,-61000.9,-135.306,-1817.88,-1817.88,-22374.9,-22374.9,-70588.4,-133.62,-2017.74,-2017.74,-25820.7,-25820.7,-79998.7,-123.806,-2186.74,-2186.74,-29352.2,-29352.2,-89227.3,-105.129,-2324.03,-2324.03,-32979.4,-32979.4,-98267.1,-76.6458,-2428.51,-2428.51
33,0,0,0,0,0,0,-3067.2,-2937.81,-10382.7,4.58962e-11,-348.399,4.08349e-11,-6161.85,-5906.79,-20612.2,3.8117e-11,-670.505,-6.01119e-12,-9287.32,-8910.38,-30686.2,-1.75123e-10,-966.157,-3.3026e-11,-12447.3,-11952.3,-40601.7,6.93638e-11,-1235.13,-5.01643e-11,-15645.7,-15036.7,-50355.1,-2.38348e-10,-1477.15,1.67972e-11,-18887.4,-18168.2,-59942.8,-7.64317e-11,-1691.83,-2.00657e-11,-22177.4,-21352.2,-69360.4,-2.42022e-11,-1878.71,-6.10498e-11,-25521,-24593.8,-78602.1,-1.11684e-10,-2037.18,1.25624e-11,-28925.9,-27900.9,-87663.4,3.88214e-11,-2166.43,5.7895e-11,-32399,-31280.1,-96536.7,3.12639e-12,-2265.46,-4.99938e-11
34,0,0,0,0,0,0,-3050.22,-3050.22,-10564.5,38.3023,-374.855,374.855,-6140.98,-6140.98,-20973.4,70.6241,-721.312,721.312,-9276.68,-9276.68,-31224.6,96.7602,-1039.15,1039.15,-12462.1,-12462.1,-41315.1,116.464,-1328.1,1328.1,-15702.8,-15702.8,-51241.8,129.435,-1587.82,1587.82,-19004.7,-19004.7,-61000.9,135.306,-1817.88,1817.88,-22374.9,-22374.9,-70588.4,133.62,-2017.74,2017.74,-25820.7,-25820.7,-79998.7,123.806,-2186.74,2186.74,-29352.2,-29352.2,-89227.3,105.129,-2324.03,2324.03,-32979.4,-32979.4,-98267.1,76.6458,-2428.51,2428.51
35,0,0,0,0,0,0,-1942.56,-2198.2,-9873.84,35.1331,-369.761,458.359,-3930.24,-4434.26,-19610.5,63.6461,-712.13,872.208,-5967.56,-6712.52,-29208.9,85.3322,-1026.81,1241.22,-8059.54,-9037.82,-38667.6,99.9297,-1313.45,1564.97,-10211.9,-11415.7,-47984.9,107.106,-1571.6,1842.91,-12431.1,-13852.5,-57158.9,106.439,-1800.73,2074.36,-14724.5,-16355.6,-66187.4,97.385,-2000.19,2258.46,-17100.5,-18933.3,-75067.4,79.248,-2169.17,2394.1,-19569.6,-21595.9,-83796.2,51.1085,-2306.67,2479.88,-22143.2,-24355.4,-92369.9,11.7576,-2411.43,2513.98
36,0,0,0,0,0,0,-1754.18,-2149.62,-9626.16,1.24083e-10,-8.79332e-11,-415.927,-3548.43,-4328.12,-19123.1,5.83768e-11,1.33291e-10,-791.775,-5386.53,-6539.04,-28489.7,7.46484e-11,-1.13516e-10,-1127.25,-7272.65,-8786.31,-37724.6,-2.19491e-10,-4.34852e-11,-1421.96,-9211.48,-11074.4,-46826,-2.16635e-11,-2.97305e-10,-1675.4,-11208.3,-13408.5,-55792,-1.60384e-10,-1.88294e-11,-1886.91,-13269.3,-15794.5,-64620.2,-5.80325e-11,-1.19726e-10,-2055.66,-15400.9,-18238.9,-73307.7,3.99658e-11,7.81029e-11,-2180.57,-17611.8,-20750.6,-81852.1,-1.64166e-10,1.13147e-10,-2260.25,-19910.9,-23338.7,-90249.1,3.48115e-10,-7.84723e-11,-2292.92
37,0,0,0,0,0,0,-2937.81,-3067.2,-10382.7,-9.20793e-11,2.02768e-10,-348.399,-5906.79,-6161.85,-20612.2,-1.09405e-10,1.19989e-10,-670.505,-8910.38,-9287.32,-30686.2,1.38229e-10,1.24132e-11,-966.157,-11952.3,-12447.3,-40601.7,4.83286e-11,1.72378e-11,-1235.13,-15036.7,-15645.7,-50355.1,7.34368e-11,-1.48475e-10,-1477.15,-18168.2,-18887.4,-59942.8,-4.62381e-11,-7.12816e-11,-1691.83,-21352.2,-22177.4,-69360.4,2.19594e-10,1.5649e-10,-1878.71,-24593.8,-25521,-78602.1,9.22373e-11,2.34024e-10,-2037.18,-27900.9,-28925.9,-87663.4,-9.14842e-11,-1.38471e-10,-2166.43,-31280.1,-32399,-96536.7,6.18918e-11,8.32756e-12,-2265.46
38,0,0,0,0,0,0,-2926.17,-2926.17,-10167.6,9.66735e-11,5.07399e-11,2.67946e-11,-5870.09,-5870.09,-20185.9,4.55568e-11,-8.59472e-11,-3.63016e-11,-8834.04,-8834.04,-30052.3,1.12612e-10,-2.09113e-11,3.82201e-11,-11820.4,-11820.4,-39763.3,3.26731e-11,7.3868e-11,-8.18829e-11,-14831.9,-14831.9,-49315.2,1.87357e-11,-2.67733e-11,-6.23857e-11,-17871.3,-17871.3,-58703.7,-2.0189e-10,-7.3527e-11,-8.88178e-11,-20941.8,-20941.8,-67924.2,-6.26224e-11,3.58114e-12,-6.56968e-11,-24046.2,-24046.2,-76970.2,-9.6483e-11,1.68257e-10,-3.58114e-12,-27189.3,-27189.3,-85836.7,1.59645e-10,-1.3975e-10,1.19968e-10,-30374.2,-30374.2,-94515.5,-1.1933e-10,2.33626e-11,-1.63993e-11
39,0,0,0,0,0,0,-2937.81,-3067.2,-10382.7,3.17618e-12,-3.28946e-11,348.399,-5906.79,-6161.85,-20612.2,1.84765e-10,-1.66366e-10,670.505,-8910.38,-9287.32,-30686.2,-7.52309e-11,-7.02585e-11,966.157,-11952.3,-12447.3,-40601.7,2.30442e-11,1.16643e-10,1235.13,-15036.7,-15645.7,-50355.1,1.77616e-10,-7.54028e-11,1477.15,-18168.2,-18887.4,-59942.8,2.12902e-10,-1.2578e-10,1691.83,-21352.2,-22177.4,-69360.4,1.17779e-10,-5.82645e-11,1878.71,-24593.8,-25521,-78602.1,2.24912e-10,-5.51097e-11,2037.18,-27900.9,-28925.9,-87663.4,-2.24056e-11,-1.82837e-10,2166.43,-31280.1,-32399,-96536.7,-6.63531e-11,8.04334e-12,2265.46
40,0,0,0,0,0,0,-1754.18,-2149.62,-9626.16,-5.85877e-11,1.44667e-11,415.927,-3548.43,-4328.12,-19123.1,7.87945e-11,-3.88667e-11,791.775,-5386.53,-6539.04,-28489.7,-2.01316e-11,-1.47956e-10,1127.25,-7272.65,-8786.31,-37724.6,6.59167e-12,1.12806e-10,1421.96,-9211.48,-11074.4,-46826,-1.0157e-10,9.0921e-11,1675.4,-11208.3,-13408.5,-55792,-1.52054e-10,4.22062e-11,1886.91,-13269.3,-15794.5,-64620.2,-1.17992e-10,-1.53307e-10,2055.66,-15400.9,-18238.9,-73307.7,-3.87901e-11,-4.01883e-11,2180.57,-17611.8,-20750.6,-81852.1,-9.75893e-11,-1.11527e-10,2260.25,-19910.9,-23338.7,-90249.1,-2.23661e-11,4.99085e-11,2292.92
41,0,0,0,0,0,0,-1942.56,-2198.2,-9873.84,35.1331,369.761,-458.359,-3930.24,-4434.26,-19610.5,63.6461,712.13,-872.208,-5967.56,-6712.52,-29208.9,85.3322,1026.81,-1241.22,-8059.54,-9037.82,-38667.6,99.9297,1313.45,-1564.97,-10211.9,-11415.7,-47984.9,107.106,1571.6,-1842.91,-12431.1,-13852.5,-57158.9,106.439,1800.73,-2074.36,-14724.5,-16355.6,-66187.4,97.385,2000.19,-2258.46,-17100.5,-18933.3,-75067.4,79.248,2169.17,-2394.1,-19569.6,-21595.9,-83796.2,51.1085,2306.67,-2479.88,-22143.2,-24355.4,-92369.9,11.7576,2411.43,-2513.98
42,0,0,0,0,0,0,-3050.22,-3050.22,-10564.5,38.3023,374.855,-374.855,-6140.98,-6140.98,-20973.4,70.6241,721.312,-721.312,-9276.68,-9276.68,-31224.6,96.7602,1039.15,-1039.15,-12462.1,-12462.1,-41315.1,116.464,1328.1,-1328.1,-15702.8,-15702.8,-51241.8,129.435,1587.82,-1587.82,-19004.7,-19004.7,-61000.9,135.306,1817.88,-1817.88,-22374.9,-22374.9,-70588.4,133.62,2017.74,-2017.74,-25820.7,-25820.7,-79998.7,123.806,2186.74,-2186.74,-29352.2,-29352.2,-89227.3,105.129,2324.03,-2324.03,-32979.4,-32979.4,-98267.1,76.6458,2428.51,-2428.51
43,0,0,0,0,0,0,-3067.2,-2937.81,-10382.7,9.44182e-11,348.399,-1.05977e-11,-6161.85,-5906.79,-20612.2,6.25736e-11,670.505,-9.2939e-12,-9287.32,-8910.38,-30686.2,1.63506e-10,966.157,7.72502e-11,-12447.3,-11952.3,-40601.7,-1.45088e-10,1235.13,-1.65556e-11,-15645.7,-15036.7,-50355.1,3.25308e-11,1477.15,-6.95621e-11,-18887.4,-18168.2,-59942.8,-2.96597e-11,1691.83,1.57172e-11,-22177.4,-21352.2,-69360.4,1.13433e-10,1878.71,-5.71703e-11,-25521,-24593.8,-78602.1,4.86207e-11,2037.18,1.01949e-10,-28925.9,-27900.9,-87663.4,3.56547e-10,2166.43,9.62075e-11,-32399,-31280.1,-96536.7,5.17826e-11,2265.46,5.21254e-11
44,0,0,0,0,0,0,-3050.22,-3050.22,-10564.5,-38.3023,374.855,374.855,-6140.98,-6140.98,-20973.4,-70.6241,721.312,721.312,-9276.68,-9276.68,-31224.6,-96.7602,1039.15,1039.15,-12462.1,-12462.1,-41315.1,-116.464,1328.1,1328.1,-15702.8,-15702.8,-51241.8,-129.435,1587.82,1587.82,-19004.7,-19004.7,-61000.9,-135.306,1817.88,1817.88,-22374.9,-22374.9,-70588.4,-133.62,2017.74,2017.74,-25820.7,-25820.7,-79998.7,-123.806,2186.74,2186.74,-29352.2,-29352.2,-89227.3,-105.129,2324.03,2324.03,-32979.4,-32979.4,-98267.1,-76.6458,2428.51,2428.51
45,0,0,0,0,0,0,-1942.56,-2198.2,-9873.84,-35.1331,369.761,458.359,-3930.24,-4434.26,-19610.5,-63.6461,712.13,872.208,-5967.56,-6712.52,-29208.9,-85.3322,1026.81,1241.22,-8059.54,-9037.82,-38667.6,-99.9297,1313.45,1564.97,-10211.9,-11415.7,-47984.9,-107.106,1571.6,1842.91,-12431.1,-13852.5,-57158.9,-106.439,1800.73,2074.36,-14724.5,-16355.6,-66187.4,-97.385,2000.19,2258.46,-17100.5,-18933.3,-75067.4,-79.248,2169.17,2394.1,-19569.6,-21595.9,-83796.2,-51.1085,2306.67,2479.88,-22143.2,-24355.4,-92369.9,-11.7576,2411.43,2513.98
46,0,0,0,0,0,0,-1107.88,-1107.88,-9205.3,-44.5751,420.885,-420.885,-2252.58,-2252.58,-18287.5,-92.4017,797.54,-797.54,-3437.78,-3437.78,-27246.3,-143.533,1129.45,-1129.45,-4667.6,-4667.6,-36080.8,-198.093,1415.99,-1415.99,-5946.7,-5946.7,-44790.3,-256.305,1656.4,-1656.4,-7280.35,-7280.35,-53373.8,-318.518,1849.77,-1849.77,-8674.55,-8674.55,-61829.8,-385.259,1994.96,-1994.96,-10136.3,-10136.3,-70156.8,-457.301,2090.58,-2090.58,-11673.4,-11673.4,-78352.7,-535.749,2134.91,-2134.91,-13295.4,-13295.4,-86415.2,-622.206,2125.77,-2125.77
47,0,0,0,0,0,0,-2198.2,-1942.56,-9873.84,35.1331,458.359,-369.761,-4434.26,-3930.24,-19610.5,63.6461,872.208,-712.13,-6712.52,-5967.56,-29208.9,85.3322,1241.22,-1026.81,-9037.82,-8059.54,-38667.6,99.9297,1564.97,-1313.45,-11415.7,-10211.9,-47984.9,107.106,1842.91,-1571.6,-13852.5,-12431.1,-57158.9,106.439,2074.36,-1800.73,-16355.6,-14724.5,-66187.4,97.385,2258.46,-2000.19,-18933.3,-17100.5,-75067.4,79.248,2394.1,-2169.17,-21595.9,-19569.6,-83796.2,51.1085,2479.88,-2306.67,-24355.4,-22143.2,-92369.9,11.7576,2513.98,-2411.43
48,0,0,0,0,0,0,-2149.62,-1754.18,-9626.16,-1.36705e-10,415.927,-1.17488e-11,-4328.12,-3548.43,-19123.1,8.87083e-11,791.775,-7.90124e-12,-6539.04,-5386.53,-28489.7,2.50928e-10,1127.25,-6.72387e-11,-8786.31,-7272.65,-37724.6,1.26562e-10,1421.96,1.13261e-11,-11074.4,-9211.48,-46826,5.5738e-11,1675.4,-9.22569e-11,-13408.5,-11208.3,-55792,3.83121e-11,1886.91,-1.08287e-10,-15794.5,-13269.3,-64620.2,1.98721e-10,2055.66,-1.4964e-11,-18238.9,-15400.9,-73307.7,1.02353e-10,2180.57,1.00044e-11,-20750.6,-17611.8,-81852.1,1.76382e-10,2260.25,-5.86908e-11,-23338.7,-19910.9,-90249.1,1.24063e-10,2292.92,-9.16032e-11
49,0,0,0,0,0,0,-2198.2,-1942.56,-9873.84,-35.1331,458.359,369.761,-4434.26,-3930.24,-19610.5,-63.6461,872.208,712.13,-6712.52,-5967.56,-29208.9,-85.3322,1241.22,1026.81,-9037.82,-8059.54,-38667.6,-99.9297,1564.97,1313.45,-11415.7,-10211.9,-47984.9,-107.106,1842.91,1571.6,-13852.5,-12431.1,-57158.9,-106.439,2074.36,1800.73,-16355.6,-14724.5,-66187.4,-97.385,2258.46,2000.19,-18933.3,-17100.5,-75067.4,-79.248,2394.1,2169.17,-21595.9,-19569.6,-83796.2,-51.1085,2479.88,2306.67,-24355.4,-22143.2,-92369.9,-11.7576,2513.98,2411.43
50,0,0,0,0,0,0,-1107.88,-1107.88,-9205.3,44.5751,420.885,420.885,-2252.58,-2252.58,-18287.5,92.4017,797.54,797.54,-3437.78,-3437.78,-27246.3,143.533,1129.45,1129.45,-4667.6,-4667.6,-36080.8,198.093,1415.99,1415.99,-5946.7,-5946.7,-44790.3,256.305,1656.4,1656.4,-7280.35,-7280.35,-53373.8,318.518,1849.77,1849.77,-8674.55,-8674.55,-61829.8,385.259,1994.96,1994.96,-10136.3,-10136.3,-70156.8,457.301,2090.58,2090.58,-11673.4,-11673.4,-78352.7,535.749,2134.91,2134.91,-13295.4,-13295.4,-86415.2,622.206,2125.77,2125.77
51,0,0,0,0,0,0,-297.215,-297.215,-9371.36,-131.528,52.9809,52.9809,-608.247,-608.247,-18588.2,-270.509,125.198,125.198,-934.648,-934.648,-27649.7,-417.5,216.757,216.757,-1278.34,-1278.34,-36554.6,-573.11,327.834,327.834,-1641.54,-1641.54,-45301.3,-738.009,458.69,458.69,-2026.9,-2026.9,-53888.1,-912.937,609.69,609.69,-2437.53,-2437.53,-62312.5,-1098.71,781.333,781.333,-2877.52,-2877.52,-70571.7,-1296.22,974.298,974.298,-3350.77,-3350.77,-78661.7,-1506.49,1189.46,1189.46,-3863.15,-3863.15,-86577.8,-1730.57,1428.02,1428.02
52,0,0,0,0,0,0,-619.794,-574.564,-9744.34,-21.7681,35.96,-27.7571,-1248.74,-1162.53,-19317.9,-43.3147,91.5558,-43.8876,-1888.66,-1765.84,-28719.5,-64.6814,166.866,-48.3532,-2541.74,-2386.89,-37947.7,-85.9039,262.042,-41.0726,-3210.64,-3028.46,-47000.6,-107.008,377.313,-21.9158,-3898.51,-3693.91,-55875.8,-128.001,513.011,9.30807,-4609.19,-4387.28,-64570.5,-148.868,669.594,52.8661,-5347.58,-5113.69,-73081.1,-169.55,847.687,109.129,-6119.21,-5878.88,-81403.2,-189.927,1048.09,178.578,-6931.62,-6690.65,-89531.2,-209.781,1271.93,261.882
53,0,0,0,0,0,0,-828.545,-764.263,-9882.8,-1.37081e-10,25.4498,1.47082e-11,-1667.55,-1546.24,-19592.5,-1.54628e-10,69.7392,3.65663e-11,-2519.17,-2348.31,-29127.9,-1.75677e-10,132.956,9.13047e-12,-3385.94,-3173.32,-38487.5,-4.45257e-11,215.254,-1.93374e-11,-4270.93,-4024.6,-47669.2,-8.57399e-11,316.864,4.91127e-11,-5177.79,-4906.16,-56670.6,-1.33533e-10,438.11,5.25873e-11,-6110.98,-5822.79,-65488.7,1.35122e-10,579.43,8.63736e-11,-7076.01,-6780.42,-74119.8,2.3312e-10,741.422,-1.49853e-11,-8079.5,-7786.1,-82559.2,-2.16849e-10,924.838,3.09583e-11,-9130.03,-8848.88,-90801.3,-4.39293e-11,1130.72,8.10871e-11
54,0,0,0,0,0,0,-619.794,-574.564,-9744.34,21.7681,35.96,27.7571,-1248.74,-1162.53,-19317.9,43.3147,91.5558,43.8876,-1888.66,-1765.84,-28719.5,64.6814,166.866,48.3532,-2541.74,-2386.89,-37947.7,85.9039,262.042,41.0726,-3210.64,-3028.46,-47000.6,107.008,377.313,21.9158,-3898.51,-3693.91,-55875.8,128.001,513.011,-9.30807,-4609.19,-4387.28,-64570.5,148.868,669.594,-52.8661,-5347.58,-5113.69,-73081.1,169.55,847.687,-109.129,-6119.21,-5878.88,-81403.2,189.927,1048.09,-178.578,-6931.62,-6690.65,-89531.2,209.781,1271.93,-261.882
55,0,0,0,0,0,0,-297.215,-297.215,-9371.36,131.528,52.9809,-52.9809,-608.247,-608.247,-18588.2,270.509,125.198,-125.198,-934.648,-934.648,-27649.7,417.5,216.757,-216.757,-1278.34,-1278.34,-36554.6,573.11,327.834,-327.834,-1641.54,-1641.54,-45301.3,738.009,458.69,-458.69,-2026.9,-2026.9,-53888.1,912.937,609.69,-609.69,-2437.53,-2437.53,-62312.5,1098.71,781.333,-781.333,-2877.52,-2877.52,-70571.7,1296.22,974.298,-974.298,-3350.77,-3350.77,-78661.7,1506.49,1189.46,-1189.46,-3863.15,-3863.15,-86577.8,1730.57,1428.02,-1428.02
56,0,0,0,0,0,0,-574.564,-619.794,-9744.34,-21.7681,-27.7571,35.96,-1162.53,-1248.74,-19317.9,-43.3147,-43.8876,91.5558,-1765.84,-1888.66,-28719.5,-64.6814,-48.3532,166.866,-2386.89,-2541.74,-37947.7,-85.9039,-41.0726,262.042,-3028.46,-3210.64,-47000.6,-107.008,-21.9158,377.313,-3693.91,-3898.51,-55875.8,-128.001,9.30807,513.011,-4387.28,-4609.19,-64570.5,-148.868,52.8661,669.594,-5113.69,-5347.58,-73081.1,-169.55,109.129,847.687,-5878.88,-6119.21,-81403.2,-189.927,178.578,1048.09,-6690.65,-6931.62,-89531.2,-209.781,261.882,1271.93
57,0,0,0,0,0,0,-1035.05,-1035.05,-10236.4,-9.54349,-30.8596,-30.8596,-2084.58,-2084.58,-20284.4,-17.7572,-50.0175,-50.0175,-3151.3,-3151.3,-30142.2,-24.6067,-57.4886,-57.4886,-4238.41,-4238.41,-39807.9,-30.0449,-53.2518,-53.2518,-5349.7,-5349.7,-49279.1,-34.0068,-37.2451,-37.2451,-6489.69,-6489.69,-58552.7,-36.4024,-9.35602,-9.35602,-7663.81,-7663.81,-67624.8,-37.1075,30.5907,30.5907,-8878.63,-8878.63,-76490.6,-35.9514,82.8555,82.8555,-10142.3,-10142.3,-85144.8,-32.6884,147.788,147.788,-11465,-11465,-93579.8,-26.9759,225.894,225.894
58,0,0,0,0,0,0,-1218.37,-1169.55,-10342.2,1.77392e-11,-26.457,5.78959e-11,-2448.93,-2353.42,-20491.6,7.40703e-11,-41.8968,4.38583e-12,-3694.53,-3554.48,-30446.7,-1.72517e-10,-46.3285,-3.20313e-11,-4958.51,-4776.08,-40205.5,8.2093e-11,-39.7265,4.78018e-11,-6244.8,-6022.18,-49765.4,-2.04907e-10,-22.0252,2.62617e-11,-7558.09,-7297.5,-59123.4,-1.23933e-10,6.88876,-3.94635e-11,-8904.05,-8607.74,-68275.6,-1.01557e-11,47.1884,5.93303e-11,-10289.4,-9959.63,-77217,-2.61364e-11,99.1282,4.09415e-11,-11722.8,-11361.9,-85942.1,6.26814e-11,163.044,-1.29319e-12,-13214.6,-12824.9,-94443.4,4.16658e-11,239.419,1.06581e-11
59,0,0,0,0,0,0,-1035.05,-1035.05,-10236.4,9.54349,-30.8596,30.8596,-2084.58,-2084.58,-20284.4,17.7572,-50.0175,50.0175,-3151.3,-3151.3,-30142.2,24.6067,-57.4886,57.4886,-4238.41,-4238.41,-39807.9,30.0449,-53.2518,53.2518,-5349.7,-5349.7,-49279.1,34.0068,-37.2451,37.2451,-6489.69,-6489.69,-58552.7,36.4024,-9.35602,9.35602,-7663.81,-7663.81,-67624.8,37.1075,30.5907,-30.5907,-8878.63,-8878.63,-76490.6,35.9514,82.8555,-82.8555,-10142.3,-10142.3,-85144.8,32.6884,147.788,-147.788,-11465,-11465,-93579.8,26.9759,225.894,-225.894
60,0,0,0,0,0,0,-574.564,-619.794,-9744.34,21.7681,-27.7571,-35.96,-1162.53,-1248.74,-19317.9,43.3147,-43.8876,-91.5558,-1765.84,-1888.66,-28719.5,64.6814,-48.3532,-166.866,-2386.89,-2541.74,-37947.7,85.9039,-41.0726,-262.042,-3028.46,-3210.64,-47000.6,107.008,-21.9158,-377.313,-3693.91,-3898.51,-55875.8,128.001,9.30807,-513.011,-4387.28,-4609.19,-64570.5,148.868,52.8661,-669.594,-5113.69,-5347.58,-73081.1,169.55,109.129,-847.687,-5878.88,-6119.21,-81403.2,189.927,178.578,-1048.09,-6690.65,-6931.62,-89531.2,209.781,261.882,-1271.93
61,0,0,0,0,0,0,-764.263,-828.545,-9882.8,3.57485e-10,-6.99902e-11,25.4498,-1546.24,-1667.55,-19592.5,-5.54969e-11,-8.56151e-11,69.7392,-2348.31,-2519.17,-29127.9,1.87607e-10,-3.07843e-11,132.956,-3173.32,-3385.94,-38487.5,-1.92853e-10,-7.9929e-11,215.254,-4024.6,-4270.93,-47669.2,1.79818e-10,1.79199e-11,316.864,-4906.16,-5177.79,-56670.6,-3.44578e-11,-9.97247e-11,438.11,-5822.79,-6110.98,-65488.7,1.44972e-10,-3.67564e-11,579.43,-6780.42,-7076.01,-74119.8,-8.274e-11,4.88498e-11,741.422,-7786.1,-8079.5,-82559.2,-1.41266e-10,-1.96209e-10,924.838,-8848.88,-9130.03,-90801.3,3.16582e-11,3.56977e-11,1130.72
62,0,0,0,0,0,0,-1169.55,-1218.37,-10342.2,-1.86782e-10,-1.82242e-10,-26.457,-2353.42,-2448.93,-20491.6,2.40271e-10,-2.4111e-10,-41.8968,-3554.48,-3694.53,-30446.7,2.1979e-10,-1.27578e-10,-46.3285,-4776.08,-4958.51,-40205.5,-2.96034e-10,-1.62025e-10,-39.7265,-6022.18,-6244.8,-49765.4,3.56495e-10,2.33285e-10,-22.0252,-7297.5,-7558.09,-59123.4,1.74624e-10,3.62164e-11,6.88876,-8607.74,-8904.05,-68275.6,1.38843e-10,-4.00462e-11,47.1884,-9959.63,-10289.4,-77217,2.07001e-10,-1.50067e-10,99.1282,-11361.9,-11722.8,-85942.1,-1.49226e-10,-1.47338e-10,163.044,-12824.9,-13214.6,-94443.4,-9.36238e-11,-8.94147e-11,239.419
63,0,0,0,0,0,0,-1417.34,-1417.34,-10523.2,5.29868e-11,-1.80544e-10,-1.22159e-10,-2849.11,-2849.11,-20847.4,3.41867e-11,1.88191e-10,-1.26651e-10,-4298.52,-4298.52,-30971,1.07383e-10,-8.73364e-11,-9.79803e-11,-5769.31,-5769.31,-40891.9,1.52324e-10,8.7752e-11,2.55795e-11,-7265.86,-7265.86,-50607.4,-1.27097e-10,4.00746e-11,-1.39991e-10,-8793.43,-8793.43,-60114.2,5.69146e-11,4.16165e-11,-7.86571e-11,-10358.3,-10358.3,-69408.4,5.12324e-12,-8.47606e-11,-1.6e-10,-11967.8,-11967.8,-78484.6,-9.01599e-11,-8.38085e-11,1.00854e-10,-13631.8,-13631.8,-87337.3,1.47927e-10,-6.65921e-11,3.7744e-11,-15361.5,-15361.5,-95958.4,1.03755e-11,-6.21725e-11,1.5433e-11
64,0,0,0,0,0,0,-1169.55,-1218.37,-10342.2,9.43917e-11,-2.21403e-10,26.457,-2353.42,-2448.93,-20491.6,-6.10839e-11,1.61933e-11,41.8968,-3554.48,-3694.53,-30446.7,-7.61456e-11,2.17508e-10,46.3285,-4776.08,-4958.51,-40205.5,-1.47843e-10,1.04698e-10,39.7265,-6022.18,-6244.8,-49765.4,1.46032e-11,-1.48439e-10,22.0252,-7297.5,-7558.09,-59123.4,-1.28644e-10,-6.33236e-11,-6.88876,-8607.74,-8904.05,-68275.6,2.89795e-11,-7.37117e-11,-47.1884,-9959.63,-10289.4,-77217,9.6684e-11,-1.23705e-11,-99.1282,-11361.9,-11722.8,-85942.1,-6.81908e-11,1.15818e-12,-163.044,-12824.9,-13214.6,-94443.4,2.20818e-10,-6.97753e-12,-239.419
65,0,0,0,0,0,0,-764.263,-828.545,-9882.8,-1.86429e-10,-1.53014e-10,-25.4498,-1546.24,-1667.55,-19592.5,7.86415e-11,-3.06626e-10,-69.7392,-2348.31,-2519.17,-29127.9,-6.00866e-11,1.09917e-10,-132.956,-3173.32,-3385.94,-38487.5,-8.0759e-11,-1.37565e-10,-215.254,-4024.6,-4270.93,-47669.2,-6.29599e-11,-1.07718e-10,-316.864,-4906.16,-5177.79,-56670.6,2.34976e-10,8.08456e-11,-438.11,-5822.79,-6110.98,-65488.7,-8.84643e-11,6.65707e-11,-579.43,-6780.42,-7076.01,-74119.8,-7.16049e-11,-3.47882e-11,-741.422,-7786.1,-8079.5,-82559.2,2.30441e-10,7.53388e-11,-924.838,-8848.88,-9130.03,-90801.3,-1.24826e-10,-3.33245e-11,-1130.72
66,0,0,0,0,0,0,-574.564,-619.794,-9744.34,21.7681,27.7571,35.96,-1162.53,-1248.74,-19317.9,43.3147,43.8876,91.5558,-1765.84,-1888.66,-28719.5,64.6814,48.3532,166.866,-2386.89,-2541.74,-37947.7,85.9039,41.0726,262.042,-3028.46,-3210.64,-47000.6,107.008,21.9158,377.313,-3693.91,-3898.51,-55875.8,128.001,-9.30807,513.011,-4387.28,-4609.19,-64570.5,148.868,-52.8661,669.594,-5113.69,-5347.58,-73081.1,169.55,-109.129,847.687,-5878.88,-6119.21,-81403.2,189.927,-178.578,1048.09,-6690.65,-6931.62,-89531.2,209.781,-261.882,1271.93
67,0,0,0,0,0,0,-1035.05,-1035.05,-10236.4,9.54349,30.8596,-30.8596,-2084.58,-2084.58,-20284.4,17.7572,50.0175,-50.0175,-3151.3,-3151.3,-30142.2,24.6067,57.4886,-57.4886,-4238.41,-4238.41,-39807.9,30.0449,53.2518,-53.2518,-5349.7,-5349.7,-49279.1,34.0068,37.2451,-37.2451,-6489.69,-6489.69,-58552.7,36.4024,9.35602,-9.35602,-7663.81,-7663.81,-67624.8,37.1075,-30.5907,30.5907,-8878.63,-8878.63,-76490.6,35.9514,-82.8555,82.8555,-10142.3,-10142.3,-85144.8,32.6884,-147.788,147.788,-11465,-11465,-93579.8,26.9759,-225.894,225.894
68,0,0,0,0,0,0,-1218.37,-1169.55,-10342.2,1.37539e-10,26.457,-9.75371e-11,-2448.93,-2353.42,-20491.6,1.75721e-10,41.8968,-5.3058e-11,-3694.53,-3554.48,-30446.7,2.67366e-10,46.3285,-4.88427e-11,-4958.51,-4776.08,-40205.5,6.68567e-11,39.7265,-2.46807e-11,-6244.8,-6022.18,-49765.4,-7.33893e-11,22.0252,-2.39027e-11,-7558.09,-7297.5,-59123.4,-7.61526e-11,-6.88876,4.87503e-11,-8904.05,-8607.74,-68275.6,2.46658e-11,-47.1884,-9.3074e-11,-10289.4,-9959.63,-77217,1.36078e-10,-99.1282,7.14451e-11,-11722.8,-11361.9,-85942.1,2.32533e-10,-163.044,-3.78009e-12,-13214.6,-12824.9,-94443.4,1.09646e-11,-239.419,6.63363e-11
69,0,0,0,0,0,0,-1035.05,-1035.05,-10236.4,-9.54349,30.8596,30.8596,-2084.58,-2084.58,-20284.4,-17.7572,50.0175,50.0175,-3151.3,-3151.3,-30142.2,-24.6067,57.4886,57.4886,-4238.41,-4238.41,-39807.9,-30.0449,53.2518,53.2518,-5349.7,-5349.7,-49279.1,-34.0068,37.2451,37.2451,-6489.69,-6489.69,-58552.7,-36.4024,9.35602,9.35602,-7663.81,-7663.81,-67624.8,-37.1075,-30.5907,-30.5907,-8878.63,-8878.63,-76490.6,-35.9514,-82.8555,-82.8555,-10142.3,-10142.3,-85144.8,-32.6884,-147.788,-147.788,-11465,-11465,-93579.8,-26.9759,-225.894,-225.894
70,0,0,0,0,0,0,-574.564,-619.794,-9744.34,-21.7681,27.7571,-35.96,-1162.53,-1248.74,-19317.9,-43.3147,43.8876,-91.5558,-1765.84,-1888.66,-28719.5,-64.6814,48.3532,-166.866,-2386.89,-2541.74,-37947.7,-85.9039,41.0726,-262.042,-3028.46,-3210.64,-47000.6,-107.008,21.9158,-377.313,-3693.91,-3898.51,-55875.8,-128.001,-9.30807,-513.011,-4387.28,-4609.19,-64570.5,-148.868,-52.8661,-669.594,-5113.69,-5347.58,-73081.1,-169.55,-109.129,-847.687,-5878.88,-6119.21,-81403.2,-189.927,-178.578,-1048.09,-6690.65,-6931.62,-89531.2,-209.781,-261.882,-1271.93
71,0,0,0,0,0,0,-297.215,-297.215,-9371.36,131.528,-52.9809,52.9809,-608.247,-608.247,-18588.2,270.509,-125.198,125.198,-934.648,-934.648,-27649.7,417.5,-216.757,216.757,-1278.34,-1278.34,-36554.6,573.11,-327.834,327.834,-1641.54,-1641.54,-45301.3,738.009,-458.69,458.69,-2026.9,-2026.9,-53888.1,912.937,-609.69,609.69,-2437.53,-2437.53,-62312.5,1098.71,-781.333,781.333,-2877.52,-2877.52,-70571.7,1296.22,-974.298,974.298,-3350.77,-3350.77,-78661.7,1506.49,-1189.46,1189.46,-3863.15,-3863.15,-86577.8,1730.57,-1428.02,1428.02
72,0,0,0,0,0,0,-619.794,-574.564,-9744.34,21.7681,-35.96,-27.7571,-1248.74,-1162.53,-19317.9,43.3147,-91.5558,-43.8876,-1888.66,-1765.84,-28719.5,64.6814,-166.866,-48.3532,-2541.74,-2386.89,-37947.7,85.9039,-262.042,-41.0726,-3210.64,-3028.46,-47000.6,107.008,-377.313,-21.9158,-3898.51,-3693.91,-55875.8,128.001,-513.011,9.30807,-4609.19,-4387.28,-64570.5,148.868,-669.594,52.8661,-5347.58,-5113.69,-73081.1,169.55,-847.687,109.129,-6119.21,-5878.88,-81403.2,189.927,-1048.09,178.578,-6931.62,-6690.65,-89531.2,209.781,-1271.93,261.882
73,0,0,0,0,0,0,-828.545,-764.263,-9882.8,2.15668e-10,-25.4498,-8.8562e-11,-1667.55,-1546.24,-19592.5,8.11404e-11,-69.7392,-8.00249e-11,-2519.17,-2348.31,-29127.9,1.01188e-10,-132.956,7.70903e-11,-3385.94,-3173.32,-38487.5,-4.17928e-11,-215.254,5.88862e-11,-4270.93,-4024.6,-47669.2,-3.53704e-11,-316.864,-7.24469e-11,-5177.79,-4906.16,-56670.6,1.64055e-11,-438.11,2.35289e-10,-6110.98,-5822.79,-65488.7,3.16108e-10,-579.43,1.94689e-11,-7076.01,-6780.42,-74119.8,1.99183e-11,-741.422,-6.04814e-11,-8079.5,-7786.1,-82559.2,3.32599e-10,-924.838,-7.01945e-11,-9130.03,-8848.88,-90801.3,-2.81819e-11,-1130.72,-1.16529e-12
74,0,0,0,0,0,0,-619.794,-574.564,-9744.34,-21.7681,-35.96,27.7571,-1248.74,-1162.53,-19317.9,-43.3147,-91.5558,43.8876,-1888.66,-1765.84,-28719.5,-64.6814,-166.866,48.3532,-2541.74,-2386.89,-37947.7,-85.9039,-262.042,41.0726,-3210.64,-3028.46,-47000.6,-107.008,-377.313,21.9158,-3898.51,-3693.91,-55875.8,-128.001,-513.011,-9.30807,-4609.19,-4387.28,-64570.5,-148.868,-669.594,-52.8661,-5347.58,-5113.69,-73081.1,-169.55,-847.687,-109.129,-6119.21,-5878.88,-81403.2,-189.927,-1048.09,-178.578,-6931.62,-6690.65,-89531.2,-209.781,-1271.93,-261.882
75,0,0,0,0,0,0,-297.215,-297.215,-9371.36,-131.528,-52.9809,-52.9809,-608.247,-608.247,-18588.2,-270.509,-125.198,-125.198,-934.648,-934.648,-27649.7,-417.5,-216.757,-216.757,-1278.34,-1278.34,-36554.6,-573.11,-327.834,-327.834,-1641.54,-1641.54,-45301.3,-738.009,-458.69,-458.69,-2026.9,-2026.9,-53888.1,-912.937,-609.69,-609.69,-2437.53,-2437.53,-62312.5,-1098.71,-781.333,-781.333,-2877.52,-2877.52,-70571.7,-1296.22,-974.298,-974.298,-3350.77,-3350.77,-78661.7,-1506.49,-1189.46,-1189.46,-3863.15,-3863.15,-86577.8,-1730.57,-1428.02,-1428.02
76,0,0,0,0,0,0,-129.899,-129.899,-9659.23,-110.67,133.947,133.947,-266.663,-266.663,-19145.9,-226.886,276.681,276.681,-411.054,-411.054,-28458.8,-349.174,428.357,428.357,-564.184,-564.184,-37596.6,-478.142,589.195,589.195,-727.395,-727.395,-46557.6,-614.496,759.495,759.495,-902.314,-902.314,-55339.3,-759.072,939.65,939.65,-1090.94,-1090.94,-63938.8,-912.859,1130.17,1130.17,-1296.46,-1296.46,-72352.9,-1077.04,1331.76,1331.76,-1520.86,-1520.86,-80575.7,-1253.08,1545.25,1545.25,-1768.8,-1768.8,-88601.7,-1442.76,1771.82,1771.82
77,0,0,0,0,0,0,-135.278,-142.444,-9800.74,-30.4141,146.148,88.4535,-269.759,-286.334,-19417.2,-62.4077,300.749,181.926,-403.888,-432.202,-28848.2,-96.1869,463.965,280.507,-538.426,-580.913,-38092.3,-131.991,636.028,384.326,-674.319,-733.529,-47147.6,-170.096,817.249,493.556,-812.759,-891.382,-56011.5,-210.829,1008.03,608.421,-955.269,-1056.16,-64681,-254.574,1208.91,729.211,-1104.47,-1230.67,-73152.3,-301.794,1420.59,856.312,-1261.83,-1416.61,-81419.4,-353.041,1643.94,990.189,-1431.39,-1618.31,-89475.9,-409.002,1880.16,1131.48
78,0,0,0,0,0,0,-187.589,-207.274,-9870.96,-1.29617e-10,141.823,1.8879e-10,-373.987,-417.178,-19555.3,-9.99781e-11,292.011,-1.21058e-10,-559.716,-630.403,-29051.9,-1.46243e-10,450.733,-1.79321e-10,-745.608,-847.975,-38359.1,-5.93863e-11,618.219,-5.3376e-11,-932.697,-1071.16,-47475.1,-2.60192e-12,794.779,-9.35962e-12,-1122.28,-1301.52,-56397.1,-2.10312e-11,980.81,-4.27995e-11,-1316.02,-1541.03,-65122,1.4734e-11,1176.83,-4.61e-11,-1516.64,-1792.82,-73645.8,-6.1398e-11,1383.52,-3.23546e-11,-1725.93,-2059.1,-81962.4,-3.55733e-11,1601.72,-7.37899e-12,-1948.16,-2344.72,-90065.3,-3.77067e-11,1832.58,-2.18314e-11
79,0,0,0,0,0,0,-135.278,-142.444,-9800.74,30.4141,146.148,-88.4535,-269.759,-286.334,-19417.2,62.4077,300.749,-181.926,-403.888,-432.202,-28848.2,96.1869,463.965,-280.507,-538.426,-580.913,-38092.3,131.991,636.028,-384.326,-674.319,-733.529,-47147.6,170.096,817.249,-493.556,-812.759,-891.382,-56011.5,210.829,1008.03,-608.421,-955.269,-1056.16,-64681,254.574,1208.91,-729.211,-1104.47,-1230.67,-73152.3,301.794,1420.59,-856.312,-1261.83,-1416.61,-81419.4,353.041,1643.94,-990.189,-1431.39,-1618.31,-89475.9,409.002,1880.16,-1131.48
80,0,0,0,0,0,0,-129.899,-129.899,-9659.23,110.67,133.947,-133.947,-266.663,-266.663,-19145.9,226.886,276.681,-276.681,-411.054,-411.054,-28458.8,349.174,428.357,-428.357,-564.184,-564.184,-37596.6,478.142,589.195,-589.195,-727.395,-727.395,-46557.6,614.496,759.495,-759.495,-902.314,-902.314,-55339.3,759.072,939.65,-939.65,-1090.94,-1090.94,-63938.8,912.859,1130.17,-1130.17,-1296.46,-1296.46,-72352.9,1077.04,1331.76,-1331.76,-1520.86,-1520.86,-80575.7,1253.08,1545.25,-1545.25,-1768.8,-1768.8,-88601.7,1442.76,1771.82,-1771.82
81,0,0,0,0,0,0,-142.444,-135.278,-9800.74,-30.4141,88.4535,146.148,-286.334,-269.759,-19417.2,-62.4077,181.926,300.749,-432.202,-403.888,-28848.2,-96.1869,280.507,463.965,-580.913,-538.426,-38092.3,-131.991,384.326,636.028,-733.529,-674.319,-47147.6,-170.096,493.556,817.249,-891.382,-812.759,-56011.5,-210.829,608.421,1008.03,-1056.16,-955.269,-64681,-254.574,729.211,1208.91,-1230.67,-1104.47,-73152.3,-301.794,856.312,1420.59,-1416.61,-1261.83,-81419.4,-353.041,990.189,1643.94,-1618.31,-1431.39,-89475.9,-409.002,1131.48,1880.16
82,0,0,0,0,0,0,-311.64,-311.64,-10089,-16.5043,92.5373,92.5373,-623.87,-623.87,-19980.2,-33.6891,189.678,189.678,-937.648,-937.648,-29672.5,-51.6793,291.484,291.484,-1254.33,-1254.33,-39164.3,-70.6197,398.054,398.054,-1575.59,-1575.59,-48453.5,-90.6781,509.521,509.521,-1903.49,-1903.49,-57537.5,-112.051,626.065,626.065,-2240.64,-2240.64,-66412.7,-134.969,747.92,747.92,-2590.98,-2590.98,-75075,-159.71,875.404,875.404,-2957.75,-2957.75,-83518,-186.605,1008.9,1008.9,-3347.19,-3347.19,-91734.4,-216.062,1148.94,1148.94
83,0,0,0,0,0,0,-354.03,-347.643,-10141.9,1.60463e-10,91.0122,3.2412e-10,-707.695,-695.69,-20083.9,9.6112e-13,186.303,5.59703e-11,-1062.05,-1045.19,-29824.7,-1.06977e-11,285.938,-1.71704e-10,-1418.56,-1397.59,-39363,-1.36078e-10,390.012,-8.58495e-11,-1779,-1754.67,-48696.4,-1.7503e-10,498.658,-1.00453e-10,-2145.58,-2118.63,-57822.4,-1.72083e-10,612.051,-4.58922e-11,-2521.08,-2492.23,-66737.4,-7.94484e-11,730.416,-1.47509e-10,-2909.58,-2879.56,-75437.1,8.0703e-11,854.06,-7.3701e-11,-3314.67,-3284.18,-83914.9,4.28262e-11,983.349,8.38902e-11,-3742.86,-3712.6,-92163.6,-1.28275e-10,1118.79,-6.66986e-11
84,0,0,0,0,0,0,-311.64,-311.64,-10089,16.5043,92.5373,-92.5373,-623.87,-623.87,-19980.2,33.6891,189.678,-189.678,-937.648,-937.648,-29672.5,51.6793,291.484,-291.484,-1254.33,-1254.33,-39164.3,70.6197,398.054,-398.054,-1575.59,-1575.59,-48453.5,90.6781,509.521,-509.521,-1903.49,-1903.49,-57537.5,112.051,626.065,-626.065,-2240.64,-2240.64,-66412.7,134.969,747.92,-747.92,-2590.98,-2590.98,-75075,159.71,875.404,-875.404,-2957.75,-2957.75,-83518,186.605,1008.9,-1008.9,-3347.19,-3347.19,-91734.4,216.062,1148.94,-1148.94
85,0,0,0,0,0,0,-142.444,-135.278,-9800.74,30.4141,88.4535,-146.148,-286.334,-269.759,-19417.2,62.4077,181.926,-300.749,-432.202,-403.888,-28848.2,96.1869,280.507,-463.965,-580.913,-538.426,-38092.3,131.991,384.326,-636.028,-733.529,-674.319,-47147.6,170.096,493.556,-817.249,-891.382,-812.759,-56011.5,210.829,608.421,-1008.03,-1056.16,-955.269,-64681,254.574,729.211,-1208.91,-1230.67,-1104.47,-73152.3,301.794,856.312,-1420.59,-1416.61,-1261.83,-81419.4,353.041,990.189,-1643.94,-1618.31,-1431.39,-89475.9,409.002,1131.48,-1880.16
86,0,0,0,0,0,0,-207.274,-187.589,-9870.96,3.68491e-10,-1.25465e-10,141.823,-417.178,-373.987,-19555.3,-1.6175e-10,-5.52873e-11,292.011,-630.403,-559.716,-29051.9,1.60747e-10,4.47526e-11,450.733,-847.975,-745.608,-38359.1,-1.97023e-10,-1.69706e-10,618.219,-1071.16,-932.697,-47475.1,8.63163e-11,3.76605e-11,794.779,-1301.52,-1122.28,-56397.1,2.37314e-10,4.24727e-12,980.81,-1541.03,-1316.02,-65122,2.37184e-10,-1.95563e-10,1176.83,-1792.82,-1516.64,-73645.8,-1.97071e-10,-1.06141e-10,1383.52,-2059.1,-1725.93,-81962.4,1.08465e-10,1.14333e-10,1601.72,-2344.72,-1948.16,-90065.3,-2.16763e-10,-8.04086e-11,1832.58
87,0,0,0,0,0,0,-347.643,-354.03,-10141.9,-2.23508e-10,1.58036e-10,91.0122,-695.69,-707.695,-20083.9,3.49109e-10,7.22418e-11,186.303,-1045.19,-1062.05,-29824.7,2.04066e-10,3.69873e-11,285.938,-1397.59,-1418.56,-39363,-3.29895e-10,3.57403e-11,390.012,-1754.67,-1779,-48696.4,1.72179e-10,-1.77911e-10,498.658,-2118.63,-2145.58,-57822.4,3.31338e-10,-7.38609e-12,612.051,-2492.23,-2521.08,-66737.4,-4.00511e-11,-1.97417e-10,730.416,-2879.56,-2909.58,-75437.1,-1.98239e-10,3.92681e-11,854.06,-3284.18,-3314.67,-83914.9,-1.92477e-10,4.60254e-11,983.349,-3712.6,-3742.86,-92163.6,-2.95124e-10,2.00444e-11,1118.79
88,0,0,0,0,0,0,-387.682,-387.682,-10198.7,-3.71487e-11,1.0641e-10,1.28395e-10,-775.166,-775.166,-20195.3,1.05991e-11,-1.32859e-10,-5.46638e-11,-1163.64,-1163.64,-29988.5,6.98879e-11,2.87663e-11,-1.10298e-10,-1554.7,-1554.7,-39576.9,2.7429e-10,-1.75957e-10,-6.78764e-11,-1950.29,-1950.29,-48958.3,-5.57771e-11,-2.87837e-10,6.12559e-11,-2352.81,-2352.81,-58130,-8.2924e-11,-3.46745e-11,-1.73335e-10,-2765.26,-2765.26,-67088.3,3.25e-10,-1.72292e-10,-4.28724e-11,-3192,-3192,-75828.8,1.39017e-10,2.43183e-11,-7.55982e-11,-3636.99,-3636.99,-84344.9,1.75473e-10,-1.7944e-10,6.80949e-11,-4107.14,-4107.14,-92629.1,1.0626e-10,-1.60512e-11,-1.93253e-10
89,0,0,0,0,0,0,-347.643,-354.03,-10141.9,-1.21747e-11,-2.08294e-10,-91.0122,-695.69,-707.695,-20083.9,-1.49661e-10,-1.04698e-11,-186.303,-1045.19,-1062.05,-29824.7,5.63103e-11,-1.82673e-10,-285.938,-1397.59,-1418.56,-39363,-1.54327e-10,-2.59153e-10,-390.012,-1754.67,-1779,-48696.4,6.2699e-11,-1.00179e-10,-498.658,-2118.63,-2145.58,-57822.4,-1.71786e-10,-2.08562e-11,-612.051,-2492.23,-2521.08,-66737.4,-6.22316e-11,-2.1813e-10,-730.416,-2879.56,-2909.58,-75437.1,-1.70197e-10,-1.28388e-10,-854.06,-3284.18,-3314.67,-83914.9,-4.08917e-11,-1.51001e-10,-983.349,-3712.6,-3742.86,-92163.6,2.22116e-10,-7.95097e-12,-1118.79
90,0,0,0,0,0,0,-207.274,-187.589,-9870.96,-4.68561e-11,1.52522e-11,-141.823,-417.178,-373.987,-19555.3,-5.39755e-11,9.81792e-11,-292.011,-630.403,-559.716,-29051.9,-1.34585e-10,-2.76479e-10,-450.733,-847.975,-745.608,-38359.1,4.31832e-12,-1.77923e-10,-618.219,-1071.16,-932.697,-47475.1,-1.24533e-10,-1.56685e-10,-794.779,-1301.52,-1122.28,-56397.1,2.34921e-10,-8.42988e-11,-980.81,-1541.03,-1316.02,-65122,4.614e-11,-1.50537e-10,-1176.83,-1792.82,-1516.64,-73645.8,1.74468e-10,-2.64954e-10,-1383.52,-2059.1,-1725.93,-81962.4,1.9438e-10,-1.43732e-10,-1601.72,-2344.72,-1948.16,-90065.3,-4.65752e-11,-1.19357e-10,-1832.58
91,0,0,0,0,0,0,-142.444,-135.278,-9800.74,30.4141,-88.4535,146.148,-286.334,-269.759,-19417.2,62.4077,-181.926,300.749,-432.202,-403.888,-28848.2,96.1869,-280.507,463.965,-580.913,-538.426,-38092.3,131.991,-384.326,636.028,-733.529,-674.319,-47147.6,170.096,-493.556,817.249,-891.382,-812.759,-56011.5,210.829,-608.421,1008.03,-1056.16,-955.269,-64681,254.574,-729.211,1208.91,-1230.67,-1104.47,-73152.3,301.794,-856.312,1420.59,-1416.61,-1261.83,-81419.4,353.041,-990.189,1643.94,-1618.31,-1431.39,-89475.9,409.002,-1131.48,1880.16
92,0,0,0,0,0,0,-311.64,-311.64,-10089,16.5043,-92.5373,92.5373,-623.87,-623.87,-19980.2,33.6891,-189.678,189.678,-937.648,-937.648,-29672.5,51.6793,-291.484,291.484,-1254.33,-1254.33,-39164.3,70.6197,-398.054,398.054,-1575.59,-1575.59,-48453.5,90.6781,-509.521,509.521,-1903.49,-1903.49,-57537.5,112.051,-626.065,626.065,-2240.64,-2240.64,-66412.7,134.969,-747.92,747.92,-2590.98,-2590.98,-75075,159.71,-875.404,875.404,-2957.75,-2957.75,-83518,186.605,-1008.9,1008.9,-3347.19,-3347.19,-91734.4,216.062,-1148.94,1148.94
93,0,0,0,0,0,0,-354.03,-347.643,-10141.9,2.28149e-10,-91.0122,6.15064e-12,-707.695,-695.69,-20083.9,1.08505e-10,-186.303,-1.34625e-10,-1062.05,-1045.19,-29824.7,-2.11275e-11,-285.938,5.27054e-11,-1418.56,-1397.59,-39363,2.31195e-11,-390.012,-1.00206e-10,-1779,-1754.67,-48696.4,-1.96258e-10,-498.658,5.88152e-12,-2145.58,-2118.63,-57822.4,2.14539e-12,-612.051,-3.78026e-11,-2521.08,-2492.23,-66737.4,5.46434e-11,-730.416,-2.10893e-10,-2909.58,-2879.56,-75437.1,2.02478e-10,-854.06,-3.66605e-11,-3314.67,-3284.18,-83914.9,-1.12583e-10,-983.349,-7.85079e-11,-3742.86,-3712.6,-92163.6,-6.09433e-11,-1118.79,1.4996e-11
94,0,0,0,0,0,0,-311.64,-311.64,-10089,-16.5043,-92.5373,-92.5373,-623.87,-623.87,-19980.2,-33.6891,-189.678,-189.678,-937.648,-937.648,-29672.5,-51.6793,-291.484,-291.484,-1254.33,-1254.33,-39164.3,-70.6197,-398.054,-398.054,-1575.59,-1575.59,-48453.5,-90.6781,-509.521,-509.521,-1903.49,-1903.49,-57537.5,-112.051,-626.065,-626.065,-2240.64,-2240.64,-66412.7,-134.969,-747.92,-747.92,-2590.98,-2590.98,-75075,-159.71,-875.404,-875.404,-2957.75,-2957.75,-83518,-186.605,-1008.9,-1008.9,-3347.19,-3347.19,-91734.4,-216.062,-1148.94,-1148.94
95,0,0,0,0,0,0,-142.444,-135.278,-9800.74,-30.4141,-88.4535,-146.148,-286.334,-269.759,-19417.2,-62.4077,-181.926,-300.749,-432.202,-403.888,-28848.2,-96.1869,-280.507,-463.965,-580.913,-538.426,-38092.3,-131.991,-384.326,-636.028,-733.529,-674.319,-47147.6,-170.096,-493.556,-817.249,-891.382,-812.759,-56011.5,-210.829,-608.421,-1008.03,-1056.16,-955.269,-64681,-254.574,-729.211,-1208.91,-1230.67,-1104.47,-73152.3,-301.794,-856.312,-1420.59,-1416.61,-1261.83,-81419.4,-353.041,-990.189,-1643.94,-1618.31,-1431.39,-89475.9,-409.002,-1131.48,-1880.16
96,0,0,0,0,0,0,-129.899,-129.899,-9659.23,110.67,-133.947,133.947,-266.663,-266.663,-19145.9,226.886,-276.681,276.681,-411.054,-411.054,-28458.8,349.174,-428.357,428.357,-564.184,-564.184,-37596.6,478.142,-589.195,589.195,-727.395,-727.395,-46557.6,614.496,-759.495,759.495,-902.314,-902.314,-55339.3,759.072,-939.65,939.65,-1090.94,-1090.94,-63938.8,912.859,-1130.17,1130.17,-1296.46,-1296.46,-72352.9,1077.04,-1331.76,1331.76,-1520.86,-1520.86,-80575.7,1253.08,-1545.25,1545.25,-1768.8,-1768.8,-88601.7,1442.76,-1771.82,1771.82
97,0,0,0,0,0,0,-135.278,-142.444,-9800.74,30.4141,-146.148,88.4535,-269.759,-286.334,-19417.2,62.4077,-300.749,181.926,-403.888,-432.202,-28848.2,96.1869,-463.965,280.507,-538.426,-580.913,-38092.3,131.991,-636.028,384.326,-674.319,-733.529,-47147.6,170.096,-817.249,493.556,-812.759,-891.382,-56011.5,210.829,-1008.03,608.421,-955.269,-1056.16,-64681,254.574,-1208.91,729.211,-1104.47,-1230.67,-73152.3,301.794,-1420.59,856.312,-1261.83,-1416.61,-81419.4,353.041,-1643.94,990.189,-1431.39,-1618.31,-89475.9,409.002,-1880.16,1131.48
98,0,0,0,0,0,0,-187.589,-207.274,-9870.96,3.69205e-10,-141.823,-6.9611e-11,-373.987,-417.178,-19555.3,-3.79111e-11,-292.011,4.40146e-11,-559.716,-630.403,-29051.9,1.37979e-11,-450.733,8.23785e-11,-745.608,-847.975,-38359.1,8.70912e-11,-618.219,-1.10955e-10,-932.697,-1071.16,-47475.1,2.12241e-10,-794.779,1.14792e-10,-1122.28,-1301.52,-56397.1,5.6827e-11,-980.81,2.37037e-11,-1316.02,-1541.03,-65122,9.04157e-11,-1176.83,-9.53193e-11,-1516.64,-1792.82,-73645.8,2.95784e-10,-1383.52,1.16732e-10,-1725.93,-2059.1,-81962.4,-7.51132e-12,-1601.72,1.56181e-10,-1948.16,-2344.72,-90065.3,1.11993e-10,-1832.58,1.19883e-10
99,0,0,0,0,0,0,-135.278,-142.444,-9800.74,-30.4141,-146.148,-88.4535,-269.759,-286.334,-19417.2,-62.4077,-300.749,-181.926,-403.888,-432.202,-28848.2,-96.1869,-463.965,-280.507,-538.426,-580.913,-38092.3,-131.991,-636.028,-384.326,-674.319,-733.529,-47147.6,-170.096,-817.249,-493.556,-812.759,-891.382,-56011.5,-210.829,-1008.03,-608.421,-955.269,-1056.16,-64681,-254.574,-1208.91,-729.211,-1104.47,-1230.67,-73152.3,-301.794,-1420.59,-856.312,-1261.83,-1416.61,-81419.4,-353.041,-1643.94,-990.189,-1431.39,-1618.31,-89475.9,-409.002,-1880.16,-1131.48
100,0,0,0,0,0,0,-129.899,-129.899,-9659.23,-110.67,-133.947,-133.947,-266.663,-266.663,-19145.9,-226.886,-276.681,-276.681,-411.054,-411.054,-28458.8,-349.174,-428.357,-428.357,-564.184,-564.184,-37596.6,-478.142,-589.195,-589.195,-727.395,-727.395,-46557.6,-614.496,-759.495,-759.495,-902.314,-902.314,-55339.3,-759.072,-939.65,-939.65,-1090.94,-1090.94,-63938.8,-912.859,-1130.17,-1130.17,-1296.46,-1296.46,-72352.9,-1077.04,-1331.76,-1331.76,-1520.86,-1520.86,-80575.7,-1253.08,-1545.25,-1545.25,-1768.8,-1768.8,-88601.7,-1442.76,-1771.82,-1771.82
101,0,0,0,0,0,0,-187.663,-187.663,-9964.29,-50.9278,104.811,104.811,-384.377,-384.377,-19742.7,-103.935,213.975,213.975,-591.177,-591.177,-29334.2,-159.263,327.729,327.729,-809.592,-809.592,-38737.4,-217.198,446.371,446.371,-1041.48,-1041.48,-47950.4,-278.079,570.267,570.267,-1289.12,-1289.12,-56970.8,-342.315,699.865,699.865,-1555.38,-1555.38,-65795.4,-410.406,835.721,835.721,-1844.83,-1844.83,-74420.9,-482.964,978.549,978.549,-2160.48,-2160.48,-82840.8,-560.767,1129.2,1129.2,-2509.31,-2509.31,-91048.9,-644.803,1288.82,1288.82
102,0,0,0,0,0,0,15.0434,-33.5175,-9897.45,-14.8643,132.269,82.302,34.0259,-66.6853,-19603.8,-30.2991,268.59,166.856,57.092,-99.6829,-29117.9,-46.4007,409.211,253.802,84.0873,-133.052,-38438.3,-63.2827,554.442,343.309,114.786,-167.483,-47563.2,-81.0802,704.664,435.582,148.857,-203.868,-56489.8,-99.956,860.346,530.867,185.821,-243.379,-65214.9,-120.109,1022.07,629.468,223.968,-288.587,-73734.8,-141.786,1190.58,731.762,263.979,-339.889,-82042.4,-165.297,1366.79,838.198,303.438,-401.099,-90131.3,-191.043,1551.89,949.366
103,0,0,0,0,0,0,58.1348,-21.1851,-9907.25,-7.04364e-12,144.561,6.02614e-11,123.569,-40.7632,-19621.6,5.3561e-11,293.163,9.27378e-11,196.728,-58.8247,-29141.9,-1.99951e-12,446.055,-1.49232e-11,277.79,-75.8123,-38466.6,-8.88045e-12,603.543,2.28318e-10,366.913,-92.3051,-47593.9,1.57878e-11,766.007,1.76225e-10,464.23,-109.071,-56521,1.57791e-10,933.91,5.75113e-11,569.81,-127.14,-65244.5,2.75791e-10,1107.83,-3.18607e-11,682.603,-148.938,-73760.8,5.99476e-12,1288.51,1.11744e-10,804.122,-174.672,-82062.6,-1.72355e-11,1476.83,-9.89075e-12,932.963,-207.977,-90143.1,2.45104e-10,1674,3.9968e-11
104,0,0,0,0,0,0,15.0434,-33.5175,-9897.45,14.8643,132.269,-82.302,34.0259,-66.6853,-19603.8,30.2991,268.59,-166.856,57.092,-99.6829,-29117.9,46.4007,409.211,-253.802,84.0873,-133.052,-38438.3,63.2827,554.442,-343.309,114.786,-167.483,-47563.2,81.0802,704.664,-435.582,148.857,-203.868,-56489.8,99.956,860.346,-530.867,185.821,-243.379,-65214.9,120.109,1022.07,-629.468,223.968,-288.587,-73734.8,141.786,1190.58,-731.762,263.979,-339.889,-82042.4,165.297,1366.79,-838.198,303.438,-401.099,-90131.3,191.043,1551.89,-949.366
105,0,0,0,0,0,0,-187.663,-187.663,-9964.29,50.9278,104.811,-104.811,-384.377,-384.377,-19742.7,103.935,213.975,-213.975,-591.177,-591.177,-29334.2,159.263,327.729,-327.729,-809.592,-809.592,-38737.4,217.198,446.371,-446.371,-1041.48,-1041.48,-47950.4,278.079,570.267,-570.267,-1289.12,-1289.12,-56970.8,342.315,699.865,-699.865,-1555.38,-1555.38,-65795.4,410.406,835.721,-835.721,-1844.83,-1844.83,-74420.9,482.964,978.549,-978.549,-2160.48,-2160.48,-82840.8,560.767,1129.2,-1129.2,-2509.31,-2509.31,-91048.9,644.803,1288.82,-1288.82
106,0,0,0,0,0,0,-33.5175,15.0434,-9897.45,-14.8643,82.302,132.269,-66.6853,34.0259,-19603.8,-30.2991,166.856,268.59,-99.6829,57.092,-29117.9,-46.4007,253.802,409.211,-133.052,84.0873,-38438.3,-63.2827,343.309,554.442,-167.483,114.786,-47563.2,-81.0802,435.582,704.664,-203.868,148.857,-56489.8,-99.956,530.867,860.346,-243.379,185.821,-65214.9,-120.109,629.468,1022.07,-288.587,223.968,-73734.8,-141.786,731.762,1190.58,-339.889,263.979,-82042.4,-165.297,838.198,1366.79,-401.099,303.438,-90131.3,-191.043,949.366,1551.89
107,0,0,0,0,0,0,121.861,121.861,-9876.71,-7.89628,90.6281,90.6281,255.042,255.042,-19556.9,-15.9804,183.33,183.33,400.262,400.262,-29039.5,-24.3059,278.241,278.241,558.022,558.022,-38322.9,-32.9362,375.528,375.528,728.864,728.864,-47405.4,-41.9465,475.393,475.393,913.37,913.37,-56284.1,-51.4274,578.078,578.078,1112.15,1112.15,-64955.5,-61.49,683.882,683.882,1324.74,1324.74,-73416,-72.273,793.18,793.18,1553.57,1553.57,-81658.1,-83.9511,906.416,906.416,1798.17,1798.17,-89674.8,-96.7521,1024.18,1024.18
108,0,0,0,0,0,0,171.645,149.696,-9879.19,1.26182e-10,92.0511,-4.43596e-11,358.307,312.589,-19560.3,2.42831e-11,186.049,4.04099e-11,560.986,489.52,-29042,-1.51706e-10,282.127,1.99778e-11,780.501,681.117,-38323.1,-4.67688e-11,380.447,-1.89315e-11,1017.77,888.071,-47401.4,-1.77496e-10,481.205,8.39755e-11,1273.83,1111.13,-56274.4,-1.58756e-10,584.639,1.25446e-11,1549.81,1351.09,-64938.6,5.30425e-11,691.039,8.20837e-11,1845.86,1607.67,-73390,3.10367e-11,800.769,-3.80709e-11,2165.23,1883.59,-81621.3,-1.52669e-10,914.262,-2.51461e-10,2508.4,2178.61,-89625.2,-2.48217e-10,1032.09,-2.36504e-11
109,0,0,0,0,0,0,121.861,121.861,-9876.71,7.89628,90.6281,-90.6281,255.042,255.042,-19556.9,15.9804,183.33,-183.33,400.262,400.262,-29039.5,24.3059,278.241,-278.241,558.022,558.022,-38322.9,32.9362,375.528,-375.528,728.864,728.864,-47405.4,41.9465,475.393,-475.393,913.37,913.37,-56284.1,51.4274,578.078,-578.078,1112.15,1112.15,-64955.5,61.49,683.882,-683.882,1324.74,1324.74,-73416,72.273,793.18,-793.18,1553.57,1553.57,-81658.1,83.9511,906.416,-906.416,1798.17,1798.17,-89674.8,96.7521,1024.18,-1024.18
110,0,0,0,0,0,0,-33.5175,15.0434,-9897.45,14.8643,82.302,-132.269,-66.6853,34.0259,-19603.8,30.2991,166.856,-268.59,-99.6829,57.092,-29117.9,46.4007,253.802,-409.211,-133.052,84.0873,-38438.3,63.2827,343.309,-554.442,-167.483,114.786,-47563.2,81.0802,435.582,-704.664,-203.868,148.857,-56489.8,99.956,530.867,-860.346,-243.379,185.821,-65214.9,120.109,629.468,-1022.07,-288.587,223.968,-73734.8,141.786,731.762,-1190.58,-339.889,263.979,-82042.4,165.297,838.198,-1366.79,-401.099,303.438,-90131.3,191.043,949.366,-1551.89
111,0,0,0,0,0,0,-21.1851,58.1348,-9907.25,3.02006e-10,1.55054e-11,144.561,-40.7632,123.569,-19621.6,-9.44476e-11,6.99458e-11,293.163,-58.8247,196.728,-29141.9,1.83731e-10,2.3859e-10,446.055,-75.8123,277.79,-38466.6,-1.1348e-10,1.41899e-10,603.543,-92.3051,366.913,-47593.9,-3.09853e-10,1.95472e-10,766.007,-109.071,464.23,-56521,2.45049e-10,9.65095e-12,933.91,-127.14,569.81,-65244.5,-2.52357e-10,9.85292e-11,1107.83,-148.938,682.603,-73760.8,-6.62186e-11,-6.59313e-11,1288.51,-174.672,804.122,-82062.6,-1.1628e-11,1.54927e-10,1476.83,-207.977,932.963,-90143.1,2.04068e-11,4.17053e-11,1674
112,0,0,0,0,0,0,149.696,171.645,-9879.19,-2.58284e-11,-4.25577e-11,92.0511,312.589,358.307,-19560.3,1.43471e-10,2.58316e-10,186.049,489.52,560.986,-29042,-2.27068e-12,1.84439e-10,282.127,681.117,780.501,-38323.1,-2.7769e-10,9.82894e-11,380.447,888.071,1017.77,-47401.4,-1.37411e-10,1.40476e-10,481.205,1111.13,1273.83,-56274.4,-3.68514e-11,3.40972e-11,584.639,1351.09,1549.81,-64938.6,4.97528e-11,1.5155e-10,691.039,1607.67,1845.86,-73390,6.14235e-11,4.51994e-11,800.769,1883.59,2165.23,-81621.3,-1.12537e-11,1.16584e-10,914.262,2178.61,2508.4,-89625.2,6.62861e-11,6.63292e-11,1032.09
113,0,0,0,0,0,0,187.55,187.55,-9895.42,7.23723e-12,1.43985e-10,-5.83378e-11,391.152,391.152,-19590.9,2.01327e-10,1.92477e-10,7.55951e-11,611.85,611.85,-29085.3,2.37733e-10,7.99574e-11,3.06866e-12,850.501,850.501,-38377.3,2.12825e-10,7.3463e-11,-5.58202e-11,1108.07,1108.07,-47464.7,2.63192e-10,-2.5338e-11,2.22751e-10,1385.61,1385.61,-56345,1.7051e-11,4.24887e-11,8.69722e-11,1684.3,1684.3,-65014.6,3.27937e-10,1.16364e-10,2.20208e-10,2004.27,2004.27,-73469.6,1.16559e-10,1.01481e-10,1.79178e-10,2348.85,2348.85,-81702.4,1.82272e-10,1.23231e-10,-8.30163e-11,2718.44,2718.44,-89705.9,2.46459e-11,1.97815e-11,7.26672e-11
114,0,0,0,0,0,0,149.696,171.645,-9879.19,-8.68839e-11,1.29829e-10,-92.0511,312.589,358.307,-19560.3,7.02567e-12,3.63678e-11,-186.049,489.52,560.986,-29042,2.57546e-10,2.31258e-10,-282.127,681.117,780.501,-38323.1,-3.30226e-11,8.45457e-11,-380.447,888.071,1017.77,-47401.4,3.64742e-10,5.42943e-11,-481.205,1111.13,1273.83,-56274.4,3.93685e-10,1.33753e-10,-584.639,1351.09,1549.81,-64938.6,1.22947e-10,-5.32978e-11,-691.039,1607.67,1845.86,-73390,-1.05689e-11,-1.108e-10,-800.769,1883.59,2165.23,-81621.3,2.46987e-10,5.74349e-11,-914.262,2178.61,2508.4,-89625.2,2.16663e-10,1.5941e-11,-1032.09
115,0,0,0,0,0,0,-21.1851,58.1348,-9907.25,5.77733e-11,-1.35464e-10,-144.561,-40.7632,123.569,-19621.6,5.79719e-11,-1.05759e-10,-293.163,-58.8247,196.728,-29141.9,-2.00547e-10,-5.27081e-11,-446.055,-75.8123,277.79,-38466.6,7.81462e-11,8.76739e-11,-603.543,-92.3051,366.913,-47593.9,-5.89155e-11,2.02338e-10,-766.007,-109.071,464.23,-56521,1.33833e-10,1.25457e-10,-933.91,-127.14,569.81,-65244.5,6.87166e-11,-9.69731e-11,-1107.83,-148.938,682.603,-73760.8,1.71475e-10,-1.51449e-10,-1288.51,-174.672,804.122,-82062.6,-1.02236e-10,4.42419e-11,-1476.83,-207.977,932.963,-90143.1,-1.34849e-10,1.25755e-10,-1674
116,0,0,0,0,0,0,-33.5175,15.0434,-9897.45,14.8643,-82.302,132.269,-66.6853,34.0259,-19603.8,30.2991,-166.856,268.59,-99.6829,57.092,-29117.9,46.4007,-253.802,409.211,-133.052,84.0873,-38438.3,63.2827,-343.309,554.442,-167.483,114.786,-47563.2,81.0802,-435.582,704.664,-203.868,148.857,-56489.8,99.956,-530.867,860.346,-243.379,185.821,-65214.9,120.109,-629.468,1022.07,-288.587,223.968,-73734.8,141.786,-731.762,1190.58,-339.889,263.979,-82042.4,165.297,-838.198,1366.79,-401.099,303.438,-90131.3,191.043,-949.366,1551.89
117,0,0,0,0,0,0,121.861,121.861,-9876.71,7.89628,-90.6281,90.6281,255.042,255.042,-19556.9,15.9804,-183.33,183.33,400.262,400.262,-29039.5,24.3059,-278.241,278.241,558.022,558.022,-38322.9,32.9362,-375.528,375.528,728.864,728.864,-47405.4,41.9465,-475.393,475.393,913.37,913.37,-56284.1,51.4274,-578.078,578.078,1112.15,1112.15,-64955.5,61.49,-683.882,683.882,1324.74,1324.74,-73416,72.273,-793.18,793.18,1553.57,1553.57,-81658.1,83.9511,-906.416,906.416,1798.17,1798.17,-89674.8,96.7521,-1024.18,1024.18
118,0,0,0,0,0,0,171.645,149.696,-9879.19,1.14112e-10,-92.0511,-4.33054e-11,358.307,312.589,-19560.3,7.50938e-11,-186.049,-6.24398e-11,560.986,489.52,-29042,-8.03791e-11,-282.127,4.95373e-11,780.501,681.117,-38323.1,2.10274e-10,-380.447,2.14921e-11,1017.77,888.071,-47401.4,-1.79813e-10,-481.205,1.89671e-10,1273.83,1111.13,-56274.4,2.06489e-10,-584.639,2.55243e-10,1549.81,1351.09,-64938.6,-2.09122e-10,-691.039,-4.98233e-11,1845.86,1607.67,-73390,1.74085e-11,-800.769,8.61018e-11,2165.23,1883.59,-81621.3,-1.35673e-10,-914.262,1.03528e-10,2508.4,2178.61,-89625.2,-6.58143e-12,-1032.09,1.48571e-10
119,0,0,0,0,0,0,121.861,121.861,-9876.71,-7.89628,-90.6281,-90.6281,255.042,255.042,-19556.9,-15.9804,-183.33,-183.33,400.262,400.262,-29039.5,-24.3059,-278.241,-278.241,558.022,558.022,-38322.9,-32.9362,-375.528,-375.528,728.864,728.864,-47405.4,-41.9465,-475.393,-475.393,913.37,913.37,-56284.1,-51.4274,-578.078,-578.078,1112.15,1112.15,-64955.5,-61.49,-683.882,-683.882,1324.74,1324.74,-73416,-72.273,-793.18,-793.18,1553.57,1553.57,-81658.1,-83.9511,-906.416,-906.416,1798.17,1798.17,-89674.8,-96.7521,-1024.18,-1024.18
120,0,0,0,0,0,0,-33.5175,15.0434,-9897.45,-14.8643,-82.302,-132.269,-66.6853,34.0259,-19603.8,-30.2991,-166.856,-268.59,-99.6829,57.092,-29117.9,-46.4007,-253.802,-409.211,-133.052,84.0873,-38438.3,-63.2827,-343.309,-554.442,-167.483,114.786,-47563.2,-81.0802,-435.582,-704.664,-203.868,148.857,-56489.8,-99.956,-530.867,-860.346,-243.379,185.821,-65214.9,-120.109,-629.468,-1022.07,-288.587,223.968,-73734.8,-141.786,-731.762,-1190.58,-339.889,263.979,-82042.4,-165.297,-838.198,-1366.79,-401.099,303.438,-90131.3,-191.043,-949.366,-1551.89
121,0,0,0,0,0,0,-187.663,-187.663,-9964.29,50.9278,-104.811,104.811,-384.377,-384.377,-19742.7,103.935,-213.975,213.975,-591.177,-591.177,-29334.2,159.263,-327.729,327.729,-809.592,-809.592,-38737.4,217.198,-446.371,446.371,-1041.48,-1041.48,-47950.4,278.079,-570.267,570.267,-1289.12,-1289.12,-56970.8,342.315,-699.865,699.865,-1555.38,-1555.38,-65795.4,410.406,-835.721,835.721,-1844.83,-1844.83,-74420.9,482.964,-978.549,978.549,-2160.48,-2160.48,-82840.8,560.767,-1129.2,1129.2,-2509.31,-2509.31,-91048.9,644.803,-1288.82,1288.82
122,0,0,0,0,0,0,15.0434,-33.5175,-9897.45,14.8643,-132.269,82.302,34.0259,-66.6853,-19603.8,30.2991,-268.59,166.856,57.092,-99.6829,-29117.9,46.4007,-409.211,253.802,84.0873,-133.052,-38438.3,63.2827,-554.442,343.309,114.786,-167.483,-47563.2,81.0802,-704.664,435.582,148.857,-203.868,-56489.8,99.956,-860.346,530.867,185.821,-243.379,-65214.9,120.109,-1022.07,629.468,223.968,-288.587,-73734.8,141.786,-1190.58,731.762,263.979,-339.889,-82042.4,165.297,-1366.79,838.198,303.438,-401.099,-90131.3,191.043,-1551.89,949.366
123,0,0,0,0,0,0,58.1348,-21.1851,-9907.25,5.44763e-11,-144.561,1.87903e-10,123.569,-40.7632,-19621.6,7.49912e-11,-293.163,1.1071e-10,196.728,-58.8247,-29141.9,-5.15411e-11,-446.055,-8.89662e-11,277.79,-75.8123,-38466.6,-9.99052e-11,-603.543,1.206e-10,366.913,-92.3051,-47593.9,3.69604e-10,-766.007,2.05507e-11,464.23,-109.071,-56521,-1.40552e-10,-933.91,1.12719e-10,569.81,-127.14,-65244.5,2.34377e-11,-1107.83,-6.19984e-11,682.603,-148.938,-73760.8,-1.68159e-11,-1288.51,-3.63443e-11,804.122,-174.672,-82062.6,-3.36343e-10,-1476.83,1.19218e-10,932.963,-207.977,-90143.1,1.82074e-10,-1674,-8.49099e-13
124,0,0,0,0,0,0,15.0434,-33.5175,-9897.45,-14.8643,-132.269,-82.302,34.0259,-66.6853,-19603.8,-30.2991,-268.59,-166.856,57.092,-99.6829,-29117.9,-46.4007,-409.211,-253.802,84.0873,-133.052,-38438.3,-63.2827,-554.442,-343.309,114.786,-167.483,-47563.2,-81.0802,-704.664,-435.582,148.857,-203.868,-56489.8,-99.956,-860.346,-530.867,185.821,-243.379,-65214.9,-120.109,-1022.07,-629.468,223.968,-288.587,-73734.8,-141.786,-1190.58,-731.762,263.979,-339.889,-82042.4,-165.297,-1366.79,-838.198,303.438,-401.099,-90131.3,-191.043,-1551.89,-949.366
125,0,0,0,0,0,0,-187.663,-187.663,-9964.29,-50.9278,-104.811,-104.811,-384.377,-384.377,-19742.7,-103.935,-213.975,-213.975,-591.177,-591.177,-29334.2,-159.263,-327.729,-327.729,-809.592,-809.592,-38737.4,-217.198,-446.371,-446.371,-1041.48,-1041.48,-47950.4,-278.079,-570.267,-570.267,-1289.12,-1289.12,-56970.8,-342.315,-699.865,-699.865,-1555.38,-1555.38,-65795.4,-410.406,-835.721,-835.721,-1844.83,-1844.83,-74420.9,-482.964,-978.549,-978.549,-2160.48,-2160.48,-82840.8,-560.767,-1129.2,-1129.2,-2509.31,-2509.31,-91048.9,-644.803,-1288.82,-1288.82
