1,0,-0.999971,-0.00760863,0,-0.999971,-0.00760863,0,-0.999971,-0.00760863,0,-0.999971,-0.00760863,0,-0.999971,-0.00760863,0,-0.999971,-0.00760863,0,-0.999971,-0.00760863,0,-0.999971,-0.00760863,0,-0.999971,-0.00760863,0,-0.999971,-0.00760863,0,-0.999971,-0.00760863
2,-0.999968,-0,-0.00805488,-0.999968,-0,-0.00805488,-0.999968,-0,-0.00805488,-0.999968,-0,-0.00805488,-0.999968,-0,-0.00805488,-0.999968,-0,-0.00805488,-0.999968,-0,-0.00805488,-0.999968,-0,-0.00805488,-0.999968,-0,-0.00805488,-0.999968,-0,-0.00805488,-0.999968,-0,-0.00805488
3,0,0,-1,0,0,-1,0,0,-1,0,0,-1,0,0,-1,0,0,-1,0,0,-1,0,0,-1,0,0,-1,0,0,-1,0,0,-1
4,0,-0.999968,-0.00800615,0,-0.999968,-0.00800615,0,-0.999968,-0.00800615,0,-0.999968,-0.00800615,0,-0.999968,-0.00800615,0,-0.999968,-0.00800615,0,-0.999968,-0.00800615,0,-0.999968,-0.00800615,0,-0.999968,-0.00800615,0,-0.999968,-0.00800615,0,-0.999968,-0.00800615
5,0,0,-1,0,0,-1,0,0,-1,0,0,-1,0,0,-1,0,0,-1,0,0,-1,0,0,-1,0,0,-1,0,0,-1,0,0,-1
6,0,-0.999968,-0.00800615,0,-0.999968,-0.00800615,0,-0.999968,-0.00800615,0,-0.999968,-0.00800615,0,-0.999968,-0.00800615,0,-0.999968,-0.00800615,0,-0.999968,-0.00800615,0,-0.999968,-0.00800615,0,-0.999968,-0.00800615,0,-0.999968,-0.00800615,0,-0.999968,-0.00800615
7,0,0,-1,0,0,-1,0,0,-1,0,0,-1,0,0,-1,0,0,-1,0,0,-1,0,0,-1,0,0,-1,0,0,-1,0,0,-1
8,0,-0.999971,-0.00760863,0,-0.999971,-0.00760863,0,-0.999971,-0.00760863,0,-0.999971,-0.00760863,0,-0.999971,-0.00760863,0,-0.999971,-0.00760863,0,-0.999971,-0.00760863,0,-0.999971,-0.00760863,0,-0.999971,-0.00760863,0,-0.999971,-0.00760863,0,-0.999971,-0.00760863
9,0,0,-1,0,0,-1,0,0,-1,0,0,-1,0,0,-1,0,0,-1,0,0,-1,0,0,-1,0,0,-1,0,0,-1,0,0,-1
10,0,-0.999968,-0.00805518,0,-0.999968,-0.00805518,0,-0.999968,-0.00805518,0,-0.999968,-0.00805518,0,-0.999968,-0.00805518,0,-0.999968,-0.00805518,0,-0.999968,-0.00805518,0,-0.999968,-0.00805518,0,-0.999968,-0.00805518,0,-0.999968,-0.00805518,0,-0.999968,-0.00805518
11,0.999971,0,-0.00760863,0.999971,0,-0.00760863,0.999971,0,-0.00760863,0.999971,0,-0.00760863,0.999971,0,-0.00760863,0.999971,0,-0.00760863,0.999971,0,-0.00760863,0.999971,0,-0.00760863,0.999971,0,-0.00760863,0.999971,0,-0.00760863,0.999971,0,-0.00760863
12,0,0,-1,0,0,-1,0,0,-1,0,0,-1,0,0,-1,0,0,-1,0,0,-1,0,0,-1,0,0,-1,0,0,-1,0,0,-1
13,-0.999971,-0,-0.00760878,-0.999971,-0,-0.00760878,-0.999971,-0,-0.00760878,-0.999971,-0,-0.00760878,-0.999971,-0,-0.00760878,-0.999971,-0,-0.00760878,-0.999971,-0,-0.00760878,-0.999971,-0,-0.00760878,-0.999971,-0,-0.00760878,-0.999971,-0,-0.00760878,-0.999971,-0,-0.00760878
14,0,0,-1,0,0,-1,0,0,-1,0,0,-1,0,0,-1,0,0,-1,0,0,-1,0,0,-1,0,0,-1,0,0,-1,0,0,-1
15,0,0,-1,0,0,-1,0,0,-1,0,0,-1,0,0,-1,0,0,-1,0,0,-1,0,0,-1,0,0,-1,0,0,-1,0,0,-1
16,0,0,-1,0,0,-1,0,0,-1,0,0,-1,0,0,-1,0,0,-1,0,0,-1,0,0,-1,0,0,-1,0,0,-1,0,0,-1
17,0,0,-1,0,0,-1,0,0,-1,0,0,-1,0,0,-1,0,0,-1,0,0,-1,0,0,-1,0,0,-1,0,0,-1,0,0,-1
18,0.999968,0,-0.00800608,0.999968,0,-0.00800608,0.999968,0,-0.00800608,0.999968,0,-0.00800608,0.999968,0,-0.00800608,0.999968,0,-0.00800608,0.999968,0,-0.00800608,0.999968,0,-0.00800608,0.999968,0,-0.00800608,0.999968,0,-0.00800608,0.999968,0,-0.00800608
19,0,0,-1,0,0,-1,0,0,-1,0,0,-1,0,0,-1,0,0,-1,0,0,-1,0,0,-1,0,0,-1,0,0,-1,0,0,-1
20,-0.999968,-0,-0.0080063,-0.999968,-0,-0.0080063,-0.999968,-0,-0.0080063,-0.999968,-0,-0.0080063,-0.999968,-0,-0.0080063,-0.999968,-0,-0.0080063,-0.999968,-0,-0.0080063,-0.999968,-0,-0.0080063,-0.999968,-0,-0.0080063,-0.999968,-0,-0.0080063,-0.999968,-0,-0.0080063
21,0,0,-1,0,0,-1,0,0,-1,0,0,-1,0,0,-1,0,0,-1,0,0,-1,0,0,-1,0,0,-1,0,0,-1,0,0,-1
22,0,0,-1,0,0,-1,0,0,-1,0,0,-1,0,0,-1,0,0,-1,0,0,-1,0,0,-1,0,0,-1,0,0,-1,0,0,-1
23,0,0,-1,0,0,-1,0,0,-1,0,0,-1,0,0,-1,0,0,-1,0,0,-1,0,0,-1,0,0,-1,0,0,-1,0,0,-1
24,0,0,-1,0,0,-1,0,0,-1,0,0,-1,0,0,-1,0,0,-1,0,0,-1,0,0,-1,0,0,-1,0,0,-1,0,0,-1
25,0.999968,0,-0.00800608,0.999968,0,-0.00800608,0.999968,0,-0.00800608,0.999968,0,-0.00800608,0.999968,0,-0.00800608,0.999968,0,-0.00800608,0.999968,0,-0.00800608,0.999968,0,-0.00800608,0.999968,0,-0.00800608,0.999968,0,-0.00800608,0.999968,0,-0.00800608
26,0,0,-1,0,0,-1,0,0,-1,0,0,-1,0,0,-1,0,0,-1,0,0,-1,0,0,-1,0,0,-1,0,0,-1,0,0,-1
27,-0.999968,-0,-0.0080063,-0.999968,-0,-0.0080063,-0.999968,-0,-0.0080063,-0.999968,-0,-0.0080063,-0.999968,-0,-0.0080063,-0.999968,-0,-0.0080063,-0.999968,-0,-0.0080063,-0.999968,-0,-0.0080063,-0.999968,-0,-0.0080063,-0.999968,-0,-0.0080063,-0.999968,-0,-0.0080063
28,0,0,-1,0,0,-1,0,0,-1,0,0,-1,0,0,-1,0,0,-1,0,0,-1,0,0,-1,0,0,-1,0,0,-1,0,0,-1
29,0,0,-1,0,0,-1,0,0,-1,0,0,-1,0,0,-1,0,0,-1,0,0,-1,0,0,-1,0,0,-1,0,0,-1,0,0,-1
30,0,0,-1,0,0,-1,0,0,-1,0,0,-1,0,0,-1,0,0,-1,0,0,-1,0,0,-1,0,0,-1,0,0,-1,0,0,-1
31,0,0,-1,0,0,-1,0,0,-1,0,0,-1,0,0,-1,0,0,-1,0,0,-1,0,0,-1,0,0,-1,0,0,-1,0,0,-1
32,0.999971,0,-0.00760863,0.999971,0,-0.00760863,0.999971,0,-0.00760863,0.999971,0,-0.00760863,0.999971,0,-0.00760863,0.999971,0,-0.00760863,0.999971,0,-0.00760863,0.999971,0,-0.00760863,0.999971,0,-0.00760863,0.999971,0,-0.00760863,0.999971,0,-0.00760863
33,0,0,-1,0,0,-1,0,0,-1,0,0,-1,0,0,-1,0,0,-1,0,0,-1,0,0,-1,0,0,-1,0,0,-1,0,0,-1
34,0,0.999968,-0.00805488,0,0.999968,-0.00805488,0,0.999968,-0.00805488,0,0.999968,-0.00805488,0,0.999968,-0.00805488,0,0.999968,-0.00805488,0,0.999968,-0.00805488,0,0.999968,-0.00805488,0,0.999968,-0.00805488,0,0.999968,-0.00805488,0,0.999968,-0.00805488
35,-0.999971,-0,-0.00760878,-0.999971,-0,-0.00760878,-0.999971,-0,-0.00760878,-0.999971,-0,-0.00760878,-0.999971,-0,-0.00760878,-0.999971,-0,-0.00760878,-0.999971,-0,-0.00760878,-0.999971,-0,-0.00760878,-0.999971,-0,-0.00760878,-0.999971,-0,-0.00760878,-0.999971,-0,-0.00760878
36,0,0,-1,0,0,-1,0,0,-1,0,0,-1,0,0,-1,0,0,-1,0,0,-1,0,0,-1,0,0,-1,0,0,-1,0,0,-1
37,0,0.999971,-0.00760878,0,0.999971,-0.00760878,0,0.999971,-0.00760878,0,0.999971,-0.00760878,0,0.999971,-0.00760878,0,0.999971,-0.00760878,0,0.999971,-0.00760878,0,0.999971,-0.00760878,0,0.999971,-0.00760878,0,0.999971,-0.00760878,0,0.999971,-0.00760878
38,0,0,-1,0,0,-1,0,0,-1,0,0,-1,0,0,-1,0,0,-1,0,0,-1,0,0,-1,0,0,-1,0,0,-1,0,0,-1
39,0,0.999968,-0.0080063,0,0.999968,-0.0080063,0,0.999968,-0.0080063,0,0.999968,-0.0080063,0,0.999968,-0.0080063,0,0.999968,-0.0080063,0,0.999968,-0.0080063,0,0.999968,-0.0080063,0,0.999968,-0.0080063,0,0.999968,-0.0080063,0,0.999968,-0.0080063
40,0,0,-1,0,0,-1,0,0,-1,0,0,-1,0,0,-1,0,0,-1,0,0,-1,0,0,-1,0,0,-1,0,0,-1,0,0,-1
41,0,0.999968,-0.0080063,0,0.999968,-0.0080063,0,0.999968,-0.0080063,0,0.999968,-0.0080063,0,0.999968,-0.0080063,0,0.999968,-0.0080063,0,0.999968,-0.0080063,0,0.999968,-0.0080063,0,0.999968,-0.0080063,0,0.999968,-0.0080063,0,0.999968,-0.0080063
42,0,0,-1,0,0,-1,0,0,-1,0,0,-1,0,0,-1,0,0,-1,0,0,-1,0,0,-1,0,0,-1,0,0,-1,0,0,-1
43,0.999968,0,-0.0080551,0.999968,0,-0.0080551,0.999968,0,-0.0080551,0.999968,0,-0.0080551,0.999968,0,-0.0080551,0.999968,0,-0.0080551,0.999968,0,-0.0080551,0.999968,0,-0.0080551,0.999968,0,-0.0080551,0.999968,0,-0.0080551,0.999968,0,-0.0080551
44,0,0.999971,-0.00760878,0,0.999971,-0.00760878,0,0.999971,-0.00760878,0,0.999971,-0.00760878,0,0.999971,-0.00760878,0,0.999971,-0.00760878,0,0.999971,-0.00760878,0,0.999971,-0.00760878,0,0.999971,-0.00760878,0,0.999971,-0.00760878,0,0.999971,-0.00760878
45,0,0,-1,0,0,-1,0,0,-1,0,0,-1,0,0,-1,0,0,-1,0,0,-1,0,0,-1,0,0,-1,0,0,-1,0,0,-1
46,0.000438106,-0.999995,-0.00308514,0.000438106,-0.999995,-0.00308514,0.000438106,-0.999995,-0.00308514,0.000438106,-0.999995,-0.00308514,0.000438106,-0.999995,-0.00308514,0.000438106,-0.999995,-0.00308514,0.000438106,-0.999995,-0.00308514,0.000438106,-0.999995,-0.00308514,0.000438106,-0.999995,-0.00308514,0.000438106,-0.999995,-0.00308514,0.000438106,-0.999995,-0.00308514
47,-0.999997,0.000436993,-0.00238745,-0.999997,0.000436993,-0.00238745,-0.999997,0.000436993,-0.00238745,-0.999997,0.000436993,-0.00238745,-0.999997,0.000436993,-0.00238745,-0.999997,0.000436993,-0.00238745,-0.999997,0.000436993,-0.00238745,-0.999997,0.000436993,-0.00238745,-0.999997,0.000436993,-0.00238745,-0.999997,0.000436993,-0.00238745,-0.999997,0.000436993,-0.00238745
48,-0.000394975,-0.999996,-0.00263706,-0.000394975,-0.999996,-0.00263706,-0.000394975,-0.999996,-0.00263706,-0.000394975,-0.999996,-0.00263706,-0.000394975,-0.999996,-0.00263706,-0.000394975,-0.999996,-0.00263706,-0.000394975,-0.999996,-0.00263706,-0.000394975,-0.999996,-0.00263706,-0.000394975,-0.999996,-0.00263706,-0.000394975,-0.999996,-0.00263706,-0.000394975,-0.999996,-0.00263706
49,0,-0.999997,-0.00263679,0,-0.999997,-0.00263679,0,-0.999997,-0.00263679,0,-0.999997,-0.00263679,0,-0.999997,-0.00263679,0,-0.999997,-0.00263679,0,-0.999997,-0.00263679,0,-0.999997,-0.00263679,0,-0.999997,-0.00263679,0,-0.999997,-0.00263679,0,-0.999997,-0.00263679
50,0.000394937,-0.999995,-0.0030867,0.000394937,-0.999995,-0.0030867,0.000394937,-0.999995,-0.0030867,0.000394937,-0.999995,-0.0030867,0.000394937,-0.999995,-0.0030867,0.000394937,-0.999995,-0.0030867,0.000394937,-0.999995,-0.0030867,0.000394937,-0.999995,-0.0030867,0.000394937,-0.999995,-0.0030867,0.000394937,-0.999995,-0.0030867,0.000394937,-0.999995,-0.0030867
51,-0.000437438,-0.999997,-0.00238715,-0.000437438,-0.999997,-0.00238715,-0.000437438,-0.999997,-0.00238715,-0.000437438,-0.999997,-0.00238715,-0.000437438,-0.999997,-0.00238715,-0.000437438,-0.999997,-0.00238715,-0.000437438,-0.999997,-0.00238715,-0.000437438,-0.999997,-0.00238715,-0.000437438,-0.999997,-0.00238715,-0.000437438,-0.999997,-0.00238715,-0.000437438,-0.999997,-0.00238715
52,0.999995,0.000438032,-0.00308507,0.999995,0.000438032,-0.00308507,0.999995,0.000438032,-0.00308507,0.999995,0.000438032,-0.00308507,0.999995,0.000438032,-0.00308507,0.999995,0.000438032,-0.00308507,0.999995,0.000438032,-0.00308507,0.999995,0.000438032,-0.00308507,0.999995,0.000438032,-0.00308507,0.999995,0.000438032,-0.00308507,0.999995,0.000438032,-0.00308507
53,-0.999995,-0.000394937,-0.00308655,-0.999995,-0.000394937,-0.00308655,-0.999995,-0.000394937,-0.00308655,-0.999995,-0.000394937,-0.00308655,-0.999995,-0.000394937,-0.00308655,-0.999995,-0.000394937,-0.00308655,-0.999995,-0.000394937,-0.00308655,-0.999995,-0.000394937,-0.00308655,-0.999995,-0.000394937,-0.00308655,-0.999995,-0.000394937,-0.00308655,-0.999995,-0.000394937,-0.00308655
54,0.999996,-0.000394901,-0.00263713,0.999996,-0.000394901,-0.00263713,0.999996,-0.000394901,-0.00263713,0.999996,-0.000394901,-0.00263713,0.999996,-0.000394901,-0.00263713,0.999996,-0.000394901,-0.00263713,0.999996,-0.000394901,-0.00263713,0.999996,-0.000394901,-0.00263713,0.999996,-0.000394901,-0.00263713,0.999996,-0.000394901,-0.00263713,0.999996,-0.000394901,-0.00263713
55,-0.999997,-0,-0.00263664,-0.999997,-0,-0.00263664,-0.999997,-0,-0.00263664,-0.999997,-0,-0.00263664,-0.999997,-0,-0.00263664,-0.999997,-0,-0.00263664,-0.999997,-0,-0.00263664,-0.999997,-0,-0.00263664,-0.999997,-0,-0.00263664,-0.999997,-0,-0.00263664,-0.999997,-0,-0.00263664
56,0.999997,0,-0.00263686,0.999997,0,-0.00263686,0.999997,0,-0.00263686,0.999997,0,-0.00263686,0.999997,0,-0.00263686,0.999997,0,-0.00263686,0.999997,0,-0.00263686,0.999997,0,-0.00263686,0.999997,0,-0.00263686,0.999997,0,-0.00263686,0.999997,0,-0.00263686
57,-0.999996,0.000394975,-0.00263691,-0.999996,0.000394975,-0.00263691,-0.999996,0.000394975,-0.00263691,-0.999996,0.000394975,-0.00263691,-0.999996,0.000394975,-0.00263691,-0.999996,0.000394975,-0.00263691,-0.999996,0.000394975,-0.00263691,-0.999996,0.000394975,-0.00263691,-0.999996,0.000394975,-0.00263691,-0.999996,0.000394975,-0.00263691,-0.999996,0.000394975,-0.00263691
58,0.999995,0.000394863,-0.00308663,0.999995,0.000394863,-0.00308663,0.999995,0.000394863,-0.00308663,0.999995,0.000394863,-0.00308663,0.999995,0.000394863,-0.00308663,0.999995,0.000394863,-0.00308663,0.999995,0.000394863,-0.00308663,0.999995,0.000394863,-0.00308663,0.999995,0.000394863,-0.00308663,0.999995,0.000394863,-0.00308663,0.999995,0.000394863,-0.00308663
59,0.000436993,0.999997,-0.00238745,0.000436993,0.999997,-0.00238745,0.000436993,0.999997,-0.00238745,0.000436993,0.999997,-0.00238745,0.000436993,0.999997,-0.00238745,0.000436993,0.999997,-0.00238745,0.000436993,0.999997,-0.00238745,0.000436993,0.999997,-0.00238745,0.000436993,0.999997,-0.00238745,0.000436993,0.999997,-0.00238745,0.000436993,0.999997,-0.00238745
60,-0.999995,-0.000437661,-0.00308499,-0.999995,-0.000437661,-0.00308499,-0.999995,-0.000437661,-0.00308499,-0.999995,-0.000437661,-0.00308499,-0.999995,-0.000437661,-0.00308499,-0.999995,-0.000437661,-0.00308499,-0.999995,-0.000437661,-0.00308499,-0.999995,-0.000437661,-0.00308499,-0.999995,-0.000437661,-0.00308499,-0.999995,-0.000437661,-0.00308499,-0.999995,-0.000437661,-0.00308499
61,-0.000394937,0.999995,-0.00308655,-0.000394937,0.999995,-0.00308655,-0.000394937,0.999995,-0.00308655,-0.000394937,0.999995,-0.00308655,-0.000394937,0.999995,-0.00308655,-0.000394937,0.999995,-0.00308655,-0.000394937,0.999995,-0.00308655,-0.000394937,0.999995,-0.00308655,-0.000394937,0.999995,-0.00308655,-0.000394937,0.999995,-0.00308655,-0.000394937,0.999995,-0.00308655
62,0,0.999997,-0.00263664,0,0.999997,-0.00263664,0,0.999997,-0.00263664,0,0.999997,-0.00263664,0,0.999997,-0.00263664,0,0.999997,-0.00263664,0,0.999997,-0.00263664,0,0.999997,-0.00263664,0,0.999997,-0.00263664,0,0.999997,-0.00263664,0,0.999997,-0.00263664
63,0.000394975,0.999996,-0.00263691,0.000394975,0.999996,-0.00263691,0.000394975,0.999996,-0.00263691,0.000394975,0.999996,-0.00263691,0.000394975,0.999996,-0.00263691,0.000394975,0.999996,-0.00263691,0.000394975,0.999996,-0.00263691,0.000394975,0.999996,-0.00263691,0.000394975,0.999996,-0.00263691,0.000394975,0.999996,-0.00263691,0.000394975,0.999996,-0.00263691
64,0.999997,-0.000437364,-0.00238722,0.999997,-0.000437364,-0.00238722,0.999997,-0.000437364,-0.00238722,0.999997,-0.000437364,-0.00238722,0.999997,-0.000437364,-0.00238722,0.999997,-0.000437364,-0.00238722,0.999997,-0.000437364,-0.00238722,0.999997,-0.000437364,-0.00238722,0.999997,-0.000437364,-0.00238722,0.999997,-0.000437364,-0.00238722,0.999997,-0.000437364,-0.00238722
65,-0.000437661,0.999995,-0.00308499,-0.000437661,0.999995,-0.00308499,-0.000437661,0.999995,-0.00308499,-0.000437661,0.999995,-0.00308499,-0.000437661,0.999995,-0.00308499,-0.000437661,0.999995,-0.00308499,-0.000437661,0.999995,-0.00308499,-0.000437661,0.999995,-0.00308499,-0.000437661,0.999995,-0.00308499,-0.000437661,0.999995,-0.00308499,-0.000437661,0.999995,-0.00308499
66,-0.000253423,-0.999999,-0.00104208,-0.000253423,-0.999999,-0.00104208,-0.000253423,-0.999999,-0.00104208,-0.000253423,-0.999999,-0.00104208,-0.000253423,-0.999999,-0.00104208,-0.000253423,-0.999999,-0.00104208,-0.000253423,-0.999999,-0.00104208,-0.000253423,-0.999999,-0.00104208,-0.000253423,-0.999999,-0.00104208,-0.000253423,-0.999999,-0.00104208,-0.000253423,-0.999999,-0.00104208
67,-0.999999,-0.00025347,-0.00100229,-0.999999,-0.00025347,-0.00100229,-0.999999,-0.00025347,-0.00100229,-0.999999,-0.00025347,-0.00100229,-0.999999,-0.00025347,-0.00100229,-0.999999,-0.00025347,-0.00100229,-0.999999,-0.00025347,-0.00100229,-0.999999,-0.00025347,-0.00100229,-0.999999,-0.00025347,-0.00100229,-0.999999,-0.00025347,-0.00100229,-0.999999,-0.00025347,-0.00100229
68,4.8495e-05,-0.999999,-0.00109174,4.8495e-05,-0.999999,-0.00109174,4.8495e-05,-0.999999,-0.00109174,4.8495e-05,-0.999999,-0.00109174,4.8495e-05,-0.999999,-0.00109174,4.8495e-05,-0.999999,-0.00109174,4.8495e-05,-0.999999,-0.00109174,4.8495e-05,-0.999999,-0.00109174,4.8495e-05,-0.999999,-0.00109174,4.8495e-05,-0.999999,-0.00109174,4.8495e-05,-0.999999,-0.00109174
69,0,-0.999999,-0.00109175,0,-0.999999,-0.00109175,0,-0.999999,-0.00109175,0,-0.999999,-0.00109175,0,-0.999999,-0.00109175,0,-0.999999,-0.00109175,0,-0.999999,-0.00109175,0,-0.999999,-0.00109175,0,-0.999999,-0.00109175,0,-0.999999,-0.00109175,0,-0.999999,-0.00109175
70,-4.84761e-05,-0.999999,-0.00104187,-4.84761e-05,-0.999999,-0.00104187,-4.84761e-05,-0.999999,-0.00104187,-4.84761e-05,-0.999999,-0.00104187,-4.84761e-05,-0.999999,-0.00104187,-4.84761e-05,-0.999999,-0.00104187,-4.84761e-05,-0.999999,-0.00104187,-4.84761e-05,-0.999999,-0.00104187,-4.84761e-05,-0.999999,-0.00104187,-4.84761e-05,-0.999999,-0.00104187,-4.84761e-05,-0.999999,-0.00104187
71,0.00025347,-0.999999,-0.00100214,0.00025347,-0.999999,-0.00100214,0.00025347,-0.999999,-0.00100214,0.00025347,-0.999999,-0.00100214,0.00025347,-0.999999,-0.00100214,0.00025347,-0.999999,-0.00100214,0.00025347,-0.999999,-0.00100214,0.00025347,-0.999999,-0.00100214,0.00025347,-0.999999,-0.00100214,0.00025347,-0.999999,-0.00100214,0.00025347,-0.999999,-0.00100214
72,0.999999,-0.000253349,-0.00104223,0.999999,-0.000253349,-0.00104223,0.999999,-0.000253349,-0.00104223,0.999999,-0.000253349,-0.00104223,0.999999,-0.000253349,-0.00104223,0.999999,-0.000253349,-0.00104223,0.999999,-0.000253349,-0.00104223,0.999999,-0.000253349,-0.00104223,0.999999,-0.000253349,-0.00104223,0.999999,-0.000253349,-0.00104223,0.999999,-0.000253349,-0.00104223
73,-0.999999,4.84761e-05,-0.00104202,-0.999999,4.84761e-05,-0.00104202,-0.999999,4.84761e-05,-0.00104202,-0.999999,4.84761e-05,-0.00104202,-0.999999,4.84761e-05,-0.00104202,-0.999999,4.84761e-05,-0.00104202,-0.999999,4.84761e-05,-0.00104202,-0.999999,4.84761e-05,-0.00104202,-0.999999,4.84761e-05,-0.00104202,-0.999999,4.84761e-05,-0.00104202,-0.999999,4.84761e-05,-0.00104202
74,0.999999,4.84208e-05,-0.00109166,0.999999,4.84208e-05,-0.00109166,0.999999,4.84208e-05,-0.00109166,0.999999,4.84208e-05,-0.00109166,0.999999,4.84208e-05,-0.00109166,0.999999,4.84208e-05,-0.00109166,0.999999,4.84208e-05,-0.00109166,0.999999,4.84208e-05,-0.00109166,0.999999,4.84208e-05,-0.00109166,0.999999,4.84208e-05,-0.00109166,0.999999,4.84208e-05,-0.00109166
75,-0.999999,-0,-0.0010919,-0.999999,-0,-0.0010919,-0.999999,-0,-0.0010919,-0.999999,-0,-0.0010919,-0.999999,-0,-0.0010919,-0.999999,-0,-0.0010919,-0.999999,-0,-0.0010919,-0.999999,-0,-0.0010919,-0.999999,-0,-0.0010919,-0.999999,-0,-0.0010919,-0.999999,-0,-0.0010919
76,0.999999,0,-0.00109168,0.999999,0,-0.00109168,0.999999,0,-0.00109168,0.999999,0,-0.00109168,0.999999,0,-0.00109168,0.999999,0,-0.00109168,0.999999,0,-0.00109168,0.999999,0,-0.00109168,0.999999,0,-0.00109168,0.999999,0,-0.00109168,0.999999,0,-0.00109168
77,-0.999999,-4.84951e-05,-0.00109189,-0.999999,-4.84951e-05,-0.00109189,-0.999999,-4.84951e-05,-0.00109189,-0.999999,-4.84951e-05,-0.00109189,-0.999999,-4.84951e-05,-0.00109189,-0.999999,-4.84951e-05,-0.00109189,-0.999999,-4.84951e-05,-0.00109189,-0.999999,-4.84951e-05,-0.00109189,-0.999999,-4.84951e-05,-0.00109189,-0.999999,-4.84951e-05,-0.00109189,-0.999999,-4.84951e-05,-0.00109189
78,0.999999,-4.84019e-05,-0.00104202,0.999999,-4.84019e-05,-0.00104202,0.999999,-4.84019e-05,-0.00104202,0.999999,-4.84019e-05,-0.00104202,0.999999,-4.84019e-05,-0.00104202,0.999999,-4.84019e-05,-0.00104202,0.999999,-4.84019e-05,-0.00104202,0.999999,-4.84019e-05,-0.00104202,0.999999,-4.84019e-05,-0.00104202,0.999999,-4.84019e-05,-0.00104202,0.999999,-4.84019e-05,-0.00104202
79,-0.00025347,0.999999,-0.00100229,-0.00025347,0.999999,-0.00100229,-0.00025347,0.999999,-0.00100229,-0.00025347,0.999999,-0.00100229,-0.00025347,0.999999,-0.00100229,-0.00025347,0.999999,-0.00100229,-0.00025347,0.999999,-0.00100229,-0.00025347,0.999999,-0.00100229,-0.00025347,0.999999,-0.00100229,-0.00025347,0.999999,-0.00100229,-0.00025347,0.999999,-0.00100229
80,-0.999999,0.000253423,-0.00104223,-0.999999,0.000253423,-0.00104223,-0.999999,0.000253423,-0.00104223,-0.999999,0.000253423,-0.00104223,-0.999999,0.000253423,-0.00104223,-0.999999,0.000253423,-0.00104223,-0.999999,0.000253423,-0.00104223,-0.999999,0.000253423,-0.00104223,-0.999999,0.000253423,-0.00104223,-0.999999,0.000253423,-0.00104223,-0.999999,0.000253423,-0.00104223
81,4.84761e-05,0.999999,-0.00104202,4.84761e-05,0.999999,-0.00104202,4.84761e-05,0.999999,-0.00104202,4.84761e-05,0.999999,-0.00104202,4.84761e-05,0.999999,-0.00104202,4.84761e-05,0.999999,-0.00104202,4.84761e-05,0.999999,-0.00104202,4.84761e-05,0.999999,-0.00104202,4.84761e-05,0.999999,-0.00104202,4.84761e-05,0.999999,-0.00104202,4.84761e-05,0.999999,-0.00104202
82,0,0.999999,-0.0010919,0,0.999999,-0.0010919,0,0.999999,-0.0010919,0,0.999999,-0.0010919,0,0.999999,-0.0010919,0,0.999999,-0.0010919,0,0.999999,-0.0010919,0,0.999999,-0.0010919,0,0.999999,-0.0010919,0,0.999999,-0.0010919,0,0.999999,-0.0010919
83,-4.84951e-05,0.999999,-0.00109189,-4.84951e-05,0.999999,-0.00109189,-4.84951e-05,0.999999,-0.00109189,-4.84951e-05,0.999999,-0.00109189,-4.84951e-05,0.999999,-0.00109189,-4.84951e-05,0.999999,-0.00109189,-4.84951e-05,0.999999,-0.00109189,-4.84951e-05,0.999999,-0.00109189,-4.84951e-05,0.999999,-0.00109189,-4.84951e-05,0.999999,-0.00109189,-4.84951e-05,0.999999,-0.00109189
84,0.999999,0.000253396,-0.00100214,0.999999,0.000253396,-0.00100214,0.999999,0.000253396,-0.00100214,0.999999,0.000253396,-0.00100214,0.999999,0.000253396,-0.00100214,0.999999,0.000253396,-0.00100214,0.999999,0.000253396,-0.00100214,0.999999,0.000253396,-0.00100214,0.999999,0.000253396,-0.00100214,0.999999,0.000253396,-0.00100214,0.999999,0.000253396,-0.00100214
85,0.000253423,0.999999,-0.00104223,0.000253423,0.999999,-0.00104223,0.000253423,0.999999,-0.00104223,0.000253423,0.999999,-0.00104223,0.000253423,0.999999,-0.00104223,0.000253423,0.999999,-0.00104223,0.000253423,0.999999,-0.00104223,0.000253423,0.999999,-0.00104223,0.000253423,0.999999,-0.00104223,0.000253423,0.999999,-0.00104223,0.000253423,0.999999,-0.00104223
86,-0.000293412,-1,-0.000365757,-0.000293412,-1,-0.000365757,-0.000293412,-1,-0.000365757,-0.000293412,-1,-0.000365757,-0.000293412,-1,-0.000365757,-0.000293412,-1,-0.000365757,-0.000293412,-1,-0.000365757,-0.000293412,-1,-0.000365757,-0.000293412,-1,-0.000365757,-0.000293412,-1,-0.000365757,-0.000293412,-1,-0.000365757
87,-1,-0.000293294,-0.000503233,-1,-0.000293294,-0.000503233,-1,-0.000293294,-0.000503233,-1,-0.000293294,-0.000503233,-1,-0.000293294,-0.000503233,-1,-0.000293294,-0.000503233,-1,-0.000293294,-0.000503233,-1,-0.000293294,-0.000503233,-1,-0.000293294,-0.000503233,-1,-0.000293294,-0.000503233,-1,-0.000293294,-0.000503233
88,-9.96668e-07,-1,-0.000413694,-9.96668e-07,-1,-0.000413694,-9.96668e-07,-1,-0.000413694,-9.96668e-07,-1,-0.000413694,-9.96668e-07,-1,-0.000413694,-9.96668e-07,-1,-0.000413694,-9.96668e-07,-1,-0.000413694,-9.96668e-07,-1,-0.000413694,-9.96668e-07,-1,-0.000413694,-9.96668e-07,-1,-0.000413694,-9.96668e-07,-1,-0.000413694
89,0,-1,-0.000413693,0,-1,-0.000413693,0,-1,-0.000413693,0,-1,-0.000413693,0,-1,-0.000413693,0,-1,-0.000413693,0,-1,-0.000413693,0,-1,-0.000413693,0,-1,-0.000413693,0,-1,-0.000413693,0,-1,-0.000413693
90,1.01872e-06,-1,-0.000365672,1.01872e-06,-1,-0.000365672,1.01872e-06,-1,-0.000365672,1.01872e-06,-1,-0.000365672,1.01872e-06,-1,-0.000365672,1.01872e-06,-1,-0.000365672,1.01872e-06,-1,-0.000365672,1.01872e-06,-1,-0.000365672,1.01872e-06,-1,-0.000365672,1.01872e-06,-1,-0.000365672,1.01872e-06,-1,-0.000365672
91,0.000293294,-1,-0.000503383,0.000293294,-1,-0.000503383,0.000293294,-1,-0.000503383,0.000293294,-1,-0.000503383,0.000293294,-1,-0.000503383,0.000293294,-1,-0.000503383,0.000293294,-1,-0.000503383,0.000293294,-1,-0.000503383,0.000293294,-1,-0.000503383,0.000293294,-1,-0.000503383,0.000293294,-1,-0.000503383
92,1,-0.000293487,-0.000365682,1,-0.000293487,-0.000365682,1,-0.000293487,-0.000365682,1,-0.000293487,-0.000365682,1,-0.000293487,-0.000365682,1,-0.000293487,-0.000365682,1,-0.000293487,-0.000365682,1,-0.000293487,-0.000365682,1,-0.000293487,-0.000365682,1,-0.000293487,-0.000365682,1,-0.000293487,-0.000365682
93,-1,-1.01886e-06,-0.000365371,-1,-1.01886e-06,-0.000365371,-1,-1.01886e-06,-0.000365371,-1,-1.01886e-06,-0.000365371,-1,-1.01886e-06,-0.000365371,-1,-1.01886e-06,-0.000365371,-1,-1.01886e-06,-0.000365371,-1,-1.01886e-06,-0.000365371,-1,-1.01886e-06,-0.000365371,-1,-1.01886e-06,-0.000365371,-1,-1.01886e-06,-0.000365371
94,1,-8.48302e-07,-0.000413769,1,-8.48302e-07,-0.000413769,1,-8.48302e-07,-0.000413769,1,-8.48302e-07,-0.000413769,1,-8.48302e-07,-0.000413769,1,-8.48302e-07,-0.000413769,1,-8.48302e-07,-0.000413769,1,-8.48302e-07,-0.000413769,1,-8.48302e-07,-0.000413769,1,-8.48302e-07,-0.000413769,1,-8.48302e-07,-0.000413769
95,-1,-0,-0.000413543,-1,-0,-0.000413543,-1,-0,-0.000413543,-1,-0,-0.000413543,-1,-0,-0.000413543,-1,-0,-0.000413543,-1,-0,-0.000413543,-1,-0,-0.000413543,-1,-0,-0.000413543,-1,-0,-0.000413543,-1,-0,-0.000413543
96,1,0,-0.000413769,1,0,-0.000413769,1,0,-0.000413769,1,0,-0.000413769,1,0,-0.000413769,1,0,-0.000413769,1,0,-0.000413769,1,0,-0.000413769,1,0,-0.000413769,1,0,-0.000413769,1,0,-0.000413769
97,-1,9.96737e-07,-0.000413543,-1,9.96737e-07,-0.000413543,-1,9.96737e-07,-0.000413543,-1,9.96737e-07,-0.000413543,-1,9.96737e-07,-0.000413543,-1,9.96737e-07,-0.000413543,-1,9.96737e-07,-0.000413543,-1,9.96737e-07,-0.000413543,-1,9.96737e-07,-0.000413543,-1,9.96737e-07,-0.000413543,-1,9.96737e-07,-0.000413543
98,1,8.70424e-07,-0.000365596,1,8.70424e-07,-0.000365596,1,8.70424e-07,-0.000365596,1,8.70424e-07,-0.000365596,1,8.70424e-07,-0.000365596,1,8.70424e-07,-0.000365596,1,8.70424e-07,-0.000365596,1,8.70424e-07,-0.000365596,1,8.70424e-07,-0.000365596,1,8.70424e-07,-0.000365596,1,8.70424e-07,-0.000365596
99,-0.000293294,1,-0.000503233,-0.000293294,1,-0.000503233,-0.000293294,1,-0.000503233,-0.000293294,1,-0.000503233,-0.000293294,1,-0.000503233,-0.000293294,1,-0.000503233,-0.000293294,1,-0.000503233,-0.000293294,1,-0.000503233,-0.000293294,1,-0.000503233,-0.000293294,1,-0.000503233,-0.000293294,1,-0.000503233
100,-1,0.000293413,-0.000365456,-1,0.000293413,-0.000365456,-1,0.000293413,-0.000365456,-1,0.000293413,-0.000365456,-1,0.000293413,-0.000365456,-1,0.000293413,-0.000365456,-1,0.000293413,-0.000365456,-1,0.000293413,-0.000365456,-1,0.000293413,-0.000365456,-1,0.000293413,-0.000365456,-1,0.000293413,-0.000365456
101,-1.01886e-06,1,-0.000365371,-1.01886e-06,1,-0.000365371,-1.01886e-06,1,-0.000365371,-1.01886e-06,1,-0.000365371,-1.01886e-06,1,-0.000365371,-1.01886e-06,1,-0.000365371,-1.01886e-06,1,-0.000365371,-1.01886e-06,1,-0.000365371,-1.01886e-06,1,-0.000365371,-1.01886e-06,1,-0.000365371,-1.01886e-06,1,-0.000365371
102,0,1,-0.000413543,0,1,-0.000413543,0,1,-0.000413543,0,1,-0.000413543,0,1,-0.000413543,0,1,-0.000413543,0,1,-0.000413543,0,1,-0.000413543,0,1,-0.000413543,0,1,-0.000413543,0,1,-0.000413543
103,9.96737e-07,1,-0.000413543,9.96737e-07,1,-0.000413543,9.96737e-07,1,-0.000413543,9.96737e-07,1,-0.000413543,9.96737e-07,1,-0.000413543,9.96737e-07,1,-0.000413543,9.96737e-07,1,-0.000413543,9.96737e-07,1,-0.000413543,9.96737e-07,1,-0.000413543,9.96737e-07,1,-0.000413543,9.96737e-07,1,-0.000413543
104,1,0.000293368,-0.000503308,1,0.000293368,-0.000503308,1,0.000293368,-0.000503308,1,0.000293368,-0.000503308,1,0.000293368,-0.000503308,1,0.000293368,-0.000503308,1,0.000293368,-0.000503308,1,0.000293368,-0.000503308,1,0.000293368,-0.000503308,1,0.000293368,-0.000503308,1,0.000293368,-0.000503308
105,0.000293413,1,-0.000365456,0.000293413,1,-0.000365456,0.000293413,1,-0.000365456,0.000293413,1,-0.000365456,0.000293413,1,-0.000365456,0.000293413,1,-0.000365456,0.000293413,1,-0.000365456,0.000293413,1,-0.000365456,0.000293413,1,-0.000365456,0.000293413,1,-0.000365456,0.000293413,1,-0.000365456
106,-0.000157819,-1,-0.000224314,-0.000157819,-1,-0.000224314,-0.000157819,-1,-0.000224314,-0.000157819,-1,-0.000224314,-0.000157819,-1,-0.000224314,-0.000157819,-1,-0.000224314,-0.000157819,-1,-0.000224314,-0.000157819,-1,-0.000224314,-0.000157819,-1,-0.000224314,-0.000157819,-1,-0.000224314,-0.000157819,-1,-0.000224314
107,-1,-0.000157601,-0.000338982,-1,-0.000157601,-0.000338982,-1,-0.000157601,-0.000338982,-1,-0.000157601,-0.000338982,-1,-0.000157601,-0.000338982,-1,-0.000157601,-0.000338982,-1,-0.000157601,-0.000338982,-1,-0.000157601,-0.000338982,-1,-0.000157601,-0.000338982,-1,-0.000157601,-0.000338982,-1,-0.000157601,-0.000338982
108,-0.000476066,-0.000491171,1,-0.000476066,-0.000491171,1,-0.000476066,-0.000491171,1,-0.000476066,-0.000491171,1,-0.000476066,-0.000491171,1,-0.000476066,-0.000491171,1,-0.000476066,-0.000491171,1,-0.000476066,-0.000491171,1,-0.000476066,-0.000491171,1,-0.000476066,-0.000491171,1,-0.000476066,-0.000491171,1
109,-4.84337e-05,-1,-0.000147828,-4.84337e-05,-1,-0.000147828,-4.84337e-05,-1,-0.000147828,-4.84337e-05,-1,-0.000147828,-4.84337e-05,-1,-0.000147828,-4.84337e-05,-1,-0.000147828,-4.84337e-05,-1,-0.000147828,-4.84337e-05,-1,-0.000147828,-4.84337e-05,-1,-0.000147828,-4.84337e-05,-1,-0.000147828,-4.84337e-05,-1,-0.000147828
110,-0.000341925,-0.000503927,1,-0.000341925,-0.000503927,1,-0.000341925,-0.000503927,1,-0.000341925,-0.000503927,1,-0.000341925,-0.000503927,1,-0.000341925,-0.000503927,1,-0.000341925,-0.000503927,1,-0.000341925,-0.000503927,1,-0.000341925,-0.000503927,1,-0.000341925,-0.000503927,1,-0.000341925,-0.000503927,1
111,0,-1,-0.000147824,0,-1,-0.000147824,0,-1,-0.000147824,0,-1,-0.000147824,0,-1,-0.000147824,0,-1,-0.000147824,0,-1,-0.000147824,0,-1,-0.000147824,0,-1,-0.000147824,0,-1,-0.000147824,0,-1,-0.000147824
112,0,-0.000503924,1,0,-0.000503924,1,0,-0.000503924,1,0,-0.000503924,1,0,-0.000503924,1,0,-0.000503924,1,0,-0.000503924,1,0,-0.000503924,1,0,-0.000503924,1,0,-0.000503924,1,0,-0.000503924,1
113,4.84019e-05,-1,-0.000224289,4.84019e-05,-1,-0.000224289,4.84019e-05,-1,-0.000224289,4.84019e-05,-1,-0.000224289,4.84019e-05,-1,-0.000224289,4.84019e-05,-1,-0.000224289,4.84019e-05,-1,-0.000224289,4.84019e-05,-1,-0.000224289,4.84019e-05,-1,-0.000224289,4.84019e-05,-1,-0.000224289,4.84019e-05,-1,-0.000224289
114,0.000341925,-0.000491168,1,0.000341925,-0.000491168,1,0.000341925,-0.000491168,1,0.000341925,-0.000491168,1,0.000341925,-0.000491168,1,0.000341925,-0.000491168,1,0.000341925,-0.000491168,1,0.000341925,-0.000491168,1,0.000341925,-0.000491168,1,0.000341925,-0.000491168,1,0.000341925,-0.000491168,1
115,0.000157749,-1,-0.000338832,0.000157749,-1,-0.000338832,0.000157749,-1,-0.000338832,0.000157749,-1,-0.000338832,0.000157749,-1,-0.000338832,0.000157749,-1,-0.000338832,0.000157749,-1,-0.000338832,0.000157749,-1,-0.000338832,0.000157749,-1,-0.000338832,0.000157749,-1,-0.000338832,0.000157749,-1,-0.000338832
116,1,-0.000157893,-0.00022439,1,-0.000157893,-0.00022439,1,-0.000157893,-0.00022439,1,-0.000157893,-0.00022439,1,-0.000157893,-0.00022439,1,-0.000157893,-0.00022439,1,-0.000157893,-0.00022439,1,-0.000157893,-0.00022439,1,-0.000157893,-0.00022439,1,-0.000157893,-0.00022439,1,-0.000157893,-0.00022439
117,0.000476066,-0.000476066,1,0.000476066,-0.000476066,1,0.000476066,-0.000476066,1,0.000476066,-0.000476066,1,0.000476066,-0.000476066,1,0.000476066,-0.000476066,1,0.000476066,-0.000476066,1,0.000476066,-0.000476066,1,0.000476066,-0.000476066,1,0.000476066,-0.000476066,1,0.000476066,-0.000476066,1
118,-1,-4.85501e-05,-0.00022459,-1,-4.85501e-05,-0.00022459,-1,-4.85501e-05,-0.00022459,-1,-4.85501e-05,-0.00022459,-1,-4.85501e-05,-0.00022459,-1,-4.85501e-05,-0.00022459,-1,-4.85501e-05,-0.00022459,-1,-4.85501e-05,-0.00022459,-1,-4.85501e-05,-0.00022459,-1,-4.85501e-05,-0.00022459,-1,-4.85501e-05,-0.00022459
119,-0.000491168,-0.000354682,1,-0.000491168,-0.000354682,1,-0.000491168,-0.000354682,1,-0.000491168,-0.000354682,1,-0.000491168,-0.000354682,1,-0.000491168,-0.000354682,1,-0.000491168,-0.000354682,1,-0.000491168,-0.000354682,1,-0.000491168,-0.000354682,1,-0.000491168,-0.000354682,1,-0.000491168,-0.000354682,1
120,-0.000354683,-0.000327403,1,-0.000354683,-0.000327403,1,-0.000354683,-0.000327403,1,-0.000354683,-0.000327403,1,-0.000354683,-0.000327403,1,-0.000354683,-0.000327403,1,-0.000354683,-0.000327403,1,-0.000354683,-0.000327403,1,-0.000354683,-0.000327403,1,-0.000354683,-0.000327403,1,-0.000354683,-0.000327403,1
121,0,-0.000327403,1,0,-0.000327403,1,0,-0.000327403,1,0,-0.000327403,1,0,-0.000327403,1,0,-0.000327403,1,0,-0.000327403,1,0,-0.000327403,1,0,-0.000327403,1,0,-0.000327403,1,0,-0.000327403,1
122,0.000354683,-0.000354683,1,0.000354683,-0.000354683,1,0.000354683,-0.000354683,1,0.000354683,-0.000354683,1,0.000354683,-0.000354683,1,0.000354683,-0.000354683,1,0.000354683,-0.000354683,1,0.000354683,-0.000354683,1,0.000354683,-0.000354683,1,0.000354683,-0.000354683,1,0.000354683,-0.000354683,1
123,1,-4.84337e-05,-0.000147828,1,-4.84337e-05,-0.000147828,1,-4.84337e-05,-0.000147828,1,-4.84337e-05,-0.000147828,1,-4.84337e-05,-0.000147828,1,-4.84337e-05,-0.000147828,1,-4.84337e-05,-0.000147828,1,-4.84337e-05,-0.000147828,1,-4.84337e-05,-0.000147828,1,-4.84337e-05,-0.000147828,1,-4.84337e-05,-0.000147828
124,0.000491168,-0.000341926,1,0.000491168,-0.000341926,1,0.000491168,-0.000341926,1,0.000491168,-0.000341926,1,0.000491168,-0.000341926,1,0.000491168,-0.000341926,1,0.000491168,-0.000341926,1,0.000491168,-0.000341926,1,0.000491168,-0.000341926,1,0.000491168,-0.000341926,1,0.000491168,-0.000341926,1
125,-1,-0,-0.000147523,-1,-0,-0.000147523,-1,-0,-0.000147523,-1,-0,-0.000147523,-1,-0,-0.000147523,-1,-0,-0.000147523,-1,-0,-0.000147523,-1,-0,-0.000147523,-1,-0,-0.000147523,-1,-0,-0.000147523,-1,-0,-0.000147523
126,-0.000503924,0,1,-0.000503924,0,1,-0.000503924,0,1,-0.000503924,0,1,-0.000503924,0,1,-0.000503924,0,1,-0.000503924,0,1,-0.000503924,0,1,-0.000503924,0,1,-0.000503924,0,1,-0.000503924,0,1
127,-0.000327403,0,1,-0.000327403,0,1,-0.000327403,0,1,-0.000327403,0,1,-0.000327403,0,1,-0.000327403,0,1,-0.000327403,0,1,-0.000327403,0,1,-0.000327403,0,1,-0.000327403,0,1,-0.000327403,0,1
128,0,0,1,0,0,1,0,0,1,0,0,1,0,0,1,0,0,1,0,0,1,0,0,1,0,0,1,0,0,1,0,0,1
129,0.000327403,0,1,0.000327403,0,1,0.000327403,0,1,0.000327403,0,1,0.000327403,0,1,0.000327403,0,1,0.000327403,0,1,0.000327403,0,1,0.000327403,0,1,0.000327403,0,1,0.000327403,0,1
130,1,0,-0.000147824,1,0,-0.000147824,1,0,-0.000147824,1,0,-0.000147824,1,0,-0.000147824,1,0,-0.000147824,1,0,-0.000147824,1,0,-0.000147824,1,0,-0.000147824,1,0,-0.000147824,1,0,-0.000147824
131,0.000503924,0,1,0.000503924,0,1,0.000503924,0,1,0.000503924,0,1,0.000503924,0,1,0.000503924,0,1,0.000503924,0,1,0.000503924,0,1,0.000503924,0,1,0.000503924,0,1,0.000503924,0,1
132,-1,4.85821e-05,-0.000147527,-1,4.85821e-05,-0.000147527,-1,4.85821e-05,-0.000147527,-1,4.85821e-05,-0.000147527,-1,4.85821e-05,-0.000147527,-1,4.85821e-05,-0.000147527,-1,4.85821e-05,-0.000147527,-1,4.85821e-05,-0.000147527,-1,4.85821e-05,-0.000147527,-1,4.85821e-05,-0.000147527,-1,4.85821e-05,-0.000147527
133,-0.000503927,0.000354682,1,-0.000503927,0.000354682,1,-0.000503927,0.000354682,1,-0.000503927,0.000354682,1,-0.000503927,0.000354682,1,-0.000503927,0.000354682,1,-0.000503927,0.000354682,1,-0.000503927,0.000354682,1,-0.000503927,0.000354682,1,-0.000503927,0.000354682,1,-0.000503927,0.000354682,1
134,-0.000327403,0.000327403,1,-0.000327403,0.000327403,1,-0.000327403,0.000327403,1,-0.000327403,0.000327403,1,-0.000327403,0.000327403,1,-0.000327403,0.000327403,1,-0.000327403,0.000327403,1,-0.000327403,0.000327403,1,-0.000327403,0.000327403,1,-0.000327403,0.000327403,1,-0.000327403,0.000327403,1
135,-0,0.000327403,1,-0,0.000327403,1,-0,0.000327403,1,-0,0.000327403,1,-0,0.000327403,1,-0,0.000327403,1,-0,0.000327403,1,-0,0.000327403,1,-0,0.000327403,1,-0,0.000327403,1,-0,0.000327403,1
136,0.000327403,0.000354683,1,0.000327403,0.000354683,1,0.000327403,0.000354683,1,0.000327403,0.000354683,1,0.000327403,0.000354683,1,0.000327403,0.000354683,1,0.000327403,0.000354683,1,0.000327403,0.000354683,1,0.000327403,0.000354683,1,0.000327403,0.000354683,1,0.000327403,0.000354683,1
137,1,4.84018e-05,-0.000224364,1,4.84018e-05,-0.000224364,1,4.84018e-05,-0.000224364,1,4.84018e-05,-0.000224364,1,4.84018e-05,-0.000224364,1,4.84018e-05,-0.000224364,1,4.84018e-05,-0.000224364,1,4.84018e-05,-0.000224364,1,4.84018e-05,-0.000224364,1,4.84018e-05,-0.000224364,1,4.84018e-05,-0.000224364
138,0.000503927,0.000341925,1,0.000503927,0.000341925,1,0.000503927,0.000341925,1,0.000503927,0.000341925,1,0.000503927,0.000341925,1,0.000503927,0.000341925,1,0.000503927,0.000341925,1,0.000503927,0.000341925,1,0.000503927,0.000341925,1,0.000503927,0.000341925,1,0.000503927,0.000341925,1
139,-0.000157601,1,-0.000338982,-0.000157601,1,-0.000338982,-0.000157601,1,-0.000338982,-0.000157601,1,-0.000338982,-0.000157601,1,-0.000338982,-0.000157601,1,-0.000338982,-0.000157601,1,-0.000338982,-0.000157601,1,-0.000338982,-0.000157601,1,-0.000338982,-0.000157601,1,-0.000338982,-0.000157601,1,-0.000338982
140,-1,0.000157671,-0.000224615,-1,0.000157671,-0.000224615,-1,0.000157671,-0.000224615,-1,0.000157671,-0.000224615,-1,0.000157671,-0.000224615,-1,0.000157671,-0.000224615,-1,0.000157671,-0.000224615,-1,0.000157671,-0.000224615,-1,0.000157671,-0.000224615,-1,0.000157671,-0.000224615,-1,0.000157671,-0.000224615
141,-0.000491171,0.000491171,1,-0.000491171,0.000491171,1,-0.000491171,0.000491171,1,-0.000491171,0.000491171,1,-0.000491171,0.000491171,1,-0.000491171,0.000491171,1,-0.000491171,0.000491171,1,-0.000491171,0.000491171,1,-0.000491171,0.000491171,1,-0.000491171,0.000491171,1,-0.000491171,0.000491171,1
142,-4.85501e-05,1,-0.00022459,-4.85501e-05,1,-0.00022459,-4.85501e-05,1,-0.00022459,-4.85501e-05,1,-0.00022459,-4.85501e-05,1,-0.00022459,-4.85501e-05,1,-0.00022459,-4.85501e-05,1,-0.00022459,-4.85501e-05,1,-0.00022459,-4.85501e-05,1,-0.00022459,-4.85501e-05,1,-0.00022459,-4.85501e-05,1,-0.00022459
143,-0.000354682,0.000503927,1,-0.000354682,0.000503927,1,-0.000354682,0.000503927,1,-0.000354682,0.000503927,1,-0.000354682,0.000503927,1,-0.000354682,0.000503927,1,-0.000354682,0.000503927,1,-0.000354682,0.000503927,1,-0.000354682,0.000503927,1,-0.000354682,0.000503927,1,-0.000354682,0.000503927,1
144,0,1,-0.000147523,0,1,-0.000147523,0,1,-0.000147523,0,1,-0.000147523,0,1,-0.000147523,0,1,-0.000147523,0,1,-0.000147523,0,1,-0.000147523,0,1,-0.000147523,0,1,-0.000147523,0,1,-0.000147523
145,-0,0.000503925,1,-0,0.000503925,1,-0,0.000503925,1,-0,0.000503925,1,-0,0.000503925,1,-0,0.000503925,1,-0,0.000503925,1,-0,0.000503925,1,-0,0.000503925,1,-0,0.000503925,1,-0,0.000503925,1
146,4.85821e-05,1,-0.000147527,4.85821e-05,1,-0.000147527,4.85821e-05,1,-0.000147527,4.85821e-05,1,-0.000147527,4.85821e-05,1,-0.000147527,4.85821e-05,1,-0.000147527,4.85821e-05,1,-0.000147527,4.85821e-05,1,-0.000147527,4.85821e-05,1,-0.000147527,4.85821e-05,1,-0.000147527,4.85821e-05,1,-0.000147527
147,0.000354682,0.000491168,1,0.000354682,0.000491168,1,0.000354682,0.000491168,1,0.000354682,0.000491168,1,0.000354682,0.000491168,1,0.000354682,0.000491168,1,0.000354682,0.000491168,1,0.000354682,0.000491168,1,0.000354682,0.000491168,1,0.000354682,0.000491168,1,0.000354682,0.000491168,1
148,1,0.000157823,-0.000338907,1,0.000157823,-0.000338907,1,0.000157823,-0.000338907,1,0.000157823,-0.000338907,1,0.000157823,-0.000338907,1,0.000157823,-0.000338907,1,0.000157823,-0.000338907,1,0.000157823,-0.000338907,1,0.000157823,-0.000338907,1,0.000157823,-0.000338907,1,0.000157823,-0.000338907
149,0.000157671,1,-0.000224615,0.000157671,1,-0.000224615,0.000157671,1,-0.000224615,0.000157671,1,-0.000224615,0.000157671,1,-0.000224615,0.000157671,1,-0.000224615,0.000157671,1,-0.000224615,0.000157671,1,-0.000224615,0.000157671,1,-0.000224615,0.000157671,1,-0.000224615,0.000157671,1,-0.000224615
150,0.000491171,0.000476066,1,0.000491171,0.000476066,1,0.000491171,0.000476066,1,0.000491171,0.000476066,1,0.000491171,0.000476066,1,0.000491171,0.000476066,1,0.000491171,0.000476066,1,0.000491171,0.000476066,1,0.000491171,0.000476066,1,0.000491171,0.000476066,1,0.000491171,0.000476066,1
