1,0.008,0.00799082,0.00798055,0.0079691,0.0079564,0.00794235,0.00792682,0.00790971,0.00789084,0.00787006,0.00784717
2,0.008,0.00799226,0.00798377,0.00797446,0.00796429,0.00795317,0.00794105,0.00792783,0.00791343,0.00789772,0.00788058
3,0.008,0.0079921,0.0079835,0.00797415,0.007964,0.00795299,0.00794106,0.00792813,0.00791412,0.00789893,0.00788246
4,0.008,0.00799226,0.00798377,0.00797446,0.00796429,0.00795317,0.00794105,0.00792784,0.00791343,0.00789772,0.00788058
5,0.008,0.00799082,0.00798054,0.0079691,0.0079564,0.00794234,0.00792682,0.0079097,0.00789084,0.00787006,0.00784716
6,0.008,0.00799226,0.00798377,0.00797446,0.00796429,0.00795318,0.00794105,0.00792784,0.00791343,0.00789772,0.00788058
7,0.008,0.00799375,0.00798706,0.00797992,0.00797229,0.00796412,0.00795538,0.00794602,0.00793599,0.00792523,0.00791367
8,0.008,0.0079935,0.00798663,0.00797939,0.00797173,0.00796363,0.00795505,0.00794596,0.00793632,0.00792607,0.00791517
9,0.008,0.00799375,0.00798706,0.00797992,0.00797229,0.00796412,0.00795538,0.00794602,0.00793599,0.00792523,0.00791367
10,0.008,0.00799226,0.00798377,0.00797446,0.00796428,0.00795317,0.00794105,0.00792783,0.00791343,0.00789772,0.00788058
11,0.008,0.0079921,0.0079835,0.00797415,0.007964,0.00795299,0.00794106,0.00792813,0.00791412,0.00789893,0.00788246
12,0.008,0.0079935,0.00798663,0.00797939,0.00797173,0.00796363,0.00795505,0.00794596,0.00793632,0.00792607,0.00791518
13,0.008,0.0079933,0.00798632,0.00797904,0.00797143,0.00796348,0.00795515,0.00794641,0.00793725,0.00792761,0.00791747
14,0.008,0.0079935,0.00798663,0.00797939,0.00797173,0.00796363,0.00795505,0.00794597,0.00793632,0.00792607,0.00791518
15,0.008,0.0079921,0.0079835,0.00797415,0.007964,0.00795299,0.00794106,0.00792813,0.00791412,0.00789893,0.00788246
16,0.008,0.00799226,0.00798377,0.00797446,0.00796429,0.00795318,0.00794105,0.00792784,0.00791343,0.00789772,0.00788058
17,0.008,0.00799375,0.00798706,0.00797992,0.00797229,0.00796412,0.00795538,0.00794602,0.00793599,0.00792523,0.00791367
18,0.008,0.0079935,0.00798663,0.00797939,0.00797173,0.00796363,0.00795506,0.00794597,0.00793632,0.00792608,0.00791518
19,0.008,0.00799375,0.00798707,0.00797993,0.00797229,0.00796412,0.00795538,0.00794602,0.00793599,0.00792523,0.00791367
20,0.008,0.00799226,0.00798377,0.00797446,0.00796429,0.00795317,0.00794105,0.00792784,0.00791343,0.00789772,0.00788058
21,0.008,0.00799081,0.00798054,0.0079691,0.0079564,0.00794234,0.00792682,0.0079097,0.00789084,0.00787006,0.00784716
22,0.008,0.00799226,0.00798376,0.00797446,0.00796428,0.00795317,0.00794105,0.00792783,0.00791342,0.00789772,0.00788058
23,0.008,0.0079921,0.0079835,0.00797415,0.007964,0.00795299,0.00794105,0.00792812,0.00791411,0.00789893,0.00788245
24,0.008,0.00799226,0.00798376,0.00797446,0.00796428,0.00795317,0.00794105,0.00792783,0.00791343,0.00789772,0.00788058
25,0.008,0.00799081,0.00798054,0.0079691,0.0079564,0.00794234,0.00792682,0.0079097,0.00789084,0.00787006,0.00784716
26,0.008,0.00799549,0.0079892,0.00798099,0.0079707,0.00795815,0.00794314,0.00792542,0.00790471,0.00788066,0.00785287
27,0.008,0.00799472,0.00798777,0.00797902,0.00796832,0.00795549,0.00794033,0.0079226,0.00790203,0.00787828,0.00785098
28,0.008,0.0079949,0.00798822,0.0079798,0.00796951,0.00795717,0.00794259,0.00792554,0.00790576,0.00788292,0.00785664
29,0.008,0.00799472,0.00798777,0.00797902,0.00796832,0.00795549,0.00794033,0.0079226,0.00790203,0.00787828,0.00785098
30,0.008,0.00799549,0.0079892,0.00798098,0.0079707,0.00795815,0.00794313,0.00792542,0.0079047,0.00788066,0.00785287
31,0.008,0.00799472,0.00798777,0.00797902,0.00796832,0.0079555,0.00794033,0.0079226,0.00790203,0.00787828,0.00785098
32,0.008,0.00799393,0.00798631,0.00797703,0.00796592,0.00795283,0.00793754,0.00791985,0.00789948,0.00787613,0.00784942
33,0.008,0.00799405,0.00798663,0.00797762,0.00796687,0.00795422,0.00793947,0.00792241,0.00790279,0.00788031,0.00785461
34,0.008,0.00799393,0.00798631,0.00797703,0.00796593,0.00795283,0.00793754,0.00791985,0.00789948,0.00787613,0.00784942
35,0.008,0.00799472,0.00798777,0.00797902,0.00796832,0.00795549,0.00794033,0.0079226,0.00790203,0.00787828,0.00785098
36,0.008,0.00799491,0.00798822,0.0079798,0.00796951,0.00795718,0.00794259,0.00792554,0.00790576,0.00788292,0.00785664
37,0.008,0.00799405,0.00798663,0.00797762,0.00796687,0.00795422,0.00793947,0.00792241,0.00790279,0.00788031,0.00785462
38,0.008,0.0079942,0.007987,0.00797829,0.00796792,0.00795573,0.00794154,0.00792513,0.00790628,0.00788468,0.00786001
39,0.008,0.00799405,0.00798663,0.00797762,0.00796687,0.00795422,0.00793947,0.00792242,0.00790279,0.00788031,0.00785462
40,0.008,0.0079949,0.00798821,0.0079798,0.00796951,0.00795717,0.00794259,0.00792554,0.00790576,0.00788291,0.00785664
41,0.008,0.00799472,0.00798777,0.00797903,0.00796833,0.0079555,0.00794033,0.0079226,0.00790203,0.00787829,0.00785098
42,0.008,0.00799393,0.00798631,0.00797703,0.00796593,0.00795283,0.00793755,0.00791985,0.00789948,0.00787613,0.00784942
43,0.008,0.00799405,0.00798663,0.00797762,0.00796687,0.00795422,0.00793948,0.00792242,0.00790279,0.00788031,0.00785462
44,0.008,0.00799393,0.00798631,0.00797703,0.00796593,0.00795283,0.00793755,0.00791985,0.00789948,0.00787613,0.00784942
45,0.008,0.00799472,0.00798777,0.00797903,0.00796833,0.00795549,0.00794033,0.0079226,0.00790203,0.00787829,0.00785098
46,0.008,0.00799549,0.0079892,0.00798098,0.00797069,0.00795815,0.00794313,0.00792542,0.0079047,0.00788066,0.00785287
47,0.008,0.00799471,0.00798777,0.00797902,0.00796832,0.00795549,0.00794033,0.0079226,0.00790202,0.00787828,0.00785097
48,0.008,0.0079949,0.00798821,0.0079798,0.00796951,0.00795717,0.00794259,0.00792554,0.00790575,0.00788291,0.00785664
49,0.008,0.00799471,0.00798777,0.00797902,0.00796832,0.00795549,0.00794033,0.0079226,0.00790203,0.00787828,0.00785097
50,0.008,0.00799549,0.0079892,0.00798098,0.00797069,0.00795815,0.00794313,0.00792541,0.0079047,0.00788066,0.00785287
51,0.008,0.00799576,0.00798932,0.00798049,0.00796908,0.00795481,0.00793741,0.00791652,0.00789175,0.00786259,0.00782845
52,0.008,0.00799542,0.00798861,0.00797939,0.00796751,0.00795271,0.00793471,0.00791312,0.00788753,0.00785743,0.00782218
53,0.008,0.00799526,0.00798833,0.00797899,0.00796704,0.00795219,0.00793417,0.0079126,0.00788706,0.00785704,0.00782192
54,0.008,0.00799542,0.00798862,0.00797939,0.00796751,0.00795272,0.00793471,0.00791312,0.00788754,0.00785743,0.00782218
55,0.008,0.00799575,0.00798931,0.00798049,0.00796907,0.00795481,0.00793741,0.00791652,0.00789175,0.00786259,0.00782845
56,0.008,0.00799542,0.00798862,0.00797939,0.00796751,0.00795272,0.0079347,0.00791312,0.00788753,0.00785743,0.00782218
57,0.008,0.00799497,0.00798768,0.00797792,0.00796546,0.00795003,0.00793131,0.00790892,0.00788242,0.00785128,0.00781485
58,0.008,0.00799484,0.00798746,0.00797763,0.00796513,0.00794968,0.00793097,0.00790863,0.00788221,0.00785119,0.00781491
59,0.008,0.00799497,0.00798768,0.00797792,0.00796546,0.00795003,0.00793131,0.00790892,0.00788242,0.00785128,0.00781485
60,0.008,0.00799542,0.00798862,0.00797939,0.00796751,0.00795271,0.0079347,0.00791312,0.00788753,0.00785743,0.00782218
61,0.008,0.00799527,0.00798833,0.00797899,0.00796704,0.0079522,0.00793417,0.0079126,0.00788706,0.00785704,0.00782192
62,0.008,0.00799484,0.00798746,0.00797763,0.00796513,0.00794968,0.00793097,0.00790863,0.00788221,0.00785119,0.00781491
63,0.008,0.00799465,0.00798709,0.00797711,0.00796448,0.00794891,0.0079301,0.00790769,0.00788121,0.00785015,0.00781386
64,0.008,0.00799484,0.00798746,0.00797763,0.00796513,0.00794968,0.00793097,0.00790863,0.00788221,0.00785119,0.00781491
65,0.008,0.00799526,0.00798833,0.00797899,0.00796703,0.00795219,0.00793417,0.0079126,0.00788706,0.00785704,0.00782192
66,0.008,0.00799543,0.00798862,0.00797939,0.00796751,0.00795272,0.00793471,0.00791312,0.00788754,0.00785743,0.00782219
67,0.008,0.00799497,0.00798768,0.00797792,0.00796546,0.00795003,0.00793131,0.00790892,0.00788242,0.00785129,0.00781486
68,0.008,0.00799485,0.00798746,0.00797763,0.00796513,0.00794968,0.00793097,0.00790863,0.00788221,0.00785119,0.00781491
69,0.008,0.00799497,0.00798768,0.00797792,0.00796547,0.00795003,0.00793131,0.00790892,0.00788242,0.00785129,0.00781486
70,0.008,0.00799542,0.00798862,0.00797939,0.00796751,0.00795272,0.00793471,0.00791312,0.00788753,0.00785743,0.00782218
71,0.008,0.00799575,0.00798931,0.00798049,0.00796907,0.00795481,0.0079374,0.00791652,0.00789175,0.00786259,0.00782845
72,0.008,0.00799542,0.00798861,0.00797938,0.0079675,0.00795271,0.0079347,0.00791312,0.00788753,0.00785743,0.00782218
73,0.008,0.00799526,0.00798833,0.00797899,0.00796703,0.00795219,0.00793416,0.00791259,0.00788706,0.00785704,0.00782191
74,0.008,0.00799542,0.00798861,0.00797938,0.0079675,0.00795271,0.0079347,0.00791312,0.00788753,0.00785743,0.00782218
75,0.008,0.00799575,0.00798931,0.00798049,0.00796907,0.00795481,0.0079374,0.00791652,0.00789175,0.00786259,0.00782844
76,0.008,0.00799566,0.00798889,0.00797949,0.0079672,0.00795173,0.00793275,0.00790984,0.00788253,0.00785022,0.00781218
77,0.008,0.00799557,0.00798866,0.00797904,0.00796644,0.00795058,0.00793109,0.00790755,0.00787946,0.00784619,0.00780698
78,0.008,0.00799551,0.00798853,0.00797883,0.00796615,0.00795018,0.00793058,0.0079069,0.00787865,0.00784519,0.00780576
79,0.008,0.00799557,0.00798866,0.00797904,0.00796644,0.00795058,0.00793109,0.00790755,0.00787946,0.00784619,0.00780698
80,0.008,0.00799566,0.00798889,0.00797949,0.0079672,0.00795173,0.00793275,0.00790984,0.00788253,0.00785022,0.00781218
81,0.008,0.00799557,0.00798866,0.00797904,0.00796645,0.00795058,0.00793109,0.00790755,0.00787946,0.00784619,0.00780698
82,0.008,0.00799534,0.00798813,0.00797814,0.0079651,0.00794869,0.00792855,0.00790423,0.0078752,0.00784082,0.00780029
83,0.008,0.00799529,0.00798803,0.00797798,0.00796487,0.00794838,0.00792813,0.00790368,0.0078745,0.00783994,0.00779918
84,0.008,0.00799534,0.00798813,0.00797814,0.0079651,0.0079487,0.00792855,0.00790423,0.0078752,0.00784082,0.00780029
85,0.008,0.00799557,0.00798866,0.00797904,0.00796644,0.00795058,0.00793109,0.00790755,0.00787946,0.00784619,0.00780698
86,0.008,0.00799551,0.00798853,0.00797883,0.00796615,0.00795018,0.00793058,0.0079069,0.00787865,0.00784519,0.00780576
87,0.008,0.00799529,0.00798803,0.00797798,0.00796487,0.00794838,0.00792813,0.00790368,0.0078745,0.00783993,0.00779918
88,0.008,0.00799524,0.00798793,0.00797781,0.00796461,0.00794801,0.00792764,0.00790303,0.00787367,0.00783888,0.00779784
89,0.008,0.00799529,0.00798803,0.00797798,0.00796487,0.00794838,0.00792813,0.00790368,0.0078745,0.00783994,0.00779918
90,0.008,0.00799551,0.00798853,0.00797883,0.00796615,0.00795018,0.00793057,0.0079069,0.00787865,0.00784519,0.00780576
91,0.008,0.00799558,0.00798866,0.00797904,0.00796645,0.00795058,0.00793109,0.00790755,0.00787946,0.00784619,0.00780699
92,0.008,0.00799534,0.00798813,0.00797814,0.0079651,0.0079487,0.00792855,0.00790423,0.0078752,0.00784082,0.00780029
93,0.008,0.0079953,0.00798803,0.00797798,0.00796487,0.00794838,0.00792813,0.00790368,0.0078745,0.00783994,0.00779918
94,0.008,0.00799534,0.00798813,0.00797814,0.0079651,0.0079487,0.00792855,0.00790423,0.00787521,0.00784083,0.00780029
95,0.008,0.00799557,0.00798866,0.00797904,0.00796645,0.00795058,0.00793109,0.00790755,0.00787946,0.00784619,0.00780698
96,0.008,0.00799565,0.00798889,0.00797949,0.00796719,0.00795173,0.00793274,0.00790984,0.00788253,0.00785022,0.00781218
97,0.008,0.00799557,0.00798865,0.00797903,0.00796644,0.00795058,0.00793109,0.00790755,0.00787945,0.00784619,0.00780698
98,0.008,0.00799551,0.00798852,0.00797882,0.00796614,0.00795018,0.00793057,0.0079069,0.00787865,0.00784519,0.00780576
99,0.008,0.00799557,0.00798866,0.00797903,0.00796644,0.00795058,0.00793109,0.00790755,0.00787946,0.00784619,0.00780698
100,0.008,0.00799565,0.00798889,0.00797948,0.00796719,0.00795173,0.00793274,0.00790984,0.00788253,0.00785022,0.00781218
101,0.008,0.00799546,0.00798837,0.00797849,0.00796556,0.00794926,0.00792924,0.00790503,0.00787613,0.00784186,0.00780144
102,0.008,0.00799557,0.00798853,0.00797865,0.00796566,0.00794922,0.00792897,0.00790444,0.00787509,0.00784024,0.00779906
103,0.008,0.00799557,0.00798852,0.00797861,0.00796555,0.00794903,0.00792865,0.00790396,0.0078744,0.0078393,0.00779778
104,0.008,0.00799557,0.00798853,0.00797865,0.00796566,0.00794922,0.00792897,0.00790444,0.00787509,0.00784024,0.00779907
105,0.008,0.00799546,0.00798837,0.00797849,0.00796556,0.00794926,0.00792923,0.00790503,0.00787612,0.00784186,0.00780144
106,0.008,0.00799557,0.00798853,0.00797865,0.00796566,0.00794922,0.00792897,0.00790444,0.00787509,0.00784024,0.00779907
107,0.008,0.00799563,0.0079886,0.00797868,0.00796556,0.00794893,0.00792839,0.00790347,0.0078736,0.00783809,0.00779607
108,0.008,0.00799564,0.00798861,0.00797865,0.00796548,0.00794877,0.0079281,0.00790301,0.00787293,0.00783714,0.00779476
109,0.008,0.00799563,0.0079886,0.00797868,0.00796556,0.00794893,0.00792839,0.00790347,0.0078736,0.00783809,0.00779607
110,0.008,0.00799557,0.00798853,0.00797865,0.00796566,0.00794922,0.00792896,0.00790444,0.00787509,0.00784024,0.00779906
111,0.008,0.00799557,0.00798852,0.00797861,0.00796555,0.00794903,0.00792866,0.00790396,0.00787441,0.0078393,0.00779779
112,0.008,0.00799564,0.00798861,0.00797865,0.00796548,0.00794877,0.0079281,0.00790301,0.00787292,0.00783714,0.00779476
113,0.008,0.00799564,0.00798859,0.00797858,0.00796535,0.00794852,0.00792771,0.00790243,0.0078721,0.007836,0.00779323
114,0.008,0.00799564,0.00798861,0.00797865,0.00796549,0.00794877,0.0079281,0.00790301,0.00787293,0.00783714,0.00779476
115,0.008,0.00799557,0.00798852,0.00797861,0.00796555,0.00794903,0.00792865,0.00790396,0.0078744,0.0078393,0.00779779
116,0.008,0.00799557,0.00798853,0.00797866,0.00796566,0.00794922,0.00792897,0.00790444,0.00787509,0.00784024,0.00779907
117,0.008,0.00799563,0.0079886,0.00797868,0.00796556,0.00794894,0.00792839,0.00790347,0.00787361,0.0078381,0.00779607
118,0.008,0.00799564,0.00798861,0.00797866,0.00796549,0.00794877,0.0079281,0.00790301,0.00787293,0.00783714,0.00779476
119,0.008,0.00799563,0.0079886,0.00797868,0.00796557,0.00794894,0.00792839,0.00790347,0.00787361,0.0078381,0.00779607
120,0.008,0.00799557,0.00798853,0.00797865,0.00796566,0.00794922,0.00792897,0.00790444,0.00787509,0.00784024,0.00779907
121,0.008,0.00799546,0.00798836,0.00797849,0.00796555,0.00794926,0.00792923,0.00790503,0.00787612,0.00784186,0.00780143
122,0.008,0.00799556,0.00798853,0.00797865,0.00796565,0.00794922,0.00792896,0.00790443,0.00787508,0.00784024,0.00779906
123,0.008,0.00799556,0.00798852,0.0079786,0.00796555,0.00794902,0.00792865,0.00790396,0.0078744,0.00783929,0.00779778
124,0.008,0.00799556,0.00798853,0.00797865,0.00796565,0.00794922,0.00792896,0.00790443,0.00787508,0.00784024,0.00779906
125,0.008,0.00799546,0.00798836,0.00797849,0.00796555,0.00794926,0.00792923,0.00790503,0.00787612,0.00784186,0.00780143
