1,-0.06802932173013687,0.5529158711433411,-0.48965880274772644
2,-0.049834609031677246,0.5338342189788818,-0.41923582553863525
3,-0.03339299559593201,0.5182375907897949,-0.3516608476638794
4,-0.01867595687508583,0.5060939788818359,-0.2868860363960266
5,-0.00568211218342185,0.49740007519721985,-0.2249041199684143
6,0.005589456297457218,0.4921542704105377,-0.16571180522441864
7,0.015138529241085052,0.4903562664985657,-0.10930751264095306
8,0.02296389639377594,0.4920062720775604,-0.05568978562951088
9,0.02906506136059761,0.49710613489151,-0.004855288192629814
10,0.033423084765672684,0.5056871771812439,0.043200138956308365
11,-0.035268548876047134,0.49088892340660095,-0.4202960729598999
12,-0.02052643708884716,0.4711192846298218,-0.35838955640792847
13,-0.007529892958700657,0.45482462644577026,-0.29931899905204773
14,0.0037410755176097155,0.441986083984375,-0.24304930865764618
15,0.013288192451000214,0.43259918689727783,-0.1895734816789627
16,0.02111237309873104,0.4266620874404907,-0.13888786733150482
17,0.027213390916585922,0.42417412996292114,-0.09099076688289642
18,0.031590066850185394,0.4251362979412079,-0.045880869030952454
19,0.0342414565384388,0.42955151200294495,-0.00355610903352499
20,0.03515152633190155,0.4374369978904724,0.035985805094242096
21,-0.007631867192685604,0.43509209156036377,-0.3506321310997009
22,0.0036617377772927284,0.41462987661361694,-0.29722860455513
23,0.013213733211159706,0.39763903617858887,-0.24665628373622894
24,0.021039651706814766,0.3841058313846588,-0.19888578355312347
25,0.027141159400343895,0.37402600049972534,-0.15391020476818085
26,0.031519144773483276,0.3673974871635437,-0.11172571033239365
27,0.034173380583524704,0.3642198443412781,-0.07233035564422607
28,0.03510262817144394,0.3644937574863434,-0.035722941160202026
29,0.034305572509765625,0.36822211742401123,-0.0019017851445823908
30,0.0317675843834877,0.37541595101356506,0.02913445048034191
31,0.014909491874277592,0.3854977488517761,-0.28062090277671814
32,0.022754481062293053,0.3643432855606079,-0.23572129011154175
33,0.028861073777079582,0.3466579020023346,-0.1936478167772293
34,0.033241815865039825,0.33243098855018616,-0.15437589585781097
35,0.035897959023714066,0.3216587007045746,-0.11789938062429428
36,0.03683023154735565,0.3143390119075775,-0.0842147022485733
37,0.036038365215063095,0.3104713559150696,-0.05331989750266075
38,0.03352104499936104,0.31005653738975525,-0.02521395869553089
39,0.029276851564645767,0.31309667229652405,0.00010437486344017088
40,0.023291436955332756,0.3195992410182953,0.022634483873844147
41,0.03235991671681404,0.3420965075492859,-0.21025632321834564
42,0.0367560051381588,0.3202507793903351,-0.17386165261268616
43,0.039416540414094925,0.30187225341796875,-0.14028795063495636
44,0.040351737290620804,0.2869526147842407,-0.10951483249664307
45,0.03956243768334389,0.2754882574081421,-0.08153732866048813
46,0.03704918548464775,0.26747754216194153,-0.05635220184922218
47,0.032811615616083145,0.26291975378990173,-0.03395766764879227
48,0.026848381385207176,0.2618153989315033,-0.014352894388139248
49,0.0191577710211277,0.26416629552841187,0.0024628005921840668
50,0.009725288487970829,0.2699769139289856,0.016486823558807373
51,0.04472145810723305,0.30488377809524536,-0.1395351141691208
52,0.04566837474703789,0.28234758973121643,-0.11164625734090805
53,0.04488232359290123,0.2632768750190735,-0.0865730494260788
54,0.04237157106399536,0.24766528606414795,-0.06429930031299591
55,0.03813665732741356,0.23550945520401,-0.0448211170732975
56,0.03217795863747597,0.22680777311325073,-0.028135713189840317
57,0.024495018646121025,0.22155964374542236,-0.014241533353924751
58,0.015086387284100056,0.2197653353214264,-0.0031379663851112127
59,0.003949974197894335,0.22142618894577026,0.005175131373107433
60,-0.008929221890866756,0.22654448449611664,0.010693182237446308
61,0.05199422687292099,0.273857057094574,-0.06845512241125107
62,0.04949171096086502,0.2506310045719147,-0.04907272011041641
63,0.04525856301188469,0.23086905479431152,-0.03250056132674217
64,0.03930143639445305,0.21456608176231384,-0.018726684153079987
65,0.03162066265940666,0.20171914994716644,-0.007748274132609367
66,0.02221650257706642,0.19232666492462158,0.0004370121459942311
67,0.01108844205737114,0.1863880455493927,0.005830524489283562
68,-0.0017651126254349947,0.18390338122844696,0.008432670496404171
69,-0.016346680000424385,0.18487370014190674,0.008243046700954437
70,-0.0326722152531147,0.1892993450164795,0.005255180411040783
71,0.054176829755306244,0.24901506304740906,0.0029863149393349886
72,0.04822462052106857,0.22509977221488953,0.013861561194062233
73,0.040543727576732635,0.2046472132205963,0.021932274103164673
74,0.031139660626649857,0.1876535713672638,0.027205685153603554
75,0.020012633875012398,0.17411589622497559,0.029683683067560196
76,0.007162841036915779,0.1640326827764511,0.029368221759796143
77,-0.007410263642668724,0.15740333497524261,0.0262605007737875
78,-0.023708336055278778,0.15422788262367249,0.020360752940177917
79,-0.04173431918025017,0.15450724959373474,0.011668134480714798
80,-0.0615057647228241,0.1582399308681488,0.00017430100706405938
81,0.051266688853502274,0.23035727441310883,0.0747961774468422
82,0.04186466708779335,0.2057543694972992,0.07716182619333267
83,0.030734959989786148,0.18461178243160248,0.0767304077744484
84,0.01788308285176754,0.16692782938480377,0.07350237667560577
85,0.0033090882934629917,0.1526995599269867,0.06747868657112122
86,-0.01298690214753151,0.14192554354667664,0.05866120383143425
87,-0.031005362048745155,0.13460516929626465,0.04705103486776352
88,-0.050747860223054886,0.13073858618736267,0.03264826536178589
89,-0.0722174346446991,0.13032662868499756,0.015451929531991482
90,-0.09543450176715851,0.13336551189422607,-0.004547817166894674
91,0.0432576909661293,0.21789135038852692,0.14697879552841187
92,0.03040391393005848,0.19259706139564514,0.1408320516347885
93,0.01582230255007744,0.170762836933136,0.1318986713886261
94,-0.0004798891022801399,0.15238787233829498,0.12016694247722626
95,-0.0185032170265913,0.1374683380126953,0.10563872009515762
96,-0.03824770823121071,0.12600281834602356,0.0883161649107933
97,-0.05971378833055496,0.11799083650112152,0.06820034980773926
98,-0.08290284126996994,0.11343244463205338,0.04529111459851265
99,-0.10781767964363098,0.11232901364564896,0.019586706534028053
100,-0.13448643684387207,0.11467456817626953,-0.008924330584704876
101,-0.025564156472682953,0.5410218834877014,-0.4636170566082001
102,-0.00597328320145607,0.5220115780830383,-0.39495086669921875
103,0.01183134876191616,0.5065139532089233,-0.329165518283844
104,0.027896374464035034,0.4944867193698883,-0.2662021219730377
105,0.04222959280014038,0.4859163761138916,-0.2060415893793106
106,0.05483351647853851,0.48079901933670044,-0.1486770659685135
107,0.06570759415626526,0.4791335463523865,-0.09410516917705536
108,0.07484856992959976,0.4809217154979706,-0.04232361912727356
109,0.08225147426128387,0.48617470264434814,0.00667149480432272
110,0.08787746727466583,0.49493399262428284,0.05288496986031532
111,0.004519142210483551,0.4811345636844635,-0.3939845561981201
112,0.020645085722208023,0.4614318907260895,-0.33386296033859253
113,0.03499424830079079,0.44523143768310547,-0.2766101360321045
114,0.04760364443063736,0.43250370025634766,-0.22217945754528046
115,0.058480240404605865,0.4232366681098938,-0.17055371403694153
116,0.06762631982564926,0.4174257516860962,-0.12172528356313705
117,0.07504138350486755,0.41506972908973694,-0.07569043338298798
118,0.08072248101234436,0.41617101430892944,-0.032446980476379395
119,0.08466450124979019,0.42073920369148254,0.008007803000509739
120,0.08683298528194427,0.4288023114204407,0.04567624628543854
121,0.029430706053972244,0.42752039432525635,-0.3240722715854645
122,0.042095985263586044,0.40712133049964905,-0.27248072624206543
123,0.052991628646850586,0.390219122171402,-0.22375071048736572
124,0.062147073447704315,0.3767910301685333,-0.17784321308135986
125,0.06956858932971954,0.36682698130607605,-0.1347426325082779
126,0.07525841891765594,0.36032235622406006,-0.09444122761487961
127,0.07921598106622696,0.35727599263191223,-0.05693499371409416
128,0.08143827319145203,0.35769009590148926,-0.022221744060516357
129,0.08191949874162674,0.36157211661338806,0.009700496681034565
130,0.08062975853681564,0.3689422011375427,0.038832854479551315
131,0.04922119900584221,0.38014015555381775,-0.25382593274116516
132,0.058425310999155045,0.35904598236083984,-0.2107643336057663
133,0.06586555391550064,0.3414444029331207,-0.17055658996105194
134,0.07156649231910706,0.3273177444934845,-0.13317039608955383
135,0.07553320378065109,0.31665748357772827,-0.09859228134155273
136,0.0777675211429596,0.3094594180583954,-0.06681500375270844
137,0.07826879620552063,0.30572229623794556,-0.03783457726240158
138,0.07703394442796707,0.3054477870464325,-0.011649031192064285
139,0.0740572139620781,0.30864158272743225,0.01174298394471407
140,0.06931036710739136,0.3153180480003357,0.03234044462442398
141,0.06390227377414703,0.33897465467453003,-0.18322864174842834
142,0.0696445181965828,0.31718772649765015,-0.1486990749835968
143,0.07362779229879379,0.29888927936553955,-0.11701507866382599
144,0.07587315887212753,0.28406596183776855,-0.08815062046051025
145,0.07638460397720337,0.2727106213569641,-0.06209476292133331
146,0.07516364008188248,0.26481935381889343,-0.03884107246994972
147,0.0722094476222992,0.26039090752601624,-0.018385814502835274
148,0.06751886010169983,0.25942644476890564,-0.0007272730581462383
149,0.0610857754945755,0.26193007826805115,0.01413503848016262
150,0.052882254123687744,0.2679113745689392,0.026197941973805428
151,0.0734785795211792,0.3040141463279724,-0.11227361857891083
152,0.07575824111700058,0.2815359830856323,-0.0862777829170227
153,0.07628323882818222,0.2625429332256317,-0.06311900913715363
154,0.07507190108299255,0.2470247894525528,-0.04277731850743294
155,0.07212751358747482,0.23497538268566132,-0.025244329124689102
156,0.06745129823684692,0.22639122605323792,-0.010514507070183754
157,0.06104232743382454,0.22127102315425873,0.001415485399775207
158,0.05289716273546219,0.21961550414562225,0.010547078214585781
159,0.04300907254219055,0.22142738103866577,0.016879888251423836
160,0.031349509954452515,0.22671248018741608,0.02040868066251278
161,0.07795029878616333,0.27525317668914795,-0.04095643013715744
162,0.07676674425601959,0.25208503007888794,-0.023495396599173546
163,0.07383211702108383,0.23239919543266296,-0.008862979710102081
164,0.06916288286447525,0.21618779003620148,0.0029549123719334602
165,0.06276198476552963,0.20344530045986176,0.011964165605604649
166,0.05463042110204697,0.19416853785514832,0.01816944219172001
167,0.04476717486977577,0.1883561760187149,0.021573709324002266
168,0.033168550580739975,0.18600857257843018,0.022178076207637787
169,0.019826827570796013,0.18712757527828217,0.01998136378824711
170,0.004711966961622238,0.19171586632728577,0.014976292848587036
171,0.07731412351131439,0.2526894807815552,0.030727898702025414
172,0.07266665250062943,0.22883270680904388,0.03965326026082039
173,0.0662708505988121,0.20845571160316467,0.045758336782455444
174,0.05814231187105179,0.19155235588550568,0.04905134066939354
175,0.048283904790878296,0.1781175136566162,0.049535781145095825
176,0.03669659048318863,0.16814827919006348,0.047215480357408524
177,0.02337927371263504,0.16164334118366241,0.04209309443831444
178,0.008328096009790897,0.158602774143219,0.034169554710388184
179,-0.008465774357318878,0.1590278595685959,0.02344300039112568
180,-0.027035124599933624,0.16291870176792145,0.009904150851070881
181,0.07156436145305634,0.23632559180259705,0.10278847813606262
182,0.06345175951719284,0.21178123354911804,0.10317624360322952
183,0.05359221249818802,0.19071386754512787,0.10075247287750244
184,0.04200232774019241,0.1731191724538803,0.09551908075809479
185,0.02868477813899517,0.15899230539798737,0.08747667074203491
186,0.013640422374010086,0.14833037555217743,0.0766286551952362
187,-0.0031317444518208504,0.14113213121891022,0.06297756731510162
188,-0.021635498851537704,0.13739779591560364,0.04652416706085205
189,-0.041880346834659576,0.1371280550956726,0.027266375720500946
190,-0.06390398740768433,0.14032088220119476,0.005192913115024567
191,0.06068362668156624,0.22617344558238983,0.17522726953029633
192,0.04910336434841156,0.20093785226345062,0.16707518696784973
193,0.03577663004398346,0.17917850613594055,0.15612249076366425
194,0.0207217987626791,0.1608915627002716,0.14236021041870117
195,0.00394144281744957,0.1460716426372528,0.12578725814819336
196,-0.01456368900835514,0.13471589982509613,0.1064075231552124
197,-0.034794487059116364,0.12682315707206726,0.08422350883483887
198,-0.0567544624209404,0.12239374965429306,0.05923554301261902
199,-0.08045408129692078,0.12142854928970337,0.031441207975149155
200,-0.10593879222869873,0.12392354011535645,0.0008271600236184895
201,0.025997374206781387,0.5235139727592468,-0.4438908100128174
202,0.0469268299639225,0.5046154856681824,-0.37713801860809326
203,0.06608071178197861,0.4892127215862274,-0.31322044134140015
204,0.08348201215267181,0.4772929847240448,-0.2521267831325531
205,0.09914109855890274,0.46884098649024963,-0.1938406378030777
206,0.11306075006723404,0.4638511836528778,-0.13835562765598297
207,0.12523993849754333,0.462322473526001,-0.08566907048225403
208,0.13567432761192322,0.46425873041152954,-0.03578001260757446
209,0.14435449242591858,0.46967411041259766,0.011311878450214863
210,0.15125085413455963,0.47858119010925293,0.055605851113796234
211,0.053320981562137604,0.465869277715683,-0.37413737177848816
212,0.07078695297241211,0.4462694823741913,-0.3159242570400238
213,0.08647891879081726,0.4301673471927643,-0.26055142283439636
214,0.10041913390159607,0.41754791140556335,-0.2080029398202896
215,0.11261661350727081,0.40839871764183044,-0.15826410055160522
216,0.12307386845350266,0.4027143716812134,-0.11132775992155075
217,0.13179002702236176,0.40049365162849426,-0.06719053536653519
218,0.1387612521648407,0.4017401337623596,-0.02585110440850258
219,0.14397861063480377,0.406464546918869,0.012691267766058445
220,0.14741559326648712,0.4146827757358551,0.048435576260089874
221,0.07547737658023834,0.41448137164115906,-0.30405235290527344
222,0.08947788178920746,0.3941834270954132,-0.2543816864490509
223,0.10170970857143402,0.37738037109375,-0.2075490951538086
224,0.11218991875648499,0.36406010389328003,-0.16354063153266907
225,0.12092646956443787,0.35421282052993774,-0.12234347313642502
226,0.12792162597179413,0.3478335738182068,-0.08395069092512131
227,0.13317453861236572,0.34492120146751404,-0.04835863038897514
228,0.13668133318424225,0.3454785645008087,-0.015565754845738411
229,0.13843314349651337,0.3495138883590698,0.014428461901843548
230,0.13840916752815247,0.35704028606414795,0.041622720658779144
231,0.09249551594257355,0.3693365454673767,-0.233629047870636
232,0.1030295342206955,0.3483428657054901,-0.19250057637691498
233,0.11179924756288528,0.3308403491973877,-0.1542067527770996
234,0.11881852895021439,0.31682050228118896,-0.11873625963926315
235,0.12409377098083496,0.30627575516700745,-0.08607854694128036
236,0.12762701511383057,0.2992016673088074,-0.056227006018161774
237,0.1294173151254654,0.2955971658229828,-0.029177939519286156
238,0.12946084141731262,0.29546424746513367,-0.0049296594224870205
239,0.12774933874607086,0.29880908131599426,0.016518330201506615
240,0.1242649108171463,0.30564096570014954,0.03516479954123497
241,0.10438896715641022,0.3304196298122406,-0.16285355389118195
242,0.11145554482936859,0.3087325990200043,-0.13026933372020721
243,0.11676117777824402,0.2905328869819641,-0.10051511973142624
244,0.12031780928373337,0.2758154571056366,-0.07358305156230927
245,0.1221308708190918,0.26457422971725464,-0.04946456477046013
246,0.12220209836959839,0.2568055987358093,-0.028153827413916588
247,0.12053048610687256,0.25250834226608276,-0.009647207334637642
248,0.1171121746301651,0.2516838312149048,0.006057112943381071
249,0.11193904280662537,0.2543361783027649,0.018959492444992065
250,0.10499417781829834,0.2604716420173645,0.029058994725346565
251,0.11116279661655426,0.29772117733955383,-0.09172019362449646
252,0.11476114392280579,0.27534255385398865,-0.06768166273832321
253,0.11660096049308777,0.2564479112625122,-0.046468403190374374
254,0.11669331789016724,0.24103477597236633,-0.028075603768229485
255,0.11504325270652771,0.22909827530384064,-0.01249685324728489
256,0.11165226995944977,0.22063535451889038,0.0002728560648392886
257,0.10651938617229462,0.21564476191997528,0.010237056761980057
258,0.09964054822921753,0.2141273319721222,0.017397604882717133
259,0.09100721776485443,0.216085746884346,0.02175477147102356
260,0.08060218393802643,0.2215234339237213,0.02330799214541912
261,0.11281751096248627,0.27123594284057617,-0.020225705578923225
262,0.11294680833816528,0.2481667846441269,-0.004733340814709663
263,0.11131911724805832,0.22857928276062012,0.00793799664825201
264,0.10794565081596375,0.2124720960855484,0.01779072917997837
265,0.10283142328262329,0.1998414695262909,0.024829121306538582
266,0.09597805142402649,0.19068452715873718,0.029057469218969345
267,0.08738444000482559,0.18500016629695892,0.03047911450266838
268,0.07704632729291916,0.1827886998653412,0.029095934703946114
269,0.0649542286992073,0.1840517818927765,0.024908175691962242
270,0.05108962580561638,0.1887911558151245,0.01791565679013729
271,0.10935007035732269,0.2509627044200897,0.05163244158029556
272,0.1060093343257904,0.22720378637313843,0.058579180389642715
273,0.10091229528188705,0.2069249153137207,0.06270799040794373
274,0.09407126903533936,0.19012519717216492,0.06402002274990082
275,0.08549180626869202,0.17680120468139648,0.06251755356788635
276,0.07517556846141815,0.16695049405097961,0.05820409953594208
277,0.06312152743339539,0.16057178378105164,0.051082875579595566
278,0.04932520538568497,0.15766528248786926,0.04115590080618858
279,0.033775776624679565,0.1582319140434265,0.028423314914107323
280,0.01645253226161003,0.16227269172668457,0.012885333970189095
281,0.10075487196445465,0.23690590262413025,0.12385591864585876
282,0.09394209086894989,0.21245676279067993,0.12225902080535889
283,0.08537335693836212,0.19148722290992737,0.11784455180168152
284,0.07506303489208221,0.17399558424949646,0.11061536520719528
285,0.0630168616771698,0.15997856855392456,0.10057127475738525
286,0.049236685037612915,0.14943379163742065,0.08771524578332901
287,0.03372154012322426,0.142360121011734,0.07205037027597427
288,0.01646685041487217,0.1387576460838318,0.05357885733246803
289,-0.0025392528623342514,0.13862691819667816,0.032300837337970734
290,-0.023320291191339493,0.1419692039489746,0.00821633730083704
291,0.08701951801776886,0.22906936705112457,0.19643603265285492
292,0.07673333585262299,0.20393186807632446,0.18629910051822662
293,0.06469341367483139,0.1822720319032669,0.17334140837192535
294,0.05091289058327675,0.16408824920654297,0.15757109224796295
295,0.03539850562810898,0.14937767386436462,0.13898487389087677
296,0.01815231889486313,0.1381380707025528,0.11758553981781006
297,-0.0008264388889074326,0.13036850094795227,0.09337632358074188
298,-0.021542295813560486,0.12606912851333618,0.06635966151952744
299,-0.0440087728202343,0.1252402663230896,0.036536503583192825
300,-0.06824636459350586,0.12788331508636475,0.003907307982444763
301,0.08661183714866638,0.5005337595939636,-0.4306764304637909
302,0.10884737968444824,0.4817563593387604,-0.36587488651275635
303,0.12932513654232025,0.46646419167518616,-0.30388253927230835
304,0.14804881811141968,0.4546552300453186,-0.24470217525959015
305,0.16502287983894348,0.44632217288017273,-0.1883288323879242
306,0.1802484095096588,0.441460520029068,-0.13475912809371948
307,0.1937238574028015,0.440069317817688,-0.08399204909801483
308,0.20544524490833282,0.4421522617340088,-0.03602829948067665
309,0.21540521085262299,0.44771623611450195,0.009130904451012611
310,0.22359296679496765,0.4567638635635376,0.05148320645093918
311,0.11113420128822327,0.4451616108417511,-0.3608354926109314
312,0.12990722060203552,0.4256799817085266,-0.3045724630355835
313,0.14692062139511108,0.4096888601779938,-0.251128613948822
314,0.16217973828315735,0.39718180894851685,-0.20049987733364105
315,0.17568890750408173,0.38815203309059143,-0.15268021821975708
316,0.18744927644729614,0.3825952112674713,-0.10766533017158508
317,0.19745953381061554,0.38051050901412964,-0.06545338779687881
318,0.205716073513031,0.3819008767604828,-0.026044193655252457
319,0.21221226453781128,0.3867727220058441,0.010561692528426647
320,0.21693888306617737,0.39513352513313293,0.04436280205845833
321,0.13050483167171478,0.39603233337402344,-0.2906339466571808
322,0.145811066031456,0.3758513629436493,-0.24291756749153137
323,0.15936024487018585,0.35915982723236084,-0.19802169501781464
324,0.17115551233291626,0.34595292806625366,-0.15594235062599182
325,0.1812000572681427,0.3362252116203308,-0.11667381972074509
326,0.1894949972629547,0.3299728333950043,-0.08021166175603867
327,0.1960391402244568,0.32719507813453674,-0.0465535894036293
328,0.2008289247751236,0.3278941214084625,-0.015698878094553947
329,0.2038588970899582,0.332075297832489,0.01235208846628666
330,0.20512309670448303,0.33974501490592957,0.03759816288948059
331,0.1447320580482483,0.3531445860862732,-0.22007781267166138
332,0.1565696746110916,0.3322675824165344,-0.18091052770614624
333,0.16665300726890564,0.31487685441970825,-0.144562765955925
334,0.1749832034111023,0.30097076296806335,-0.11103218048810959
335,0.1815623939037323,0.2905453145503998,-0.08031386882066727
336,0.18639153242111206,0.2835974097251892,-0.052403658628463745
337,0.18946939706802368,0.2801261842250824,-0.02729889750480652
338,0.1907927542924881,0.2801333963871002,-0.004998402204364538
339,0.1903569996356964,0.2836226224899292,0.014497898519039154
340,0.18815848231315613,0.29059773683547974,0.031189559027552605
341,0.15382397174835205,0.3164915442466736,-0.1491645723581314
342,0.16219180822372437,0.29492059350013733,-0.11854828149080276
343,0.16880717873573303,0.2768329381942749,-0.09074952453374863
344,0.17367036640644073,0.26222917437553406,-0.06576801836490631
345,0.17678302526474,0.25110679864883423,-0.04360005632042885
346,0.1781458705663681,0.24346351623535156,-0.024241697043180466
347,0.1777578741312027,0.23929834365844727,-0.00769010279327631
348,0.1756158173084259,0.2386123538017273,0.0060563888400793076
349,0.1717156022787094,0.2414078563451767,0.016998443752527237
350,0.16605406999588013,0.2476862072944641,0.025136485695838928
351,0.15778446197509766,0.28606700897216797,-0.0778922289609909
352,0.16268178820610046,0.26380351185798645,-0.0558280311524868
353,0.16582733392715454,0.24502074718475342,-0.036579132080078125
354,0.16722168028354645,0.22972112894058228,-0.020147304981946945
355,0.16686652600765228,0.2179029881954193,-0.006529992911964655
356,0.16476278007030487,0.20956449210643768,0.004276385065168142
357,0.16090936958789825,0.20470476150512695,0.012274852953851223
358,0.15530312061309814,0.20332440733909607,0.017467563971877098
359,0.14793957769870758,0.20542456209659576,0.01985582709312439
360,0.13881494104862213,0.2110051065683365,0.01944105699658394
361,0.15661442279815674,0.2618670165538788,-0.0062603275291621685
362,0.15804043412208557,0.23891174793243408,0.0072519853711128235
363,0.15771448612213135,0.2194357067346573,0.017950722947716713
364,0.15563829243183136,0.2034417688846588,0.025832533836364746
365,0.15181423723697662,0.19092893600463867,0.030899064615368843
366,0.14624355733394623,0.18189549446105957,0.03315352648496628
367,0.13892528414726257,0.1763407588005066,0.03259912133216858
368,0.12985602021217346,0.17426486313343048,0.02923843450844288
369,0.11903038620948792,0.17566855251789093,0.023073453456163406
370,0.10644306987524033,0.18055075407028198,0.014106613583862782
371,0.15031254291534424,0.24389076232910156,0.06573034822940826
372,0.14826606214046478,0.2202441692352295,0.07069254666566849
373,0.144466832280159,0.2000761777162552,0.07284145057201385
374,0.13891854882240295,0.1833893209695816,0.0721733495593071
375,0.13162466883659363,0.17018261551856995,0.06868932396173477
376,0.12258674949407578,0.16045448184013367,0.06239224225282669
377,0.11180398613214493,0.1542041152715683,0.05328545346856117
378,0.09927269071340561,0.15143179893493652,0.041371941566467285
379,0.08498647063970566,0.15213796496391296,0.02665426768362522
380,0.06893757730722427,0.15632173418998718,0.009136013686656952
381,0.13887637853622437,0.23214013874530792,0.13807685673236847
382,0.13335572183132172,0.2078024446964264,0.13449254631996155
383,0.12608206272125244,0.18694362044334412,0.12809233367443085
384,0.11706092953681946,0.16956476867198944,0.11887478083372116
385,0.1062966138124466,0.15566445887088776,0.10684077441692352
386,0.09379097819328308,0.14524149894714355,0.09199278056621552
387,0.07954338192939758,0.13829517364501953,0.07433433085680008
388,0.06355007737874985,0.13482555747032166,0.05386883020401001
389,0.045803844928741455,0.13483335077762604,0.030599325895309448
390,0.02629546821117401,0.13831861317157745,0.0045302193611860275
391,0.12230484932661057,0.22661510109901428,0.21077074110507965
392,0.11330904066562653,0.2015896588563919,0.1986454278230667
393,0.10256239771842957,0.1800408959388733,0.18369711935520172
394,0.09006933122873306,0.16196991503238678,0.1659310907125473
395,0.07583456486463547,0.14737579226493835,0.14534789323806763
396,0.059860460460186005,0.13625752925872803,0.12194982916116714
397,0.04214659333229065,0.1286146342754364,0.09574078023433685
398,0.02268926426768303,0.1244473084807396,0.06672489643096924
399,0.0014812685549259186,0.12375615537166595,0.03490626811981201
400,-0.021482285112142563,0.12654191255569458,0.00029093073680996895
401,0.15623295307159424,0.47215405106544495,-0.4240858256816864
402,0.17975971102714539,0.4535004496574402,-0.3612409234046936
403,0.2015427201986313,0.4383273422718048,-0.3011975586414337
404,0.2215748131275177,0.426636278629303,-0.2439582645893097
405,0.23985403776168823,0.4184252619743347,-0.1895233541727066
406,0.25637874007225037,0.4136923551559448,-0.13789261877536774
407,0.27114689350128174,0.4124371409416199,-0.08906657248735428
408,0.2841562330722809,0.4146610200405121,-0.043046727776527405
409,0.2954045534133911,0.42036575078964233,0.00016479985788464546
410,0.3048950433731079,0.42955049872398376,0.04056481271982193
411,0.1779356300830841,0.4190647304058075,-0.3541605770587921
412,0.19799892604351044,0.39970818161964417,-0.2998577952384949
413,0.21631619334220886,0.38383615016937256,-0.24836525321006775
414,0.23288168013095856,0.3714478015899658,-0.19968102872371674
415,0.24769386649131775,0.36254042387008667,-0.15380321443080902
416,0.26075154542922974,0.3571120798587799,-0.11073055118322372
417,0.2720531225204468,0.35516220331192017,-0.07046258449554443
418,0.2815963625907898,0.35669219493865967,-0.03299995884299278
419,0.2893797755241394,0.36170440912246704,0.001655949861742556
420,0.2954074740409851,0.3702011704444885,0.0335029773414135
421,0.19449970126152039,0.37221062183380127,-0.28386545181274414
422,0.2110956311225891,0.35215479135513306,-0.2381121814250946
423,0.225946307182312,0.3355831801891327,-0.19517146050930023
424,0.23904544115066528,0.32249584794044495,-0.15504156053066254
425,0.25039076805114746,0.3128909766674042,-0.11772000044584274
426,0.2599811255931854,0.3067668080329895,-0.08320489525794983
427,0.2678150534629822,0.30412277579307556,-0.05149519070982933
428,0.2738906741142273,0.3049600124359131,-0.02259090729057789
429,0.27820783853530884,0.3092804253101349,0.003506998997181654
430,0.2807716131210327,0.31708550453186035,0.026796922087669373
431,0.20592114329338074,0.3315957486629486,-0.21320511400699615
432,0.2190476655960083,0.31084373593330383,-0.17600508034229279
433,0.23043031990528107,0.2935735583305359,-0.1416175812482834
434,0.2400619387626648,0.2797876000404358,-0.11004231125116348
435,0.2479395568370819,0.2694852948188782,-0.08127710223197937
436,0.25406190752983093,0.26266515254974365,-0.05531977117061615
437,0.2584277391433716,0.2593268156051636,-0.032168783247470856
438,0.2610355019569397,0.2594708800315857,-0.011823511682450771
439,0.26188594102859497,0.2630982995033264,0.005715698469430208
440,0.2609851658344269,0.27020859718322754,0.020447945222258568
441,0.21220162510871887,0.2972188889980316,-0.14218221604824066
442,0.22185750305652618,0.275772362947464,-0.11353721469640732
443,0.22977030277252197,0.25780537724494934,-0.08770402520895004
444,0.23593249917030334,0.24332216382026672,-0.0646839588880539
445,0.24034109711647034,0.23232294619083405,-0.044475458562374115
446,0.24299481511116028,0.22480694949626923,-0.027076231315732002
447,0.24389252066612244,0.2207738161087036,-0.01248426828533411
448,0.24303306639194489,0.22022362053394318,-0.0006982441991567612
449,0.2404172718524933,0.22315648198127747,0.00828232616186142
450,0.2360515594482422,0.2295701652765274,0.014457269571721554
451,0.21334290504455566,0.26907697319984436,-0.07079829275608063
452,0.21952740848064423,0.24693703651428223,-0.050709068775177
453,0.22396859526634216,0.22827492654323578,-0.033430732786655426
454,0.2266596555709839,0.21309581398963928,-0.01896624080836773
455,0.2275979220867157,0.20140065252780914,-0.007314630318433046
456,0.22678253054618835,0.19318901002407074,0.0015264361863955855
457,0.22421246767044067,0.18846046924591064,0.007559437770396471
458,0.21988660097122192,0.1872149407863617,0.010786423459649086
459,0.2138054519891739,0.18945181369781494,0.01120874285697937
460,0.20597442984580994,0.19516794383525848,0.00882717315107584
461,0.20934617519378662,0.24716757237911224,0.000944676750805229
462,0.21205858886241913,0.22433467209339142,0.012478719465434551
463,0.21302665770053864,0.20497888326644897,0.021202368661761284
464,0.2122449278831482,0.18910528719425201,0.02711143158376217
465,0.20971181988716125,0.17671504616737366,0.03020639531314373
466,0.20542696118354797,0.16780796647071838,0.030489705502986908
467,0.19938960671424866,0.162383571267128,0.027964264154434204
468,0.19159835577011108,0.1604417860507965,0.0226327832788229
469,0.18205291032791138,0.16198165714740753,0.014497584663331509
470,0.17075686156749725,0.16699986159801483,0.0035603446885943413
471,0.20021240413188934,0.23148927092552185,0.07304377108812332
472,0.19945171475410461,0.2079639434814453,0.07602468878030777
473,0.19694527983665466,0.1879155933856964,0.07619459927082062
474,0.19268962740898132,0.1713486909866333,0.07354892790317535
475,0.1866844892501831,0.15826426446437836,0.06808802485466003
476,0.17893007397651672,0.14866189658641815,0.05981449410319328
477,0.16942575573921204,0.1425412893295288,0.04873162880539894
478,0.15817002952098846,0.13990232348442078,0.03484276309609413
479,0.14516150951385498,0.1407444030046463,0.01815101131796837
480,0.13040168583393097,0.14506448805332184,-0.0013408809900283813
481,0.185943603515625,0.22204141318798065,0.14549443125724792
482,0.18170855939388275,0.19782453775405884,0.13992586731910706
483,0.1757272183895111,0.17708472907543182,0.13154368102550507
484,0.1679975837469101,0.1598253846168518,0.12034428864717484
485,0.15852037072181702,0.14604705572128296,0.10632866621017456
486,0.14729630947113037,0.13574941456317902,0.08949962258338928
487,0.1343250572681427,0.12893225252628326,0.0698607936501503
488,0.11960500478744507,0.1255955994129181,0.047416117042303085
489,0.10313411056995392,0.1257392019033432,0.022169532254338264
490,0.08491295576095581,0.12936094403266907,-0.005875293165445328
491,0.16654688119888306,0.21882183849811554,0.21829010546207428
492,0.15883687138557434,0.19391612708568573,0.2041773796081543
493,0.1493818163871765,0.17248588800430298,0.18724457919597626
494,0.13817954063415527,0.15453410148620605,0.1674925535917282
495,0.1252310574054718,0.14006157219409943,0.14492332935333252
496,0.1105373427271843,0.12906837463378906,0.1195400282740593
497,0.0940982922911644,0.1215544119477272,0.09134680777788162
498,0.0759127140045166,0.11751984804868698,0.06034833937883377
499,0.055979203432798386,0.11696454137563705,0.026549819856882095
500,0.03430087864398956,0.1198870986700058,-0.010043597780168056
501,0.23482933640480042,0.4384138584136963,-0.4241729974746704
502,0.2596413791179657,0.4198864996433258,-0.36328524351119995
503,0.2827184796333313,0.404837042093277,-0.3051994740962982
504,0.30404871702194214,0.39326876401901245,-0.24991533160209656
505,0.32362547516822815,0.3851829171180725,-0.19743415713310242
506,0.34144482016563416,0.3805793523788452,-0.1477569341659546
507,0.35750454664230347,0.379457950592041,-0.10088488459587097
508,0.371804416179657,0.38181838393211365,-0.05682004243135452
509,0.384347140789032,0.38765957951545715,-0.015565143898129463
510,0.3951435685157776,0.3969787359237671,0.022876329720020294
511,0.25370505452156067,0.3876121938228607,-0.35416269302368164
512,0.2750515937805176,0.36838406324386597,-0.3018220067024231
513,0.29466164112091064,0.35263630747795105,-0.25228941440582275
514,0.31252387166023254,0.34037134051322937,-0.20556232333183289
515,0.3286321759223938,0.33158937096595764,-0.16164004802703857
516,0.34298330545425415,0.32629016041755676,-0.12052252143621445
517,0.3555755615234375,0.3244735300540924,-0.08221011608839035
518,0.3664085268974304,0.32613927125930786,-0.04670404642820358
519,0.37548545002937317,0.3312872052192688,-0.014006377197802067
520,0.38281771540641785,0.3399159908294678,0.015880005434155464
521,0.2674506902694702,0.3430420756340027,-0.2837822735309601
522,0.2853291928768158,0.3231157064437866,-0.23999395966529846
523,0.3014712631702423,0.30666929483413696,-0.19901584088802338
524,0.31586551666259766,0.29370614886283875,-0.1608458012342453
525,0.3285056948661804,0.2842271327972412,-0.12548241019248962
526,0.3393884301185608,0.27823197841644287,-0.09292479604482651
527,0.34851211309432983,0.2757205367088318,-0.06317274272441864
528,0.3558771312236786,0.2766925096511841,-0.03622683137655258
529,0.3614874482154846,0.2811475098133087,-0.01208860520273447
530,0.36535459756851196,0.28908342123031616,0.009239481762051582
531,0.27605634927749634,0.30470991134643555,-0.21303288638591766
532,0.2904650568962097,0.284087210893631,-0.17780035734176636
533,0.30313795804977417,0.2669430673122406,-0.14537841081619263
534,0.31406331062316895,0.2532820999622345,-0.11576614528894424
535,0.32323434948921204,0.243105947971344,-0.08896218240261078
536,0.3306480348110199,0.23641473054885864,-0.06496518850326538
537,0.3363027572631836,0.23320826888084412,-0.0437743254005909
538,0.3401992619037628,0.2334861308336258,-0.025389542803168297
539,0.342342346906662,0.23724716901779175,-0.00981177669018507
540,0.34274357557296753,0.24448803067207336,0.002956983633339405
541,0.2795189619064331,0.2726171910762787,-0.14191770553588867
542,0.29045674204826355,0.251299649477005,-0.1152426078915596
543,0.29965898394584656,0.2334589809179306,-0.09137795120477676
544,0.30711373686790466,0.21910114586353302,-0.0703241229057312
545,0.3128146231174469,0.20822831988334656,-0.05208007991313934
546,0.31675848364830017,0.20084106922149658,-0.03664418309926987
547,0.3189440965652466,0.19693921506404877,-0.02401500567793846
548,0.31937241554260254,0.19652210175991058,-0.014191767200827599
549,0.3180480897426605,0.19958798587322235,-0.007174639496952295
550,0.3149830102920532,0.20613236725330353,-0.002965097315609455
551,0.2778382897377014,0.24676333367824554,-0.07043977081775665
552,0.2853044867515564,0.22475169599056244,-0.05232260376214981
553,0.2910345792770386,0.2062157839536667,-0.03701554611325264
554,0.2950172424316406,0.19116218388080597,-0.02452036552131176
555,0.29724663496017456,0.17959338426589966,-0.014836305752396584
556,0.29772016406059265,0.17151027917861938,-0.007961507886648178
557,0.29643678665161133,0.16691254079341888,-0.003893957706168294
558,0.2933974266052246,0.1657996028661728,-0.0026320789474993944
559,0.2886064350605011,0.16816915571689606,-0.004175269510596991
560,0.282074511051178,0.1740163415670395,-0.008524353615939617
561,0.27101555466651917,0.2271466851234436,0.0013976868940517306
562,0.27500978112220764,0.20444127917289734,0.010957594029605389
563,0.277266263961792,0.18521137535572052,0.01770746149122715
564,0.2777755856513977,0.16946306824684143,0.02164440043270588
565,0.27653267979621887,0.15719908475875854,0.022768953815102577
566,0.2735355794429779,0.14842016994953156,0.021083226427435875
567,0.2687835097312927,0.1431262493133545,0.016589784994721413
568,0.2622772455215454,0.14131663739681244,0.009290946647524834
569,0.2540203630924225,0.14298905432224274,-0.0008117754478007555
570,0.2440216839313507,0.14813873171806335,-0.013718527741730213
571,0.2590540051460266,0.21376526355743408,0.0735907033085823
572,0.2595753073692322,0.19036662578582764,0.07459525018930435
573,0.258357435464859,0.1704435795545578,0.07278911024332047
574,0.255392462015152,0.1540016233921051,0.06816879659891129
575,0.25067687034606934,0.1410430520772934,0.060734823346138
576,0.24420906603336334,0.1315685659646988,0.05048969388008118
577,0.23598867654800415,0.1255781501531601,0.03743647783994675
578,0.22601628303527832,0.12307119369506836,0.021578151732683182
579,0.21429437398910522,0.12404588609933853,0.0029170596972107887
580,0.20083007216453552,0.12849783897399902,-0.018546173349022865
581,0.24195918440818787,0.20661666989326477,0.1461344063282013
582,0.23900675773620605,0.18252570927143097,0.13858680427074432
583,0.23431439697742462,0.16191047430038452,0.1282263845205307
584,0.22787541151046753,0.14477546513080597,0.1150500550866127
585,0.21968716382980347,0.1311226785182953,0.0990588515996933
586,0.20974892377853394,0.12095265090465546,0.08025577664375305
587,0.19806042313575745,0.11426550149917603,0.058644313365221024
588,0.18462207913398743,0.11106085777282715,0.034228190779685974
589,0.16943597793579102,0.11133734881877899,0.007010669447481632
590,0.15250813961029053,0.11509132385253906,-0.023007171228528023
591,0.21974201500415802,0.20569740235805511,0.21902421116828918
592,0.2133156955242157,0.1809159517288208,0.20292842388153076
593,0.2051497846841812,0.15960925817489624,0.1840152144432068
594,0.1952381134033203,0.14178121089935303,0.1622837334871292
595,0.1835784614086151,0.1274339258670807,0.1377362757921219
596,0.17017000913619995,0.11656820774078369,0.11037634313106537
597,0.1550128161907196,0.10918426513671875,0.08020810782909393
598,0.13810782134532928,0.10528185218572617,0.04723595827817917
599,0.11945778876543045,0.10485982894897461,0.011464254930615425
600,0.09906947612762451,0.1079152524471283,-0.027104854583740234
601,0.32238060235977173,0.39933687448501587,-0.4309653639793396
602,0.34847670793533325,0.3809371590614319,-0.37203526496887207
603,0.3728426992893219,0.36601391434669495,-0.3159101903438568
604,0.39546486735343933,0.35457146167755127,-0.26258766651153564
605,0.4163341820240021,0.34661269187927246,-0.2120680809020996
606,0.4354454278945923,0.3421388268470764,-0.16435226798057556
607,0.4527963101863861,0.3411497473716736,-0.11944161355495453
608,0.46838852763175964,0.3436441123485565,-0.07733815908432007
609,0.48222815990448,0.34961915016174316,-0.03804491087794304
610,0.49432897567749023,0.35907089710235596,-0.0015656654722988605
611,0.33842766284942627,0.350824773311615,-0.3608699440956116
612,0.36105623841285706,0.33172664046287537,-0.31049150228500366
613,0.3819536864757538,0.31610623002052307,-0.26292189955711365
614,0.401106595993042,0.30396753549575806,-0.21815772354602814
615,0.4185066819190979,0.29531288146972656,-0.17619799077510834
616,0.43414896726608276,0.2901432514190674,-0.13704268634319305
617,0.4480317234992981,0.28845858573913574,-0.10069246590137482
618,0.4601566195487976,0.29025760293006897,-0.06714879721403122
619,0.4705298840999603,0.2955383062362671,-0.036414097994565964
620,0.47916561365127563,0.3042972683906555,-0.008491885848343372
621,0.3493495285511017,0.3085433542728424,-0.29040732979774475
622,0.36850908398628235,0.2887479364871979,-0.24858388304710388
623,0.3859374523162842,0.272429883480072,-0.20957091450691223
624,0.4016215205192566,0.2595939338207245,-0.17336544394493103
625,0.4155525267124176,0.250242680311203,-0.13996587693691254
626,0.42772579193115234,0.24437716603279114,-0.1093716025352478
627,0.4381397068500519,0.24199709296226501,-0.08158262073993683
628,0.4467962980270386,0.2431015819311142,-0.05659982189536095
629,0.45370247960090637,0.24768808484077454,-0.03442538157105446
630,0.4588722884654999,0.2557530403137207,-0.015062468126416206
631,0.355133980512619,0.2724990248680115,-0.2195759266614914
632,0.37082332372665405,0.2520076632499695,-0.18631017208099365
633,0.38478195667266846,0.2349926233291626,-0.15585525333881378
634,0.39699628949165344,0.22145956754684448,-0.12820923328399658
635,0.407457560300827,0.21141165494918823,-0.1033705621957779
636,0.4161611795425415,0.20485001802444458,-0.08133803308010101
637,0.42310580611228943,0.2017745077610016,-0.06211111694574356
638,0.4282936155796051,0.20218408107757568,-0.04569020867347717
639,0.4317319393157959,0.20607593655586243,-0.0320768766105175
640,0.4334350526332855,0.21344530582427979,-0.021274181082844734
641,0.35577523708343506,0.24269503355026245,-0.148377925157547
642,0.3679935932159424,0.22150862216949463,-0.1236710324883461
643,0.3784811794757843,0.20379747450351715,-0.10177507251501083
644,0.3872245252132416,0.18956799805164337,-0.08268912136554718
645,0.39421504735946655,0.17882372438907623,-0.06641174107789993
646,0.3994484543800354,0.1715659648180008,-0.05294140428304672
647,0.40292346477508545,0.16779477894306183,-0.04227706044912338
648,0.4046425521373749,0.16750876605510712,-0.03441839665174484
649,0.40461301803588867,0.17070499062538147,-0.02936643548309803
650,0.4028487801551819,0.1773778796195984,-0.0271239522844553
651,0.35127145051956177,0.21913206577301025,-0.0768161192536354
652,0.36001837253570557,0.19725105166435242,-0.06066840887069702
653,0.36703380942344666,0.17884467542171478,-0.04733157157897949
654,0.37230488657951355,0.16391955316066742,-0.03680572658777237
655,0.3758237957954407,0.15247942507266998,-0.029089607298374176
656,0.37758636474609375,0.1445256620645523,-0.024181444197893143
657,0.3775918781757355,0.14005835354328156,-0.022079555317759514
658,0.37584248185157776,0.13907618820667267,-0.022782979533076286
659,0.3723452687263489,0.14157596230506897,-0.02629210613667965
660,0.3671131134033203,0.14755192399024963,-0.03260931745171547
661,0.3416241705417633,0.20180892944335938,-0.004894024692475796
662,0.3468993306159973,0.17923352122306824,0.002695190953090787
663,0.350441575050354,0.16013270616531372,0.007473415695130825
664,0.3522394597530365,0.14451280236244202,0.009439674206078053
665,0.3522859215736389,0.13237729668617249,0.008595067076385021
666,0.35057753324508667,0.1237276941537857,0.004941719584167004
667,0.34711354970932007,0.11856401711702347,-0.0015182041097432375
668,0.3418963551521301,0.11688503623008728,-0.01078310701996088
669,0.3349319100379944,0.11868774890899658,-0.02285255864262581
670,0.32623186707496643,0.12396663427352905,-0.037728630006313324
671,0.3268379867076874,0.19072306156158447,0.06738443672657013
672,0.328640878200531,0.16745369136333466,0.06641662865877151
673,0.32870936393737793,0.14765921235084534,0.06263736635446548
674,0.3270334005355835,0.1313452124595642,0.056044984608888626
675,0.32360711693763733,0.11851486563682556,0.04664067178964615
676,0.3184276819229126,0.10916949808597565,0.034426867961883545
677,0.3114946484565735,0.10330923646688461,0.01940624788403511
678,0.30281001329421997,0.1009330153465271,0.0015810774639248848
679,0.292379230260849,0.1020381897687912,-0.019047658890485764
680,0.28021183609962463,0.10661979019641876,-0.042481303215026855
681,0.30692058801651,0.18587109446525574,0.14001469314098358
682,0.30525073409080505,0.16190847754478455,0.13049225509166718
683,0.30184558033943176,0.14142096042633057,0.11815696209669113
684,0.2966960072517395,0.12441335618495941,0.10300709307193756
685,0.2897973656654358,0.11088838428258896,0.0850442424416542
686,0.28114718198776245,0.10084732621908188,0.0642712339758873
687,0.2707451581954956,0.0942903533577919,0.04069129005074501
688,0.25859344005584717,0.09121664613485336,0.014307284727692604
689,0.24469664692878723,0.09162401407957077,-0.01487902831286192
690,0.2290634959936142,0.09550811350345612,-0.04686872288584709
691,0.28188401460647583,0.1872488111257553,0.2129932940006256
692,0.27674156427383423,0.1625940352678299,0.19491887092590332
693,0.2698635756969452,0.14141392707824707,0.17402860522270203
694,0.2612418532371521,0.12371259927749634,0.1503218561410904
695,0.2508717477321625,0.10949280858039856,0.12380106747150421
696,0.2387511432170868,0.09875594079494476,0.09446972608566284
697,0.2248799204826355,0.09150230884552002,0.06233153119683266
698,0.20926055312156677,0.08773116767406464,0.027390066534280777
699,0.19189798831939697,0.0874405950307846,-0.010352213867008686
700,0.17280089855194092,0.09062685072422028,-0.05089564621448517
701,0.41887420415878296,0.3549375534057617,-0.44447779655456543
702,0.44625601172447205,0.33666592836380005,-0.3875065743923187
703,0.47190913558006287,0.3218700885772705,-0.3333432972431183
704,0.4958204925060272,0.31055501103401184,-0.28198468685150146
705,0.5179799795150757,0.3027243912220001,-0.23342996835708618
706,0.5383815765380859,0.2983803451061249,-0.18767927587032318
707,0.5570234060287476,0.29752281308174133,-0.1447334885597229
708,0.5739085674285889,0.30014973878860474,-0.10459452867507935
709,0.5890448689460754,0.30625736713409424,-0.06726542860269547
710,0.6024463176727295,0.31584107875823975,-0.0327499695122242
711,0.4320942163467407,0.3087156414985657,-0.37429818511009216
712,0.45600637793540955,0.28974753618240356,-0.32588234543800354
713,0.4781895875930786,0.2742556631565094,-0.2802766263484955
714,0.4986306428909302,0.26224493980407715,-0.2374773919582367
715,0.5173200368881226,0.2537188231945038,-0.19748304784297943
716,0.5342523455619812,0.24867895245552063,-0.16029322147369385
717,0.5494258999824524,0.24712534248828888,-0.12590838968753815
718,0.5628435015678406,0.24905630946159363,-0.09432990849018097
719,0.5745130777359009,0.2544683814048767,-0.06556051224470139
720,0.5844489336013794,0.2633572518825531,-0.03960389643907547
721,0.4401908218860626,0.26872462034225464,-0.3037545680999756
722,0.46063295006752014,0.24906043708324432,-0.26389604806900024
723,0.479346364736557,0.23287196457386017,-0.2268487960100174
724,0.49631771445274353,0.22016480565071106,-0.19260941445827484
725,0.5115375518798828,0.21094249188899994,-0.16117602586746216
726,0.5250003337860107,0.20520669221878052,-0.13254767656326294
727,0.5367048382759094,0.202957421541214,-0.10672435909509659
728,0.5466539263725281,0.20419296622276306,-0.08370714634656906
729,0.5548560619354248,0.20890994369983673,-0.06349848955869675
730,0.5613254308700562,0.21710343658924103,-0.04610208049416542
731,0.4431520104408264,0.23497062921524048,-0.23284409940242767
732,0.46012336015701294,0.21461082994937897,-0.2015446126461029
733,0.4753664433956146,0.19772617518901825,-0.17305679619312286
734,0.4888676702976227,0.18432264029979706,-0.14737793803215027
735,0.5006174445152283,0.1744040846824646,-0.12450604885816574
736,0.5106104016304016,0.16797223687171936,-0.10443981736898422
737,0.5188453197479248,0.1650271862745285,-0.0871787741780281
738,0.5253255367279053,0.16556717455387115,-0.07272355258464813
739,0.5300594568252563,0.16958864033222198,-0.061076272279024124
740,0.5330616235733032,0.17708611488342285,-0.05224066972732544
741,0.44097039103507996,0.20745742321014404,-0.16156750917434692
742,0.45447054505348206,0.18640263378620148,-0.13882775604724884
743,0.46624255180358887,0.1688222736120224,-0.11889995634555817
744,0.4762727618217468,0.15472270548343658,-0.10178200155496597
745,0.4845516085624695,0.14410801231861115,-0.08747196942567825
746,0.4910741448402405,0.13698013126850128,-0.0759681686758995
747,0.49583935737609863,0.13333912193775177,-0.0672697201371193
748,0.4988504648208618,0.13318319618701935,-0.06137678399682045
749,0.5001160502433777,0.13650862872600555,-0.058291032910346985
750,0.49965038895606995,0.14330950379371643,-0.05801626294851303
751,0.43364331126213074,0.1861865222454071,-0.08992674946784973
752,0.4436722695827484,0.16443683207035065,-0.07574686408042908
753,0.4519723057746887,0.14616121351718903,-0.06437908858060837
754,0.458530455827713,0.13136614859104156,-0.05582196265459061
755,0.4633377492427826,0.12005570530891418,-0.050073616206645966
756,0.4663894772529602,0.11223183572292328,-0.04713211953639984
757,0.4676848351955414,0.10789456963539124,-0.046996161341667175
758,0.467227041721344,0.10704223066568375,-0.04966532811522484
759,0.4650242030620575,0.10967110842466354,-0.05514086037874222
760,0.46108999848365784,0.11577536165714264,-0.06342636793851852
761,0.42117244005203247,0.17115697264671326,-0.01792474091053009
762,0.42773008346557617,0.14871229231357574,-0.012304238975048065
763,0.4325575530529022,0.12974190711975098,-0.009495969861745834
764,0.43564289808273315,0.11425194144248962,-0.009499148465692997
765,0.4369780719280243,0.10224612057209015,-0.012311962433159351
766,0.4365587830543518,0.0937262624502182,-0.017932213842868805
767,0.434384286403656,0.0886925756931305,-0.02635810896754265
768,0.43045780062675476,0.0871434211730957,-0.037588801234960556
769,0.42478686571121216,0.08907537162303925,-0.05162501707673073
770,0.41738367080688477,0.0944828912615776,-0.06846997141838074
771,0.40356317162513733,0.16236570477485657,0.054434847086668015
772,0.40664929151535034,0.13922636210918427,0.05149705335497856
773,0.4080038070678711,0.11956179141998291,0.04574672877788544
774,0.4076160490512848,0.1033773124217987,0.037184059619903564
775,0.405478835105896,0.09067635238170624,0.025810958817601204
776,0.40158846974372864,0.08146066963672638,0.011629883199930191
777,0.39594435691833496,0.07573041319847107,-0.005356955341994762
778,0.3885495960712433,0.07348418980836868,-0.025148190557956696
779,0.37941089272499084,0.0747189000248909,-0.047744136303663254
780,0.3685389757156372,0.07942956686019897,-0.07314752787351608
781,0.3808242678642273,0.15980881452560425,0.1271481215953827
782,0.38043877482414246,0.13597531616687775,0.11565346270799637
783,0.37832045555114746,0.11561691761016846,0.10134562849998474
784,0.3744598627090454,0.09873819351196289,0.0842243880033493
785,0.3688506782054901,0.08534225821495056,0.06429190933704376
786,0.3614894449710846,0.07543078064918518,0.041551001369953156
787,0.3523758053779602,0.06900393962860107,0.016004284843802452
788,0.3415128290653229,0.06606052815914154,-0.012346404604613781
789,0.3289066553115845,0.06659787148237228,-0.04350077733397484
790,0.31456685066223145,0.07061152160167694,-0.07746139913797379
791,0.35296714305877686,0.16348201036453247,0.20021218061447144
792,0.34911033511161804,0.13895486295223236,0.18016228079795837
793,0.3435201942920685,0.11790270358324051,0.15729740262031555
794,0.33618807792663574,0.10032954066991806,0.13161787390708923
795,0.32710781693458557,0.08623847365379333,0.10312629491090775
796,0.3162761330604553,0.07563111186027527,0.07182615250349045
797,0.30369266867637634,0.06850781291723251,0.03772039711475372
798,0.28936082124710083,0.06486742943525314,0.0008113482035696507
799,0.2732870280742645,0.06470742076635361,-0.038900312036275864
800,0.25548022985458374,0.06802397966384888,-0.08141674846410751
801,0.5243033766746521,0.30522483587265015,-0.464719295501709
802,0.5529730916023254,0.28708118200302124,-0.4097083806991577
803,0.5799140334129333,0.27241307497024536,-0.35750722885131836
804,0.6051140427589417,0.2612256705760956,-0.3081126809120178
805,0.6285630464553833,0.2535235583782196,-0.2615232765674591
806,0.6502547264099121,0.24930939078330994,-0.21773841977119446
807,0.6701875925064087,0.24858316779136658,-0.17675843834877014
808,0.6883653998374939,0.25134217739105225,-0.13858485221862793
809,0.7047969102859497,0.2575821876525879,-0.1032206192612648
810,0.7194949984550476,0.2672978639602661,-0.07066935300827026
811,0.5346988439559937,0.261292964220047,-0.39445704221725464
812,0.5598973035812378,0.24245433509349823,-0.3480044901371002
813,0.5833667516708374,0.22709134221076965,-0.3043626546859741
814,0.6050954461097717,0.21520912647247314,-0.2635282874107361
815,0.6250737309455872,0.20681187510490417,-0.22549961507320404
816,0.6432957649230957,0.2019018828868866,-0.1902758628129959
817,0.6597602367401123,0.20047912001609802,-0.15785714983940125
818,0.6744707822799683,0.20254135131835938,-0.12824475765228271
819,0.6874356269836426,0.20808453857898712,-0.10144125670194626
820,0.6986677050590515,0.21710368990898132,-0.07745036482810974
821,0.5399712324142456,0.22359248995780945,-0.3238328993320465
822,0.5616983771324158,0.20405888557434082,-0.28593960404396057
823,0.5816971659660339,0.1880003809928894,-0.25085774064064026
824,0.5999553799629211,0.17542260885238647,-0.21858425438404083
825,0.6164636015892029,0.16632962226867676,-0.18911714851856232
826,0.6312158703804016,0.16072365641593933,-0.16245517134666443
827,0.6442111134529114,0.15860477089881897,-0.13859823346138
828,0.6554530262947083,0.15997081995010376,-0.11754738539457321
829,0.6649501323699951,0.1648178994655609,-0.09930513054132462
830,0.6727154850959778,0.1731405407190323,-0.08387529850006104
831,0.5401089191436768,0.19212926924228668,-0.2528437077999115
832,0.5583646297454834,0.17190074920654297,-0.2235105186700821
833,0.5748925805091858,0.1551467776298523,-0.1969892680644989
834,0.5896804332733154,0.14187313616275787,-0.17327724397182465
835,0.6027181148529053,0.13208431005477905,-0.15237213671207428
836,0.6140003204345703,0.1257823407649994,-0.1342724710702896
837,0.6235259771347046,0.12296740710735321,-0.1189778596162796
838,0.6312986612319946,0.12363743782043457,-0.10648900270462036
839,0.637327253818512,0.1277882158756256,-0.09680835902690887
840,0.6416254639625549,0.1354142278432846,-0.08993992954492569
841,0.5351042747497559,0.16690748929977417,-0.1814892739057541
842,0.5498884320259094,0.1459839642047882,-0.16071636974811554
843,0.5629452466964722,0.12853458523750305,-0.14275604486465454
844,0.5742617845535278,0.114565409719944,-0.12760557234287262
845,0.5838286876678467,0.1040806695818901,-0.11526264995336533
846,0.5916404128074646,0.09708274155855179,-0.10572551935911179
847,0.59769606590271,0.09357162564992905,-0.09899343550205231
848,0.6019994020462036,0.09354531019926071,-0.09506683051586151
849,0.6045592427253723,0.09699974209070206,-0.09394779056310654
850,0.6053893566131592,0.1039290800690651,-0.095640629529953
851,0.5249539613723755,0.1479288637638092,-0.10977062582969666
852,0.5362669825553894,0.12631016969680786,-0.09755796939134598
853,0.5458521842956543,0.10816556960344315,-0.08815839886665344
854,0.5536969900131226,0.09350097924470901,-0.08156931400299072
855,0.5597922801971436,0.08232059329748154,-0.07778839021921158
856,0.5641331672668457,0.0746266320347786,-0.07681363075971603
857,0.5667187571525574,0.07041918486356735,-0.07864391058683395
858,0.5675528049468994,0.0696963369846344,-0.0832793116569519
859,0.5666436553001404,0.07245413213968277,-0.09072170406579971
860,0.5640047788619995,0.07868698984384537,-0.10097521543502808
861,0.5096597075462341,0.1351926028728485,-0.037689972668886185
862,0.5175018906593323,0.1128784716129303,-0.03403731435537338
863,0.5236150026321411,0.09403891861438751,-0.03319794684648514
864,0.5279877185821533,0.07867913693189621,-0.035169824957847595
865,0.5306113362312317,0.06680329889059067,-0.03995038941502571
866,0.5314810872077942,0.05841334909200668,-0.04753747954964638
867,0.5305966138839722,0.053509388118982315,-0.057929620146751404
868,0.5279611945152283,0.05208982899785042,-0.07112652063369751
869,0.5235830545425415,0.05415083467960358,-0.08712974935770035
870,0.5174744129180908,0.059687260538339615,-0.10594316571950912
871,0.48922765254974365,0.1286955326795578,0.03474954888224602
872,0.49359920620918274,0.10568610578775406,0.029842780902981758
873,0.49624016880989075,0.08615169674158096,0.022122513502836227
874,0.4971403479576111,0.07009706646203995,0.011590443551540375
875,0.49629220366477966,0.057525817304849625,-0.0017509462777525187
876,0.49369093775749207,0.048439886420965195,-0.017899125814437866
877,0.4893362522125244,0.04283953458070755,-0.036852337419986725
878,0.48323169350624084,0.04072301834821701,-0.05861003324389458
879,0.47538456320762634,0.0420871265232563,-0.08317344635725021
880,0.4658058285713196,0.04692716896533966,-0.11054588854312897
881,0.46366673707962036,0.12843337655067444,0.10754440724849701
882,0.464567631483078,0.10472887009382248,0.09407901018857956
883,0.4637369215488434,0.08449974656105042,0.07779969274997711
884,0.461165189743042,0.0677502453327179,0.05870797485113144
885,0.45684537291526794,0.05448369309306145,0.03680649772286415
886,0.45077332854270935,0.04470190778374672,0.012097960337996483
887,0.44294852018356323,0.03840505704283714,-0.015415513888001442
888,0.4333744943141937,0.0355917364358902,-0.04573311284184456
889,0.42205843329429626,0.03625892847776413,-0.07885561138391495
890,0.4090098440647125,0.040402501821517944,-0.11478619277477264
891,0.43298736214637756,0.1344015896320343,0.18069201707839966
892,0.43041807413101196,0.11000220477581024,0.15866856276988983
893,0.4261166453361511,0.08907825499773026,0.13383039832115173
894,0.42007431387901306,0.07163363695144653,0.10617908090353012
895,0.4122839570045471,0.05767155811190605,0.07571759819984436
896,0.40274137258529663,0.04719388857483864,0.0424492210149765
897,0.3914460837841034,0.04020087793469429,0.00637635076418519
898,0.37840187549591064,0.03669101744890213,-0.03250020742416382
899,0.36361607909202576,0.036661554127931595,-0.074180968105793
900,0.3470979928970337,0.04010862112045288,-0.11866909265518188
901,0.6386663317680359,0.25020360946655273,-0.49169743061065674
902,0.6686256527900696,0.23218773305416107,-0.43864819407463074
903,0.6968551278114319,0.21764717996120453,-0.38840851187705994
904,0.7233444452285767,0.20658721029758453,-0.3409763276576996
905,0.7480833530426025,0.19901345670223236,-0.29635027050971985
906,0.771065890789032,0.19492904841899872,-0.2545296251773834
907,0.7922906875610352,0.19433404505252838,-0.21551448106765747
908,0.811761736869812,0.1972254365682602,-0.17930598556995392
909,0.8294877409934998,0.2035980075597763,-0.1459067314863205
910,0.8454792499542236,0.21344590187072754,-0.11531981080770493
911,0.6462396383285522,0.20856165885925293,-0.4213544428348541
912,0.6727263331413269,0.18985213339328766,-0.3768654465675354
913,0.6974828839302063,0.1746179759502411,-0.3351863920688629
914,0.7204993367195129,0.16286447644233704,-0.2963153123855591
915,0.7417666912078857,0.15459616482257843,-0.2602505385875702
916,0.761279284954071,0.1498159021139145,-0.22699137032032013
917,0.7790359854698181,0.14852359890937805,-0.19653791189193726
918,0.7950401902198792,0.15071696043014526,-0.16889122128486633
919,0.8092997670173645,0.15639138221740723,-0.14405368268489838
920,0.8218254446983337,0.16554152965545654,-0.12202821671962738
921,0.6486890316009521,0.17315146327018738,-0.3506494462490082
922,0.6717029809951782,0.15374809503555298,-0.31472113728523254
923,0.6929876804351807,0.13781951367855072,-0.28160345554351807
924,0.7125328779220581,0.1253712922334671,-0.2512942850589752
925,0.7303293943405151,0.11640780419111252,-0.22379182279109955
926,0.7463718056678772,0.11093156784772873,-0.19909505546092987
927,0.7606591582298279,0.10894270241260529,-0.17720384895801544
928,0.7731946706771851,0.11043901741504669,-0.15811921656131744
929,0.7839865684509277,0.11541617661714554,-0.14184342324733734
930,0.7930457592010498,0.1238686665892601,-0.12837988138198853
931,0.6460040807723999,0.1439782977104187,-0.27957993745803833
932,0.6655451655387878,0.12388090789318085,-0.25221264362335205
933,0.6833583116531372,0.10725757479667664,-0.2276567667722702
934,0.6994321942329407,0.09411424398422241,-0.20590996742248535
935,0.7137578725814819,0.08445519953966141,-0.1869703084230423
936,0.7263298034667969,0.07828300446271896,-0.17083640396595
937,0.7371471524238586,0.07559780776500702,-0.15750792622566223
938,0.7462133169174194,0.07639732211828232,-0.146985724568367
939,0.7535367608070374,0.08067746460437775,-0.13927200436592102
940,0.759128987789154,0.08843251317739487,-0.13437055051326752
941,0.6381763219833374,0.12104713171720505,-0.20814518630504608
942,0.6542452573776245,0.1002550721168518,-0.18933889269828796
943,0.6685868501663208,0.0829368606209755,-0.17334489524364471
944,0.6811892986297607,0.06909821182489395,-0.16016066074371338
945,0.6920438408851624,0.05874348059296608,-0.1497839093208313
946,0.7011450529098511,0.051875222474336624,-0.14221309125423431
947,0.7084920406341553,0.0484936460852623,-0.1374475508928299
948,0.7140883803367615,0.048596568405628204,-0.13548783957958221
949,0.7179425954818726,0.05217986926436424,-0.13633617758750916
950,0.7200669050216675,0.05923788994550705,-0.1399965137243271
951,0.6252024173736572,0.10436027497053146,-0.13634608685970306
952,0.6378002762794495,0.08287285268306732,-0.12610064446926117
953,0.6486703157424927,0.06485941261053085,-0.1186683252453804
954,0.6578012704849243,0.050325386226177216,-0.11404643207788467
955,0.6651843190193176,0.039274971932172775,-0.11223244667053223
956,0.6708143949508667,0.03171065077185631,-0.11322455108165741
957,0.674690842628479,0.027632690966129303,-0.11702180653810501
958,0.6768171191215515,0.027038956061005592,-0.12362444400787354
959,0.6772017478942871,0.02992554008960724,-0.13303455710411072
960,0.6758566498756409,0.0362870953977108,-0.14525596797466278
961,0.6070844531059265,0.0939171090722084,-0.06418469548225403
962,0.6162121891975403,0.07173376530408859,-0.06249995902180672
963,0.6236109733581543,0.053024888038635254,-0.06362906098365784
964,0.6292701363563538,0.03779541328549385,-0.06756898015737534
965,0.633181631565094,0.026049327105283737,-0.07431729882955551
966,0.6353404521942139,0.01778896525502205,-0.08387187868356705
967,0.6357463002204895,0.013014545664191246,-0.09623145312070847
968,0.6344022750854492,0.011724142357707024,-0.11139604449272156
969,0.6313168406486511,0.013914167881011963,-0.12936735153198242
970,0.6265009045600891,0.019579727202653885,-0.15014907717704773
971,0.5838290452957153,0.08971454203128815,0.008335873484611511
972,0.5894871950149536,0.06683485954999924,0.0014600971480831504
973,0.5934149026870728,0.04743041470646858,-0.008229902945458889
974,0.5956026315689087,0.031505487859249115,-0.020731240510940552
975,0.5960425734519958,0.01906375214457512,-0.03604121506214142
976,0.5947301983833313,0.010107342153787613,-0.054157555103302
977,0.5916652083396912,0.004636462777853012,-0.0750788152217865
978,0.5868508815765381,0.002649519592523575,-0.09880457073450089
979,0.5802948474884033,0.004143066704273224,-0.1253364533185959
980,0.5720071792602539,0.009112861007452011,-0.15467779338359833
981,0.5554454326629639,0.09174735099077225,0.08121216297149658
982,0.5576342940330505,0.06817155331373215,0.06577615439891815
983,0.5580914616584778,0.04807154834270477,0.04752567410469055
984,0.556808352470398,0.031451012939214706,0.026463322341442108
985,0.5537773370742798,0.01831350103020668,0.0025921030901372433
986,0.5489940643310547,0.00866108387708664,-0.02408537082374096
987,0.5424579977989197,0.0024939626455307007,-0.0535673126578331
988,0.5341728329658508,-0.00018936395645141602,-0.08585341274738312
989,0.5241459012031555,0.0006078258156776428,-0.12094500660896301
990,0.5123866200447083,0.004881851375102997,-0.15884527564048767
991,0.5219424962997437,0.10001103579998016,0.15444187819957733
992,0.5206623673439026,0.07573924958705902,0.13044579327106476
993,0.5176504254341125,0.05494328588247299,0.10363464802503586
994,0.5128981471061707,0.037626713514328,0.07401104271411896
995,0.5063974857330322,0.023793183267116547,0.04157870635390282
996,0.49814361333847046,0.013444818556308746,0.006340783089399338
997,0.4881358742713928,0.006581902503967285,-0.03170086070895195
998,0.47637853026390076,0.0032027587294578552,-0.07254608720541
999,0.46287986636161804,0.0033040493726730347,-0.11619643867015839
1000,0.4476487636566162,0.006882227957248688,-0.16265510022640228
