1,0.4797,0.470851,0.462162,0.453629,0.445231,0.436966,0.428815,0.420774,0.412833,0.404986,0.397218
2,0.4797,0.469403,0.459269,0.449294,0.439457,0.429755,0.420171,0.4107,0.401331,0.392062,0.382873
3,0,-2.22558e-06,-8.91516e-06,-2.0088e-05,-3.57632e-05,-5.59602e-05,-8.06976e-05,-0.000109995,-0.00014387,-0.000182303,-0.000225369
4,0,8.69487e-08,3.60501e-07,8.39959e-07,1.54507e-06,2.49579e-06,3.71256e-06,5.21625e-06,7.02802e-06,9.17412e-06,1.16699e-05
5,0.110837,0.134484,0.45503,-3.89144,-0.824518,-0.349706,-0.256178,-0.228394,-0.219817,-0.218791,-0.222327
6,0.110837,0.133894,0.453852,-3.89321,-0.826875,-0.352651,-0.259714,-0.23252,-0.224533,-0.224094,-0.22822
7,0.479702,0.470852,0.462163,0.453631,0.445231,0.436965,0.428819,0.420774,0.412833,0.404987,0.39722
8,0.479702,0.469404,0.45927,0.449295,0.439457,0.429755,0.420174,0.4107,0.401332,0.392063,0.382874
9,0,-2.22558e-06,-8.91516e-06,-2.0088e-05,-3.57632e-05,-5.59602e-05,-8.06976e-05,-0.000109995,-0.00014387,-0.000182303,-0.000225368
10,0,8.69487e-08,3.60501e-07,8.39961e-07,1.54507e-06,2.49577e-06,3.71255e-06,5.21628e-06,7.02797e-06,9.17408e-06,1.16698e-05
11,0.110836,0.134464,0.454515,-3.88909,-0.824832,-0.34969,-0.256151,-0.228396,-0.219822,-0.218798,-0.222326
12,0.110836,0.133875,0.453337,-3.89085,-0.827189,-0.352636,-0.259687,-0.232522,-0.224538,-0.224101,-0.228219
13,0.479703,0.470854,0.462165,0.453632,0.44523,0.436966,0.428816,0.420774,0.412833,0.404986,0.397218
14,0.479703,0.469406,0.459272,0.449296,0.439456,0.429755,0.420172,0.410701,0.401332,0.392062,0.382873
15,0,-2.22558e-06,-8.91516e-06,-2.0088e-05,-3.57632e-05,-5.59601e-05,-8.06976e-05,-0.000109995,-0.00014387,-0.000182303,-0.000225368
16,0,8.69482e-08,3.60503e-07,8.39967e-07,1.54505e-06,2.49576e-06,3.71254e-06,5.2163e-06,7.02792e-06,9.17398e-06,1.16698e-05
17,0.110834,0.134521,0.455019,-3.89109,-0.824694,-0.349646,-0.256091,-0.228374,-0.219822,-0.218787,-0.222335
18,0.110834,0.133932,0.45384,-3.89286,-0.827051,-0.352592,-0.259627,-0.2325,-0.224538,-0.22409,-0.228229
19,0.479701,0.470858,0.462167,0.453633,0.445233,0.436965,0.42881,0.420776,0.412835,0.404984,0.397212
20,0.479701,0.469408,0.459274,0.449295,0.439458,0.429754,0.420168,0.410702,0.401333,0.392061,0.382869
21,0,-2.22558e-06,-8.91515e-06,-2.0088e-05,-3.57632e-05,-5.59601e-05,-8.06976e-05,-0.000109995,-0.00014387,-0.000182303,-0.000225368
22,0,8.69481e-08,3.60506e-07,8.39989e-07,1.54505e-06,2.49581e-06,3.71256e-06,5.21635e-06,7.02795e-06,9.17398e-06,1.16697e-05
23,0.110834,0.134512,0.454713,-3.88909,-0.824382,-0.349732,-0.256158,-0.228365,-0.219831,-0.218787,-0.222334
24,0.110834,0.133923,0.453534,-3.89085,-0.826737,-0.352679,-0.259695,-0.23249,-0.224546,-0.224089,-0.228228
25,0.4797,0.470858,0.462174,0.453633,0.445232,0.436962,0.428805,0.420776,0.412833,0.404979,0.397212
26,0.4797,0.469408,0.459279,0.449295,0.439458,0.429751,0.420165,0.410702,0.401331,0.392057,0.38287
27,0,-2.22558e-06,-8.91516e-06,-2.0088e-05,-3.57632e-05,-5.59602e-05,-8.06976e-05,-0.000109995,-0.00014387,-0.000182303,-0.000225368
28,0,8.69488e-08,3.60513e-07,8.40007e-07,1.54507e-06,2.49584e-06,3.71263e-06,5.21644e-06,7.02798e-06,9.17411e-06,1.16698e-05
29,0.110837,0.134464,0.453891,-3.88883,-0.825506,-0.34988,-0.256191,-0.228404,-0.219821,-0.218789,-0.222329
30,0.110837,0.133875,0.452712,-3.89059,-0.827862,-0.352827,-0.259728,-0.232531,-0.224535,-0.224091,-0.228223
31,0.479701,0.47085,0.462176,0.453638,0.445222,0.436967,0.428808,0.42077,0.412833,0.404982,0.397217
32,0.479701,0.469403,0.45928,0.449299,0.439449,0.429755,0.420168,0.410697,0.401332,0.392059,0.382873
33,0,-2.22558e-06,-8.91516e-06,-2.0088e-05,-3.57632e-05,-5.59601e-05,-8.06976e-05,-0.000109995,-0.00014387,-0.000182303,-0.000225368
34,0,8.69492e-08,3.60518e-07,8.39991e-07,1.54509e-06,2.4958e-06,3.71264e-06,5.21641e-06,7.02794e-06,9.17419e-06,1.16698e-05
35,0.110836,0.134464,0.453888,-3.8959,-0.826152,-0.349461,-0.256135,-0.228424,-0.219809,-0.218792,-0.222333
36,0.110836,0.133873,0.452708,-3.89767,-0.828509,-0.352407,-0.259673,-0.232552,-0.224523,-0.224095,-0.228228
37,0.479702,0.470839,0.462168,0.45364,0.445217,0.436974,0.428809,0.420769,0.412837,0.404993,0.397217
38,0.479702,0.469394,0.459275,0.4493,0.439446,0.429761,0.420167,0.410696,0.401334,0.392069,0.382872
39,0,-2.22558e-06,-8.91515e-06,-2.0088e-05,-3.57632e-05,-5.59601e-05,-8.06974e-05,-0.000109994,-0.00014387,-0.000182303,-0.000225368
40,0,8.69481e-08,3.60511e-07,8.39975e-07,1.54507e-06,2.49578e-06,3.71262e-06,5.21628e-06,7.02789e-06,9.17407e-06,1.16698e-05
41,0.110835,0.134472,0.454245,-3.8981,-0.825306,-0.349264,-0.25617,-0.228393,-0.219818,-0.218804,-0.222323
42,0.110835,0.133881,0.453066,-3.89986,-0.827662,-0.352209,-0.259708,-0.232521,-0.224533,-0.224109,-0.228217
43,0.479701,0.470829,0.462159,0.453638,0.445217,0.436969,0.428806,0.420775,0.412843,0.404993,0.39721
44,0.479701,0.469386,0.459267,0.4493,0.439445,0.429758,0.420164,0.410701,0.401338,0.392068,0.382867
45,0,-2.22558e-06,-8.91514e-06,-2.0088e-05,-3.57632e-05,-5.596e-05,-8.06974e-05,-0.000109994,-0.00014387,-0.000182302,-0.000225368
46,0,8.69482e-08,3.60504e-07,8.39977e-07,1.54503e-06,2.49579e-06,3.71264e-06,5.21624e-06,7.02798e-06,9.17395e-06,1.16699e-05
47,0.110834,0.134509,0.454813,-3.89698,-0.824765,-0.349481,-0.256133,-0.228374,-0.219831,-0.218798,-0.222327
48,0.110834,0.13392,0.453636,-3.89874,-0.827119,-0.352426,-0.25967,-0.232499,-0.224548,-0.224103,-0.228221
49,6.6676e-17,0.00239901,0.00478999,0.00717282,0.009548,0.0119156,0.0142739,0.0166252,0.0189672,0.0212992,0.0236241
50,-1.93296e-16,0.00110706,0.0022145,0.00332568,0.00443579,0.00554911,0.00666522,0.00778119,0.00889869,0.0100175,0.0111391
51,1.7554e-16,0.00239941,0.00478996,0.00717329,0.00954815,0.0119154,0.0142743,0.0166252,0.0189669,0.0212996,0.0236241
52,1.47374e-16,0.0011069,0.00221513,0.00332547,0.00443604,0.0055497,0.00666526,0.00778092,0.0088986,0.0100182,0.0111393
53,-9.19836e-17,0.00239965,0.00479044,0.00717325,0.0095484,0.0119157,0.0142745,0.016625,0.0189674,0.0212999,0.0236238
54,9.49144e-17,0.00110685,0.0022157,0.00332506,0.00443572,0.00555022,0.00666541,0.00778058,0.0088989,0.010018,0.0111394
55,-2.3163e-16,0.00239916,0.00479061,0.0071725,0.00954858,0.0119163,0.0142737,0.0166255,0.0189683,0.0212995,0.0236234
56,-1.49031e-16,0.00110623,0.00221591,0.00332487,0.00443525,0.00555059,0.00666582,0.0077815,0.00889912,0.0100175,0.0111393
57,5.41082e-17,0.00239854,0.0047913,0.00717203,0.0095473,0.0119157,0.0142727,0.0166248,0.018968,0.0212989,0.0236239
58,2.65704e-17,0.00110613,0.00221688,0.00332377,0.00443571,0.00554948,0.00666546,0.00778298,0.00889806,0.0100175,0.0111387
59,1.61879e-18,0.00239799,0.00479273,0.00717156,0.00954453,0.0119162,0.0142719,0.0166228,0.0189672,0.0212984,0.0236234
60,-2.80664e-17,0.00110714,0.00221694,0.00332286,0.00443665,0.00554632,0.00666528,0.00778319,0.0088977,0.0100182,0.0111384
61,-3.10635e-16,0.00239638,0.00479099,0.00717193,0.0095435,0.0119184,0.0142719,0.0166227,0.0189673,0.0212991,0.023621
62,1.43336e-16,0.00110759,0.00221536,0.00332327,0.00443689,0.00554463,0.00666469,0.00778181,0.00889903,0.0100191,0.0111379
63,-2.64172e-16,0.0023944,0.00478894,0.00717246,0.00954378,0.0119185,0.0142716,0.0166246,0.0189682,0.0213007,0.0236207
64,1.43308e-16,0.00110695,0.00221446,0.00332324,0.00443682,0.0055453,0.0066635,0.00778018,0.00889927,0.0100182,0.0111373
65,6.6676e-17,0.00173183,0.00346339,0.00519415,0.00692523,0.00865579,0.0103854,0.0121147,0.0138427,0.0155684,0.0172947
66,-1.93296e-16,0.000983695,0.00196802,0.00295449,0.00394398,0.00493485,0.00592793,0.00692229,0.00791797,0.00891625,0.009917
67,1.7554e-16,0.00173162,0.00346373,0.00519397,0.00692536,0.00865601,0.0103856,0.0121151,0.0138424,0.0155687,0.0172944
68,1.47374e-16,0.000983426,0.00196864,0.00295493,0.00394365,0.00493482,0.00592767,0.00692221,0.00791813,0.00891692,0.0099166
69,-9.19836e-17,0.00173106,0.00346403,0.00519413,0.00692488,0.00865587,0.0103865,0.0121149,0.0138422,0.0155681,0.0172952
70,9.49144e-17,0.000983529,0.00196799,0.00295469,0.00394373,0.00493482,0.00592738,0.00692171,0.00791832,0.00891773,0.0099164
71,-2.3163e-16,0.00172997,0.00346392,0.00519342,0.006924,0.0086559,0.0103888,0.0121147,0.0138421,0.0155681,0.0172967
72,-1.49031e-16,0.000983979,0.00196754,0.0029539,0.00394435,0.00493481,0.00592804,0.00692189,0.00791848,0.00891759,0.00991645
73,5.41082e-17,0.00173027,0.00346284,0.00519223,0.0069252,0.00865602,0.0103903,0.0121161,0.0138429,0.0155694,0.0172964
74,2.65704e-17,0.000983131,0.00196788,0.00295463,0.00394518,0.00493471,0.00592938,0.00692228,0.00791888,0.00891761,0.00991625
75,1.61879e-18,0.00173175,0.00346184,0.00519228,0.00692671,0.00865422,0.0103897,0.0121169,0.0138434,0.0155704,0.0172957
76,-2.80664e-17,0.000982553,0.00196731,0.00295637,0.00394513,0.00493475,0.00592871,0.00692181,0.00791906,0.00891732,0.00991511
77,-3.10635e-16,0.00173272,0.00346227,0.00519337,0.00692706,0.00865406,0.0103886,0.0121155,0.0138416,0.0155713,0.0172965
78,1.43336e-16,0.000983796,0.00196767,0.002957,0.00394533,0.00493553,0.00592703,0.00692195,0.0079185,0.00891591,0.00991491
79,-2.64172e-16,0.00173333,0.00346303,0.00519433,0.00692764,0.00865612,0.0103876,0.0121143,0.0138398,0.0155716,0.0172968
80,1.43308e-16,0.000984986,0.0019692,0.00295714,0.00394589,0.00493591,0.00592694,0.00692291,0.00791836,0.00891491,0.00991583
81,6.6676e-17,0.00151212,0.00302599,0.00454235,0.00606016,0.00757925,0.00910094,0.0106238,0.0121485,0.0136734,0.0152001
82,-1.93296e-16,0.000911896,0.00182764,0.00274512,0.00366602,0.00458855,0.00551293,0.00644097,0.00737143,0.00830229,0.00923516
83,1.7554e-16,0.00151206,0.00302568,0.00454216,0.00605989,0.00757906,0.00910072,0.0106236,0.0121487,0.013673,0.0152003
84,1.47374e-16,0.000912008,0.00182711,0.00274518,0.00366587,0.00458836,0.00551322,0.00644099,0.00737108,0.00830165,0.00923524
85,-9.19836e-17,0.00151223,0.00302544,0.00454213,0.00605982,0.00757921,0.00910001,0.0106238,0.0121487,0.013673,0.0152
86,9.49144e-17,0.000911644,0.00182731,0.00274571,0.00366618,0.00458812,0.00551331,0.00644141,0.00737066,0.0083014,0.00923552
87,-2.3163e-16,0.00151328,0.0030259,0.00454321,0.00606059,0.00757922,0.00909888,0.0106238,0.0121487,0.0136726,0.0151993
88,-1.49031e-16,0.000911651,0.00182724,0.00274617,0.00366611,0.00458786,0.00551247,0.00644096,0.00737071,0.00830182,0.00923575
89,5.41082e-17,0.00151325,0.00302621,0.00454441,0.00606095,0.00757913,0.00909868,0.0106235,0.0121484,0.0136719,0.0152
90,2.65704e-17,0.000912485,0.00182668,0.00274606,0.00366537,0.00458859,0.00551159,0.00644001,0.00737122,0.00830141,0.00923601
91,1.61879e-18,0.00151194,0.00302568,0.00454428,0.00606105,0.00757993,0.00909953,0.0106239,0.012148,0.0136725,0.0152008
92,-2.80664e-17,0.00091233,0.00182742,0.00274531,0.00366517,0.00459004,0.00551212,0.00643994,0.00737137,0.00830133,0.00923618
93,-3.10635e-16,0.00151208,0.00302616,0.00454286,0.00606093,0.0075794,0.00910007,0.0106246,0.0121492,0.0136722,0.0152006
94,1.43336e-16,0.000911131,0.00182793,0.00274432,0.0036649,0.00459047,0.00551392,0.0064407,0.00737094,0.00830225,0.00923648
95,-2.64172e-16,0.00151263,0.00302708,0.0045416,0.00606011,0.00757817,0.00910029,0.0106247,0.0121505,0.0136709,0.0152002
96,1.43308e-16,0.000910812,0.00182719,0.00274416,0.00366477,0.00459041,0.0055151,0.0064414,0.00737089,0.00830315,0.00923696
97,6.6676e-17,0.00151212,0.00302599,0.00454234,0.00606016,0.00757925,0.00910095,0.0106238,0.0121485,0.0136734,0.0152001
98,-1.93296e-16,0.000911915,0.00182762,0.00274512,0.00366604,0.00458855,0.00551293,0.00644097,0.00737142,0.0083023,0.00923515
99,1.7554e-16,0.00151207,0.00302568,0.00454215,0.00605989,0.00757907,0.00910072,0.0106236,0.0121487,0.013673,0.0152003
100,1.47374e-16,0.000912007,0.0018271,0.00274518,0.00366587,0.00458834,0.00551323,0.00644099,0.00737107,0.00830167,0.00923521
101,-9.19836e-17,0.00151227,0.00302537,0.00454212,0.00605982,0.00757921,0.00910001,0.0106238,0.0121486,0.013673,0.0152
102,9.49144e-17,0.000911643,0.00182735,0.00274571,0.00366617,0.0045881,0.00551337,0.00644141,0.00737066,0.00830141,0.00923545
103,-2.3163e-16,0.00151336,0.0030258,0.00454321,0.00606062,0.00757917,0.00909888,0.0106238,0.0121485,0.0136725,0.0151993
104,-1.49031e-16,0.000911603,0.00182728,0.00274617,0.00366611,0.0045879,0.00551252,0.00644095,0.00737072,0.00830182,0.00923571
105,5.41082e-17,0.00151326,0.00302619,0.00454441,0.00606098,0.00757908,0.00909869,0.0106235,0.0121482,0.0136719,0.0151999
106,2.65704e-17,0.000912467,0.00182668,0.00274606,0.00366538,0.00458862,0.00551159,0.00644001,0.00737123,0.0083014,0.00923594
107,1.61879e-18,0.00151192,0.00302568,0.00454428,0.00606104,0.00757988,0.00909954,0.0106239,0.0121479,0.0136725,0.0152008
108,-2.80664e-17,0.00091236,0.00182742,0.00274541,0.00366505,0.00458999,0.00551211,0.00643995,0.00737136,0.00830136,0.00923617
109,-3.10635e-16,0.00151208,0.0030262,0.00454289,0.00606092,0.00757935,0.00910006,0.0106246,0.0121492,0.0136722,0.0152006
110,1.43336e-16,0.000911131,0.00182793,0.00274443,0.00366474,0.00459042,0.00551391,0.0064407,0.00737093,0.00830228,0.00923654
111,-2.64172e-16,0.00151264,0.00302713,0.00454162,0.00606011,0.00757816,0.00910028,0.0106247,0.0121505,0.0136709,0.0152002
112,1.43308e-16,0.0009108,0.00182719,0.00274416,0.00366473,0.00459041,0.00551511,0.0064414,0.0073709,0.00830315,0.00923696
113,6.6676e-17,0.00173178,0.00346339,0.00519413,0.0069252,0.00865579,0.0103854,0.0121147,0.0138427,0.0155684,0.0172947
114,-1.93296e-16,0.000983727,0.00196798,0.00295449,0.00394402,0.00493485,0.00592793,0.00692231,0.00791794,0.00891627,0.00991699
115,1.7554e-16,0.00173158,0.00346371,0.00519395,0.00692533,0.00865606,0.0103856,0.0121151,0.0138424,0.0155687,0.0172944
116,1.47374e-16,0.000983455,0.00196861,0.00295492,0.0039437,0.00493479,0.00592768,0.00692224,0.00791811,0.00891695,0.00991657
117,-9.19836e-17,0.00173107,0.00346394,0.00519414,0.00692486,0.00865593,0.0103865,0.0121149,0.0138422,0.0155682,0.0172952
118,9.49144e-17,0.000983541,0.00196804,0.00295469,0.00394376,0.00493482,0.00592743,0.00692174,0.00791833,0.00891778,0.00991629
119,-2.3163e-16,0.00172999,0.00346392,0.00519344,0.00692402,0.00865587,0.0103887,0.0121146,0.013842,0.0155681,0.0172967
120,-1.49031e-16,0.000983955,0.0019676,0.00295391,0.00394437,0.00493483,0.00592807,0.00692188,0.00791846,0.00891762,0.00991635
121,5.41082e-17,0.00173024,0.00346291,0.00519228,0.00692523,0.00865605,0.0103903,0.012116,0.0138427,0.0155694,0.0172965
122,2.65704e-17,0.000983185,0.00196788,0.00295453,0.00394519,0.00493474,0.00592936,0.00692228,0.00791886,0.00891761,0.00991616
123,1.61879e-18,0.00173173,0.00346184,0.00519233,0.0069267,0.00865425,0.0103898,0.0121168,0.0138434,0.0155704,0.0172957
124,-2.80664e-17,0.000982631,0.0019673,0.00295639,0.00394498,0.00493473,0.00592871,0.00692186,0.00791907,0.00891735,0.00991515
125,-3.10635e-16,0.00173273,0.00346232,0.00519339,0.00692706,0.008654,0.0103886,0.0121155,0.0138416,0.0155713,0.0172965
126,1.43336e-16,0.000983784,0.00196764,0.00295711,0.00394512,0.00493548,0.00592703,0.00692198,0.00791851,0.00891596,0.00991502
127,-2.64172e-16,0.00173334,0.00346307,0.00519435,0.00692765,0.00865611,0.0103876,0.0121143,0.0138398,0.0155716,0.0172969
128,1.43308e-16,0.000984962,0.00196917,0.00295715,0.00394582,0.00493591,0.00592694,0.00692291,0.00791836,0.00891491,0.00991583
129,6.6676e-17,0.00239897,0.00478999,0.0071728,0.00954801,0.0119156,0.0142739,0.0166251,0.0189672,0.0212992,0.0236241
130,-1.93296e-16,0.00110707,0.00221447,0.00332568,0.0044358,0.00554905,0.00666519,0.00778123,0.00889864,0.0100175,0.0111391
131,1.7554e-16,0.00239936,0.00478994,0.00717332,0.00954815,0.0119155,0.0142743,0.0166252,0.018967,0.0212996,0.023624
132,1.47374e-16,0.00110693,0.00221514,0.00332545,0.00443609,0.00554963,0.00666527,0.00778097,0.00889861,0.0100182,0.0111393
133,-9.19836e-17,0.00239962,0.00479041,0.00717327,0.00954838,0.0119158,0.0142744,0.016625,0.0189674,0.0213,0.0236238
134,9.49144e-17,0.00110681,0.00221579,0.00332506,0.00443579,0.00555023,0.00666545,0.00778062,0.00889895,0.0100181,0.0111394
135,-2.3163e-16,0.00239909,0.00479071,0.00717247,0.00954856,0.0119164,0.0142736,0.0166254,0.0189683,0.0212996,0.0236235
136,-1.49031e-16,0.00110621,0.00221602,0.00332484,0.00443526,0.00555058,0.00666582,0.00778147,0.00889914,0.0100175,0.0111392
137,5.41082e-17,0.00239849,0.00479139,0.00717208,0.00954729,0.0119158,0.0142726,0.0166246,0.018968,0.0212989,0.023624
138,2.65704e-17,0.0011062,0.00221693,0.00332361,0.00443568,0.00554944,0.00666546,0.00778293,0.00889807,0.0100175,0.0111386
139,1.61879e-18,0.00239799,0.00479274,0.0071716,0.00954452,0.0119163,0.0142719,0.0166227,0.0189672,0.0212985,0.0236234
140,-2.80664e-17,0.00110714,0.00221698,0.00332278,0.00443663,0.00554632,0.00666529,0.0077832,0.00889768,0.0100182,0.0111384
141,-3.10635e-16,0.00239639,0.00479102,0.00717194,0.00954349,0.0119183,0.0142719,0.0166227,0.0189673,0.0212991,0.0236211
142,1.43336e-16,0.00110751,0.00221536,0.00332331,0.00443684,0.00554461,0.00666468,0.00778182,0.00889901,0.0100191,0.0111379
143,-2.64172e-16,0.0023944,0.00478894,0.00717247,0.00954378,0.0119185,0.0142716,0.0166246,0.0189682,0.0213007,0.0236208
144,1.43308e-16,0.00110693,0.0022144,0.00332327,0.00443679,0.00554526,0.00666348,0.00778019,0.00889926,0.0100182,0.0111373
145,0.4797,0.470868,0.462153,0.453617,0.445242,0.436974,0.428824,0.420763,0.412839,0.404987,0.397204
146,0.4797,0.469421,0.459261,0.449282,0.439467,0.429763,0.42018,0.410689,0.401337,0.392063,0.382858
147,0,-2.2237e-06,-8.91795e-06,-2.00944e-05,-3.57551e-05,-5.5947e-05,-8.06896e-05,-0.000110021,-0.000143846,-0.000182292,-0.000225388
148,0,8.64149e-08,3.59393e-07,8.4359e-07,1.53763e-06,2.49115e-06,3.70108e-06,5.22299e-06,7.01605e-06,9.14202e-06,1.16853e-05
149,0.110837,0.134524,0.454122,-3.89185,-0.82704,-0.34963,-0.25617,-0.228394,-0.219845,-0.21882,-0.222321
150,0.110837,0.133935,0.452943,-3.89362,-0.829397,-0.352576,-0.259707,-0.232519,-0.224561,-0.224123,-0.228214
151,0.479702,0.47087,0.462155,0.453618,0.445241,0.436973,0.428827,0.420763,0.41284,0.404987,0.397203
152,0.479702,0.469422,0.459263,0.449282,0.439467,0.429763,0.420183,0.410689,0.401338,0.392063,0.382858
153,0,-2.2237e-06,-8.91795e-06,-2.00944e-05,-3.57551e-05,-5.5947e-05,-8.06896e-05,-0.000110021,-0.000143846,-0.000182292,-0.000225387
154,0,8.6415e-08,3.59394e-07,8.4359e-07,1.53763e-06,2.49114e-06,3.70107e-06,5.22299e-06,7.01603e-06,9.14201e-06,1.16853e-05
155,0.110836,0.134499,0.453675,-3.89037,-0.82641,-0.349674,-0.256167,-0.228384,-0.219839,-0.21882,-0.222328
156,0.110836,0.13391,0.452498,-3.89214,-0.828767,-0.35262,-0.259702,-0.23251,-0.224554,-0.224123,-0.228221
157,0.479703,0.470871,0.462156,0.45362,0.44524,0.436976,0.428828,0.420761,0.412839,0.404987,0.397203
158,0.479703,0.469422,0.459263,0.449284,0.439466,0.429765,0.420184,0.410688,0.401337,0.392063,0.382858
159,0,-2.2237e-06,-8.91795e-06,-2.00944e-05,-3.57551e-05,-5.5947e-05,-8.06897e-05,-0.000110021,-0.000143846,-0.000182292,-0.000225387
160,0,8.6415e-08,3.59396e-07,8.43585e-07,1.53762e-06,2.49115e-06,3.70106e-06,5.22298e-06,7.01602e-06,9.14197e-06,1.16853e-05
161,0.110834,0.134576,0.454377,-3.89186,-0.825895,-0.349607,-0.256127,-0.228371,-0.219838,-0.218812,-0.222336
162,0.110834,0.133988,0.453199,-3.89363,-0.828251,-0.352553,-0.259664,-0.232496,-0.224554,-0.224114,-0.22823
163,0.479701,0.470875,0.462157,0.453621,0.445244,0.436975,0.42882,0.420763,0.412843,0.404984,0.397198
164,0.479701,0.469425,0.459264,0.449284,0.439469,0.429764,0.420179,0.41069,0.40134,0.392061,0.382855
165,0,-2.2237e-06,-8.91794e-06,-2.00944e-05,-3.57551e-05,-5.5947e-05,-8.06896e-05,-0.000110021,-0.000143846,-0.000182292,-0.000225387
166,0,8.64153e-08,3.59398e-07,8.43593e-07,1.53763e-06,2.49117e-06,3.70109e-06,5.22302e-06,7.01609e-06,9.14202e-06,1.16852e-05
167,0.110834,0.134596,0.454422,-3.88908,-0.825433,-0.349746,-0.256174,-0.228378,-0.219846,-0.218814,-0.222334
168,0.110834,0.134007,0.453243,-3.89085,-0.827788,-0.352693,-0.259711,-0.232503,-0.224561,-0.224116,-0.228228
169,0.4797,0.470874,0.462164,0.453621,0.445243,0.436971,0.428813,0.420762,0.412841,0.40498,0.397197
170,0.4797,0.469424,0.459269,0.449283,0.439469,0.429761,0.420173,0.410688,0.401339,0.392057,0.382855
171,0,-2.22371e-06,-8.91795e-06,-2.00944e-05,-3.57551e-05,-5.5947e-05,-8.06896e-05,-0.000110021,-0.000143846,-0.000182292,-0.000225387
172,0,8.64162e-08,3.59405e-07,8.43605e-07,1.53766e-06,2.49119e-06,3.70115e-06,5.22311e-06,7.01612e-06,9.14216e-06,1.16853e-05
173,0.110837,0.13453,0.453481,-3.88928,-0.826095,-0.349934,-0.256192,-0.228412,-0.219837,-0.218815,-0.222329
174,0.110837,0.13394,0.452301,-3.89105,-0.828451,-0.352881,-0.259729,-0.232539,-0.224551,-0.224117,-0.228223
175,0.479701,0.470867,0.462167,0.453626,0.445231,0.436977,0.428817,0.420757,0.412839,0.404983,0.397202
176,0.479701,0.469419,0.45927,0.449288,0.439459,0.429765,0.420176,0.410684,0.401338,0.392059,0.382858
177,0,-2.22371e-06,-8.91795e-06,-2.00944e-05,-3.57551e-05,-5.5947e-05,-8.06896e-05,-0.000110021,-0.000143846,-0.000182291,-0.000225387
178,0,8.64166e-08,3.5941e-07,8.43589e-07,1.53767e-06,2.49116e-06,3.70116e-06,5.22308e-06,7.01609e-06,9.14225e-06,1.16853e-05
179,0.110836,0.134534,0.453121,-3.89689,-0.82676,-0.349532,-0.256142,-0.228427,-0.219826,-0.218818,-0.222333
180,0.110836,0.133943,0.451941,-3.89865,-0.829117,-0.352477,-0.259679,-0.232555,-0.22454,-0.224121,-0.228228
181,0.479702,0.470856,0.462159,0.453628,0.445226,0.436984,0.428818,0.420755,0.412843,0.404993,0.397203
182,0.479702,0.469411,0.459265,0.449289,0.439455,0.429771,0.420176,0.410683,0.401341,0.392069,0.382858
183,0,-2.2237e-06,-8.91793e-06,-2.00944e-05,-3.57551e-05,-5.5947e-05,-8.06895e-05,-0.00011002,-0.000143846,-0.000182291,-0.000225387
184,0,8.64156e-08,3.59404e-07,8.43578e-07,1.53764e-06,2.49115e-06,3.70114e-06,5.22295e-06,7.01603e-06,9.14212e-06,1.16853e-05
185,0.110835,0.134541,0.453587,-3.89888,-0.826319,-0.34935,-0.256179,-0.228393,-0.219836,-0.218829,-0.222323
186,0.110835,0.133951,0.452408,-3.90065,-0.828675,-0.352294,-0.259717,-0.232521,-0.224551,-0.224134,-0.228217
187,0.479701,0.470845,0.46215,0.453626,0.445227,0.436979,0.428816,0.420762,0.41285,0.404993,0.397196
188,0.479701,0.469402,0.459258,0.449287,0.439456,0.429769,0.420174,0.410688,0.401345,0.392069,0.382852
189,0,-2.2237e-06,-8.91793e-06,-2.00943e-05,-3.57551e-05,-5.59469e-05,-8.06895e-05,-0.00011002,-0.000143846,-0.000182291,-0.000225387
190,0,8.64153e-08,3.59397e-07,8.43586e-07,1.53759e-06,2.49116e-06,3.70117e-06,5.22291e-06,7.01609e-06,9.14198e-06,1.16854e-05
191,0.110834,0.134563,0.454078,-3.89736,-0.825667,-0.349567,-0.256154,-0.228371,-0.219849,-0.218823,-0.222327
192,0.110834,0.133974,0.452901,-3.89912,-0.828021,-0.352512,-0.25969,-0.232497,-0.224566,-0.224128,-0.228221
193,0.479701,0.470828,0.462159,0.453639,0.445215,0.436969,0.428806,0.420775,0.412842,0.404991,0.397211
194,0.479701,0.469385,0.459268,0.4493,0.439444,0.429758,0.420164,0.410701,0.401337,0.392066,0.382867
195,0,-2.22558e-06,-8.91514e-06,-2.0088e-05,-3.57632e-05,-5.596e-05,-8.06974e-05,-0.000109994,-0.00014387,-0.000182302,-0.000225368
196,0,8.69482e-08,3.60505e-07,8.39978e-07,1.54503e-06,2.49578e-06,3.71265e-06,5.21624e-06,7.02798e-06,9.17395e-06,1.16699e-05
197,0.110834,0.134492,0.454824,-3.89623,-0.824824,-0.349572,-0.256112,-0.228368,-0.219836,-0.218798,-0.222328
198,0.110834,0.133902,0.453646,-3.89799,-0.827178,-0.352517,-0.259648,-0.232493,-0.224553,-0.224103,-0.228222
199,0.479702,0.470838,0.462169,0.453642,0.445215,0.436975,0.428811,0.420768,0.412836,0.404993,0.397218
200,0.479702,0.469393,0.459275,0.449302,0.439443,0.429762,0.420169,0.410696,0.401334,0.392069,0.382873
201,0,-2.22558e-06,-8.91515e-06,-2.0088e-05,-3.57632e-05,-5.596e-05,-8.06974e-05,-0.000109994,-0.00014387,-0.000182303,-0.000225368
202,0,8.69482e-08,3.60511e-07,8.39974e-07,1.54507e-06,2.49577e-06,3.71261e-06,5.21627e-06,7.02788e-06,9.17402e-06,1.16698e-05
203,0.110835,0.134463,0.454285,-3.89678,-0.825127,-0.349311,-0.256166,-0.228382,-0.219826,-0.218807,-0.222328
204,0.110835,0.133873,0.453106,-3.89855,-0.827483,-0.352255,-0.259704,-0.232509,-0.224541,-0.224112,-0.228222
205,0.479701,0.47085,0.462181,0.453639,0.445223,0.43697,0.428809,0.420769,0.412836,0.404981,0.397216
206,0.479701,0.469402,0.459284,0.4493,0.43945,0.429758,0.420168,0.410697,0.401334,0.392058,0.382873
207,0,-2.22558e-06,-8.91516e-06,-2.0088e-05,-3.57632e-05,-5.59601e-05,-8.06976e-05,-0.000109995,-0.00014387,-0.000182303,-0.000225368
208,0,8.6949e-08,3.60515e-07,8.39986e-07,1.54509e-06,2.49579e-06,3.71261e-06,5.21639e-06,7.02795e-06,9.17406e-06,1.16697e-05
209,0.110836,0.134466,0.453889,-3.89628,-0.826418,-0.349316,-0.256151,-0.228427,-0.219824,-0.218789,-0.222342
210,0.110836,0.133876,0.452709,-3.89805,-0.828774,-0.352261,-0.259689,-0.232555,-0.224539,-0.224091,-0.228238
211,0.479701,0.470857,0.462185,0.453634,0.445236,0.436963,0.428798,0.420775,0.412839,0.404973,0.397208
212,0.479701,0.469407,0.459287,0.449295,0.43946,0.429752,0.42016,0.410701,0.401335,0.392052,0.382868
213,0,-2.22558e-06,-8.91515e-06,-2.0088e-05,-3.57632e-05,-5.59602e-05,-8.06975e-05,-0.000109995,-0.00014387,-0.000182303,-0.000225368
214,0,8.69481e-08,3.60509e-07,8.40003e-07,1.54506e-06,2.49583e-06,3.7126e-06,5.2164e-06,7.028e-06,9.17401e-06,1.16696e-05
215,0.110836,0.134474,0.453874,-3.89138,-0.825341,-0.349789,-0.256207,-0.228408,-0.21984,-0.218781,-0.222335
216,0.110836,0.133885,0.452693,-3.89315,-0.827695,-0.352737,-0.259744,-0.232534,-0.224555,-0.224083,-0.22823
217,0.4797,0.470855,0.462182,0.453634,0.445235,0.436963,0.428797,0.420775,0.412837,0.404976,0.397207
218,0.4797,0.469406,0.459285,0.449296,0.43946,0.429753,0.42016,0.410701,0.401334,0.392055,0.382867
219,0,-2.22558e-06,-8.91515e-06,-2.0088e-05,-3.57632e-05,-5.59602e-05,-8.06976e-05,-0.000109994,-0.00014387,-0.000182303,-0.000225368
220,0,8.69473e-08,3.60508e-07,8.39996e-07,1.54505e-06,2.49583e-06,3.71257e-06,5.21637e-06,7.0279e-06,9.17398e-06,1.16695e-05
221,0.110831,0.134562,0.454905,-3.89343,-0.823723,-0.349742,-0.256181,-0.228382,-0.219821,-0.218781,-0.222337
222,0.110831,0.133973,0.453725,-3.8952,-0.826078,-0.35269,-0.259719,-0.232508,-0.224537,-0.224082,-0.228232
223,0.479701,0.47085,0.462178,0.45364,0.445223,0.43697,0.428808,0.420769,0.412833,0.404981,0.397216
224,0.479701,0.469402,0.459281,0.449301,0.43945,0.429759,0.420167,0.410697,0.401331,0.392058,0.382872
225,0,-2.22558e-06,-8.91516e-06,-2.0088e-05,-3.57632e-05,-5.59601e-05,-8.06976e-05,-0.000109995,-0.00014387,-0.000182303,-0.000225368
226,0,8.69493e-08,3.60521e-07,8.3999e-07,1.54509e-06,2.49582e-06,3.71262e-06,5.21642e-06,7.02791e-06,9.17417e-06,1.16697e-05
227,0.110833,0.134519,0.454275,-3.89704,-0.825432,-0.349438,-0.256141,-0.228404,-0.219809,-0.218788,-0.222342
228,0.110833,0.133929,0.453095,-3.89881,-0.827789,-0.352383,-0.259679,-0.232529,-0.224524,-0.224089,-0.228238
229,0.479703,0.47084,0.462168,0.453644,0.445218,0.436975,0.428813,0.420769,0.412837,0.404993,0.397219
230,0.479703,0.469395,0.459274,0.449304,0.439447,0.429762,0.42017,0.410698,0.401334,0.392069,0.382874
231,0,-2.22558e-06,-8.91515e-06,-2.0088e-05,-3.57632e-05,-5.59601e-05,-8.06974e-05,-0.000109994,-0.00014387,-0.000182303,-0.000225368
232,0,8.69495e-08,3.60518e-07,8.39985e-07,1.54509e-06,2.49582e-06,3.71266e-06,5.21634e-06,7.02796e-06,9.17419e-06,1.16699e-05
233,0.110838,0.134412,0.453374,-3.89486,-0.825452,-0.34949,-0.256213,-0.228379,-0.219827,-0.218806,-0.222323
234,0.110838,0.133821,0.452195,-3.89662,-0.827808,-0.352434,-0.259751,-0.232504,-0.224542,-0.224111,-0.228218
235,0.479699,0.470828,0.462158,0.453639,0.445216,0.436971,0.428807,0.420775,0.412842,0.40499,0.397209
236,0.479699,0.469386,0.459266,0.4493,0.439445,0.429758,0.420166,0.410701,0.401337,0.392065,0.382865
237,0,-2.22558e-06,-8.91516e-06,-2.0088e-05,-3.57632e-05,-5.59601e-05,-8.06975e-05,-0.000109994,-0.00014387,-0.000182303,-0.000225369
238,0,8.69485e-08,3.60507e-07,8.39978e-07,1.54503e-06,2.49579e-06,3.71265e-06,5.21624e-06,7.028e-06,9.17386e-06,1.167e-05
239,0.110834,0.134473,0.454749,-3.89592,-0.824701,-0.349617,-0.256163,-0.22837,-0.219833,-0.218798,-0.222329
240,0.110834,0.133884,0.453572,-3.89769,-0.827055,-0.352562,-0.2597,-0.232495,-0.22455,-0.224103,-0.228223
241,-2.96945e-16,0.00239426,0.00478883,0.00717258,0.00954368,0.0119185,0.0142716,0.0166249,0.018968,0.0213008,0.0236208
242,1.4822e-16,0.00110685,0.00221461,0.00332346,0.00443677,0.00554531,0.00666368,0.00778017,0.00889927,0.0100183,0.0111373
243,-1.28384e-16,0.00239653,0.00479111,0.00717253,0.00954359,0.0119185,0.0142721,0.0166232,0.0189671,0.0212992,0.023621
244,1.48224e-16,0.00110745,0.00221578,0.00332353,0.00443674,0.00554491,0.0066649,0.00778154,0.00889903,0.0100191,0.0111383
245,-2.44318e-17,0.00239873,0.00479365,0.00717204,0.009545,0.0119169,0.0142721,0.0166229,0.0189673,0.0212983,0.0236231
246,-2.80601e-17,0.00110703,0.00221769,0.00332271,0.00443632,0.0055468,0.00666595,0.00778291,0.00889833,0.0100173,0.0111394
247,-6.78532e-17,0.00239934,0.00479274,0.00717105,0.00954797,0.011917,0.014272,0.0166255,0.0189688,0.0212987,0.0236235
248,-1.40186e-16,0.00110552,0.0022181,0.00332342,0.00443514,0.00555029,0.00666676,0.00778341,0.00889876,0.0100162,0.0111393
249,-1.12554e-16,0.0023994,0.0047927,0.00717095,0.00954794,0.011917,0.0142721,0.0166255,0.0189688,0.0212992,0.0236236
250,4.09239e-17,0.00110568,0.00221805,0.00332307,0.00443512,0.00555032,0.00666667,0.00778301,0.00889822,0.0100168,0.0111393
251,-1.32251e-16,0.0023988,0.00479335,0.00717195,0.00954495,0.0119168,0.0142722,0.016623,0.0189674,0.021299,0.0236236
252,1.32862e-16,0.00110722,0.00221779,0.00332126,0.0044363,0.00554673,0.00666583,0.00778143,0.0088977,0.0100181,0.0111392
253,4.73421e-17,0.00239652,0.00479078,0.00717253,0.00954355,0.011918,0.014272,0.0166231,0.0189672,0.0212993,0.023623
254,-1.05438e-16,0.00110749,0.0022159,0.00332211,0.00443663,0.00554484,0.00666485,0.00778009,0.00889889,0.0100193,0.0111381
255,3.33851e-17,0.00239425,0.00478877,0.00717261,0.0095437,0.0119164,0.0142716,0.0166249,0.0189682,0.0213008,0.0236235
256,-1.27511e-16,0.00110687,0.00221456,0.00332315,0.00443659,0.00554535,0.00666363,0.0077798,0.00889917,0.0100183,0.0111373
257,-2.96945e-16,0.00173338,0.00346319,0.00519418,0.00692756,0.00865616,0.0103877,0.0121146,0.0138398,0.0155716,0.017297
258,1.4822e-16,0.000984974,0.00196921,0.00295716,0.00394584,0.0049358,0.00592702,0.006923,0.00791818,0.00891493,0.00991579
259,-1.28384e-16,0.0017327,0.00346277,0.00519323,0.00692673,0.00865419,0.0103888,0.0121161,0.0138415,0.0155716,0.0172969
260,1.48224e-16,0.000983735,0.00196747,0.00295688,0.00394515,0.00493564,0.00592722,0.00692214,0.0079183,0.0089161,0.00991495
261,-2.44318e-17,0.0017312,0.00346213,0.00519246,0.00692579,0.00865432,0.0103908,0.0121171,0.0138429,0.0155712,0.017296
262,-2.80601e-17,0.00098293,0.00196661,0.00295552,0.00394503,0.00493511,0.00592878,0.00692177,0.00791884,0.0089175,0.00991508
263,-6.78532e-17,0.00172962,0.00346179,0.00519204,0.00692351,0.00865627,0.0103933,0.0121161,0.013842,0.0155703,0.0172981
264,-1.40186e-16,0.000984175,0.00196744,0.00295294,0.00394641,0.00493512,0.00593003,0.00692236,0.00791841,0.00891778,0.00991631
265,-1.12554e-16,0.00172973,0.00346178,0.00519192,0.00692363,0.00865643,0.0103935,0.0121162,0.013842,0.0155689,0.0172998
266,4.09239e-17,0.000984184,0.00196737,0.00295258,0.00394648,0.00493515,0.00593005,0.00692263,0.00791837,0.00891854,0.00991629
267,-1.32251e-16,0.00173132,0.00346212,0.00519231,0.00692593,0.00865435,0.0103909,0.0121172,0.013843,0.0155693,0.0172974
268,1.32862e-16,0.000982923,0.00196659,0.00295395,0.00394503,0.00493502,0.00592854,0.00692351,0.00791864,0.00891838,0.00991503
269,4.73421e-17,0.0017327,0.00346272,0.00519328,0.00692655,0.00865334,0.0103887,0.0121161,0.0138415,0.0155711,0.0172947
270,-1.05438e-16,0.000983713,0.00196755,0.00295532,0.00394549,0.0049355,0.00592687,0.00692508,0.00791813,0.00891618,0.00991495
271,3.33851e-17,0.0017334,0.00346316,0.00519432,0.00692736,0.00865376,0.0103877,0.0121146,0.0138398,0.0155716,0.0172943
272,-1.27511e-16,0.000984971,0.00196923,0.00295681,0.00394737,0.00493579,0.00592691,0.00692526,0.00791817,0.00891489,0.00991582
273,-2.96945e-16,0.00151265,0.00302717,0.00454155,0.00606006,0.00757807,0.0091002,0.0106245,0.0121505,0.0136708,0.0152001
274,1.4822e-16,0.000910893,0.00182715,0.00274413,0.00366476,0.00459049,0.00551497,0.00644135,0.00737103,0.00830317,0.0092369
275,-1.28384e-16,0.00151211,0.00302607,0.00454269,0.00606076,0.00757914,0.00909975,0.010624,0.0121492,0.0136719,0.0152006
276,1.48224e-16,0.000910982,0.00182782,0.00274457,0.0036651,0.00459046,0.00551361,0.00644079,0.0073712,0.00830228,0.00923647
277,-2.44318e-17,0.00151176,0.00302516,0.00454416,0.00606113,0.00757963,0.00909855,0.0106236,0.0121481,0.0136719,0.0152008
278,-2.80601e-17,0.000911707,0.00182737,0.0027461,0.00366543,0.00458955,0.00551179,0.00644029,0.0073714,0.00830192,0.00923604
279,-6.78532e-17,0.00151291,0.00302617,0.00454542,0.00606172,0.00757852,0.00909646,0.0106232,0.0121484,0.0136709,0.0151989
280,-1.40186e-16,0.000911979,0.0018262,0.00274718,0.00366477,0.00458794,0.00551069,0.00643977,0.00737128,0.00830228,0.00923584
281,-1.12554e-16,0.00151297,0.0030261,0.00454542,0.00606195,0.00757862,0.00909667,0.0106232,0.0121483,0.0136713,0.0151972
282,4.09239e-17,0.000911821,0.00182619,0.00274759,0.00366488,0.00458795,0.00551074,0.00643983,0.00737138,0.00830171,0.00923571
283,-1.32251e-16,0.00151183,0.0030251,0.00454415,0.00606142,0.00757973,0.00909879,0.0106237,0.012148,0.0136724,0.0151986
284,1.32862e-16,0.000911706,0.00182735,0.00274742,0.00366541,0.00458954,0.00551211,0.00644001,0.00737153,0.00830112,0.0092359
285,4.73421e-17,0.00151214,0.00302603,0.00454281,0.00606097,0.0075798,0.00909979,0.0106242,0.0121492,0.0136719,0.0152002
286,-1.05438e-16,0.0009111,0.00182782,0.00274582,0.00366458,0.00459046,0.00551399,0.00643928,0.00737121,0.00830203,0.00923646
287,3.33851e-17,0.00151268,0.00302714,0.00454172,0.0060603,0.00758043,0.00910026,0.0106245,0.0121505,0.0136708,0.0152003
288,-1.27511e-16,0.000910848,0.00182715,0.00274448,0.00366321,0.0045905,0.00551507,0.00643942,0.00737101,0.00830316,0.00923691
289,-2.96945e-16,0.00151265,0.00302717,0.00454157,0.00606007,0.00757806,0.00910021,0.0106245,0.0121505,0.0136708,0.0152001
290,1.4822e-16,0.000910881,0.00182716,0.00274413,0.00366476,0.00459049,0.00551498,0.00644137,0.00737104,0.00830317,0.00923691
291,-1.28384e-16,0.0015121,0.00302608,0.00454269,0.00606078,0.00757913,0.00909971,0.0106241,0.0121492,0.0136719,0.0152006
292,1.48224e-16,0.000910934,0.00182783,0.00274457,0.00366505,0.0045904,0.00551362,0.00644081,0.00737121,0.00830227,0.00923645
293,-2.44318e-17,0.00151175,0.00302517,0.00454415,0.00606114,0.00757968,0.00909851,0.0106236,0.0121481,0.0136719,0.0152008
294,-2.80601e-17,0.000911659,0.00182731,0.0027461,0.00366542,0.00458948,0.0055117,0.00644027,0.0073714,0.00830191,0.00923602
295,-6.78532e-17,0.00151285,0.00302617,0.00454542,0.00606179,0.00757859,0.00909666,0.0106232,0.0121484,0.0136708,0.0151989
296,-1.40186e-16,0.000911978,0.00182614,0.00274722,0.0036648,0.00458794,0.0055106,0.00643975,0.00737128,0.00830226,0.00923583
297,-1.12554e-16,0.00151291,0.0030261,0.00454545,0.00606203,0.0075786,0.00909687,0.0106232,0.0121483,0.0136713,0.0151972
298,4.09239e-17,0.00091182,0.00182619,0.00274764,0.00366488,0.00458795,0.00551063,0.00643982,0.0073713,0.00830166,0.00923579
299,-1.32251e-16,0.00151183,0.00302509,0.00454419,0.00606145,0.00757971,0.00909879,0.0106237,0.012148,0.0136725,0.0151986
300,1.32862e-16,0.000911772,0.0018273,0.00274742,0.00366542,0.00458955,0.00551202,0.00644001,0.00737138,0.00830107,0.009236
301,4.73421e-17,0.00151214,0.00302609,0.00454278,0.00606102,0.00757979,0.00909979,0.0106242,0.0121492,0.0136719,0.0152002
302,-1.05438e-16,0.000911184,0.00182776,0.00274581,0.00366459,0.00459047,0.005514,0.00643929,0.00737114,0.00830203,0.00923646
303,3.33851e-17,0.00151267,0.00302721,0.00454167,0.00606032,0.00758043,0.00910025,0.0106246,0.0121506,0.0136708,0.0152003
304,-1.27511e-16,0.000910855,0.00182714,0.00274447,0.00366321,0.00459053,0.00551507,0.0064394,0.00737101,0.00830316,0.0092369
305,-2.96945e-16,0.00173341,0.00346318,0.0051942,0.00692758,0.00865617,0.0103877,0.0121146,0.0138398,0.0155716,0.017297
306,1.4822e-16,0.000984944,0.0019692,0.00295717,0.00394584,0.0049358,0.00592702,0.006923,0.0079182,0.00891491,0.00991581
307,-1.28384e-16,0.00173273,0.00346279,0.00519323,0.00692671,0.00865419,0.0103887,0.0121161,0.0138415,0.0155716,0.0172969
308,1.48224e-16,0.000983681,0.00196747,0.0029569,0.00394512,0.00493558,0.00592723,0.00692216,0.00791832,0.0089161,0.00991494
309,-2.44318e-17,0.0017312,0.00346216,0.00519251,0.00692575,0.00865436,0.0103908,0.0121171,0.013843,0.0155711,0.017296
310,-2.80601e-17,0.000982882,0.00196654,0.00295551,0.00394502,0.00493507,0.0059287,0.00692177,0.00791884,0.00891749,0.00991501
311,-6.78532e-17,0.0017295,0.00346185,0.0051921,0.00692356,0.00865632,0.0103936,0.0121161,0.0138421,0.0155702,0.0172982
312,-1.40186e-16,0.000984163,0.00196737,0.00295295,0.00394644,0.00493514,0.00592991,0.00692237,0.00791843,0.00891773,0.00991624
313,-1.12554e-16,0.00172956,0.00346184,0.00519195,0.0069237,0.00865644,0.0103937,0.0121161,0.0138419,0.0155689,0.0173
314,4.09239e-17,0.000984129,0.00196737,0.00295263,0.00394655,0.00493516,0.00592985,0.00692265,0.00791829,0.00891845,0.00991636
315,-1.32251e-16,0.00173124,0.00346211,0.00519233,0.00692595,0.00865436,0.0103909,0.0121171,0.0138429,0.0155693,0.0172974
316,1.32862e-16,0.000982916,0.00196657,0.00295394,0.00394514,0.00493503,0.00592837,0.00692349,0.0079185,0.00891834,0.00991508
317,4.73421e-17,0.00173268,0.00346278,0.00519324,0.00692658,0.00865331,0.0103887,0.0121161,0.0138415,0.015571,0.0172948
318,-1.05438e-16,0.00098378,0.00196753,0.00295529,0.00394554,0.00493551,0.00592686,0.00692507,0.00791808,0.0089162,0.00991493
319,3.33851e-17,0.00173337,0.00346325,0.00519425,0.00692736,0.00865375,0.0103877,0.0121146,0.0138399,0.0155716,0.0172943
320,-1.27511e-16,0.000984973,0.00196922,0.00295678,0.00394739,0.00493581,0.0059269,0.00692523,0.00791818,0.0089149,0.00991582
321,-2.96945e-16,0.0023943,0.00478881,0.00717258,0.00954369,0.0119186,0.0142716,0.0166248,0.018968,0.0213008,0.0236208
322,1.4822e-16,0.00110683,0.00221457,0.00332348,0.00443678,0.0055453,0.00666368,0.00778014,0.00889927,0.0100183,0.0111373
323,-1.28384e-16,0.00239656,0.00479112,0.00717252,0.00954352,0.0119185,0.0142721,0.0166232,0.0189671,0.0212992,0.023621
324,1.48224e-16,0.00110744,0.0022158,0.00332356,0.00443678,0.00554487,0.0066649,0.0077815,0.00889903,0.0100191,0.0111383
325,-2.44318e-17,0.00239873,0.00479367,0.00717209,0.0095449,0.0119168,0.0142722,0.016623,0.0189674,0.0212983,0.0236231
326,-2.80601e-17,0.00110703,0.0022177,0.00332271,0.00443634,0.00554683,0.00666596,0.0077829,0.00889832,0.0100174,0.0111394
327,-6.78532e-17,0.00239927,0.00479278,0.00717111,0.00954795,0.011917,0.0142721,0.0166255,0.0189689,0.0212986,0.0236237
328,-1.40186e-16,0.00110552,0.00221809,0.0033234,0.00443514,0.00555035,0.00666674,0.00778346,0.00889877,0.0100162,0.0111392
329,-1.12554e-16,0.00239931,0.00479276,0.00717095,0.00954793,0.011917,0.0142721,0.0166255,0.0189688,0.0212991,0.0236238
330,4.09239e-17,0.00110564,0.00221805,0.00332303,0.0044352,0.00555031,0.00666658,0.00778306,0.00889822,0.0100168,0.0111393
331,-1.32251e-16,0.00239871,0.00479334,0.00717194,0.00954492,0.0119168,0.0142722,0.0166229,0.0189674,0.021299,0.0236236
332,1.32862e-16,0.00110714,0.0022178,0.0033212,0.0044364,0.00554673,0.00666576,0.0077814,0.00889769,0.0100181,0.0111392
333,4.73421e-17,0.00239645,0.00479077,0.00717252,0.00954348,0.0119179,0.014272,0.0166232,0.0189672,0.0212993,0.023623
334,-1.05438e-16,0.00110747,0.00221591,0.00332209,0.00443668,0.0055448,0.00666484,0.00778006,0.0088989,0.0100193,0.0111381
335,3.33851e-17,0.00239424,0.00478879,0.00717261,0.00954366,0.0119164,0.0142717,0.0166249,0.0189682,0.0213009,0.0236236
336,-1.27511e-16,0.00110686,0.00221457,0.00332312,0.00443664,0.0055453,0.00666366,0.00777978,0.00889918,0.0100183,0.0111373
337,0.479701,0.470845,0.46215,0.453626,0.445226,0.436979,0.428816,0.420762,0.412849,0.404991,0.397195
338,0.479701,0.469402,0.459258,0.449287,0.439455,0.429769,0.420174,0.410689,0.401344,0.392066,0.382852
339,0,-2.2237e-06,-8.91793e-06,-2.00943e-05,-3.57551e-05,-5.59469e-05,-8.06895e-05,-0.00011002,-0.000143846,-0.000182291,-0.000225387
340,0,8.64152e-08,3.59397e-07,8.43587e-07,1.5376e-06,2.49116e-06,3.70117e-06,5.2229e-06,7.01609e-06,9.14196e-06,1.16854e-05
341,0.110834,0.134562,0.454032,-3.89608,-0.825765,-0.349637,-0.256136,-0.228369,-0.219853,-0.218823,-0.222328
342,0.110834,0.133972,0.452854,-3.89785,-0.828119,-0.352582,-0.259672,-0.232494,-0.224569,-0.224128,-0.228222
343,0.479702,0.470855,0.46216,0.453629,0.445226,0.436985,0.428821,0.420755,0.412842,0.404993,0.397203
344,0.479702,0.46941,0.459266,0.44929,0.439455,0.429773,0.420178,0.410683,0.40134,0.392069,0.382858
345,0,-2.2237e-06,-8.91793e-06,-2.00944e-05,-3.57551e-05,-5.5947e-05,-8.06895e-05,-0.00011002,-0.000143846,-0.000182291,-0.000225387
346,0,8.64151e-08,3.59403e-07,8.43577e-07,1.53764e-06,2.49114e-06,3.70114e-06,5.22294e-06,7.01601e-06,9.14201e-06,1.16853e-05
347,0.110835,0.134541,0.45359,-3.89747,-0.825639,-0.349371,-0.256176,-0.228384,-0.219842,-0.218833,-0.222327
348,0.110835,0.133951,0.452411,-3.89924,-0.827995,-0.352316,-0.259714,-0.232511,-0.224557,-0.224137,-0.228222
349,0.479701,0.470867,0.462171,0.453629,0.445233,0.43698,0.428819,0.420756,0.412841,0.404981,0.397202
350,0.479701,0.46942,0.459274,0.44929,0.43946,0.429768,0.420178,0.410684,0.40134,0.392058,0.382858
351,0,-2.22371e-06,-8.91795e-06,-2.00944e-05,-3.57551e-05,-5.5947e-05,-8.06897e-05,-0.000110021,-0.000143846,-0.000182291,-0.000225387
352,0,8.64157e-08,3.59407e-07,8.43585e-07,1.53767e-06,2.49114e-06,3.70114e-06,5.22305e-06,7.01609e-06,9.14205e-06,1.16852e-05
353,0.110836,0.134542,0.453233,-3.89681,-0.82684,-0.349388,-0.256162,-0.228435,-0.219838,-0.218814,-0.222341
354,0.110836,0.133952,0.452053,-3.89858,-0.829197,-0.352334,-0.2597,-0.232563,-0.224553,-0.224116,-0.228237
355,0.479701,0.470874,0.462175,0.453624,0.445247,0.436974,0.428808,0.420762,0.412845,0.404974,0.397194
356,0.479701,0.469425,0.459278,0.449285,0.439471,0.429763,0.420171,0.410689,0.401341,0.392053,0.382854
357,0,-2.22371e-06,-8.91794e-06,-2.00944e-05,-3.57551e-05,-5.5947e-05,-8.06896e-05,-0.000110021,-0.000143846,-0.000182292,-0.000225387
358,0,8.64148e-08,3.59402e-07,8.43599e-07,1.53765e-06,2.49116e-06,3.70112e-06,5.22307e-06,7.01615e-06,9.14201e-06,1.1685e-05
359,0.110836,0.134546,0.453244,-3.89113,-0.826317,-0.34985,-0.25623,-0.228424,-0.219851,-0.218807,-0.222335
360,0.110836,0.133957,0.452063,-3.8929,-0.828672,-0.352797,-0.259768,-0.232551,-0.224567,-0.224108,-0.22823
361,0.4797,0.470874,0.462174,0.453623,0.445246,0.436974,0.428809,0.420763,0.412843,0.404977,0.397193
362,0.4797,0.469424,0.459276,0.449284,0.43947,0.429763,0.420172,0.410689,0.401339,0.392056,0.382853
363,0,-2.2237e-06,-8.91794e-06,-2.00944e-05,-3.57551e-05,-5.5947e-05,-8.06896e-05,-0.000110021,-0.000143846,-0.000182292,-0.000225387
364,0,8.64142e-08,3.59401e-07,8.43591e-07,1.53763e-06,2.49115e-06,3.70109e-06,5.22304e-06,7.01605e-06,9.142e-06,1.1685e-05
365,0.110831,0.13464,0.453945,-3.89319,-0.824846,-0.349801,-0.256208,-0.228394,-0.219835,-0.218807,-0.222339
366,0.110831,0.134051,0.452764,-3.89496,-0.827201,-0.352749,-0.259745,-0.232519,-0.22455,-0.224108,-0.228234
367,0.479701,0.470868,0.462169,0.453628,0.445232,0.436979,0.42882,0.420758,0.41284,0.40498,0.3972
368,0.479701,0.46942,0.459272,0.449289,0.439459,0.429768,0.42018,0.410686,0.401338,0.392058,0.382856
369,0,-2.22371e-06,-8.91795e-06,-2.00944e-05,-3.57551e-05,-5.5947e-05,-8.06897e-05,-0.000110021,-0.000143846,-0.000182291,-0.000225387
370,0,8.64167e-08,3.59413e-07,8.43586e-07,1.53767e-06,2.49115e-06,3.70115e-06,5.22308e-06,7.01606e-06,9.14219e-06,1.16852e-05
371,0.110833,0.134571,0.453411,-3.89631,-0.826595,-0.349491,-0.256167,-0.2284,-0.219826,-0.218814,-0.222343
372,0.110833,0.133981,0.452231,-3.89807,-0.828952,-0.352437,-0.259705,-0.232525,-0.224541,-0.224115,-0.228239
373,0.479703,0.470857,0.46216,0.453632,0.445228,0.436986,0.428822,0.420757,0.412845,0.404992,0.397203
374,0.479703,0.469413,0.459266,0.449293,0.439456,0.429773,0.420179,0.410685,0.401342,0.392068,0.382858
375,0,-2.22371e-06,-8.91794e-06,-2.00944e-05,-3.57551e-05,-5.5947e-05,-8.06895e-05,-0.00011002,-0.000143846,-0.000182291,-0.000225387
376,0,8.64169e-08,3.5941e-07,8.43589e-07,1.53766e-06,2.49117e-06,3.70118e-06,5.22301e-06,7.01609e-06,9.14219e-06,1.16854e-05
377,0.110838,0.134442,0.452952,-3.89542,-0.826747,-0.349482,-0.256232,-0.228376,-0.219841,-0.218833,-0.222323
378,0.110838,0.133852,0.451773,-3.89719,-0.829103,-0.352426,-0.25977,-0.232501,-0.224557,-0.224138,-0.228218
379,0.479699,0.470845,0.462147,0.453626,0.445226,0.436981,0.428816,0.420762,0.412849,0.404991,0.397195
380,0.479699,0.469403,0.459256,0.449287,0.439455,0.429769,0.420174,0.410689,0.401344,0.392066,0.382852
381,0,-2.22371e-06,-8.91795e-06,-2.00944e-05,-3.57551e-05,-5.59469e-05,-8.06896e-05,-0.000110021,-0.000143846,-0.000182291,-0.000225387
382,0,8.64154e-08,3.59398e-07,8.43588e-07,1.5376e-06,2.49116e-06,3.70118e-06,5.2229e-06,7.0161e-06,9.14186e-06,1.16854e-05
383,0.110834,0.134513,0.453953,-3.89803,-0.826271,-0.349546,-0.256117,-0.228375,-0.21984,-0.218829,-0.222328
384,0.110834,0.133923,0.452775,-3.89979,-0.828625,-0.352491,-0.259653,-0.2325,-0.224556,-0.224135,-0.228222
385,0.479699,0.470827,0.462159,0.453637,0.445215,0.436972,0.428806,0.420775,0.412842,0.40499,0.397208
386,0.479699,0.469384,0.459267,0.449298,0.439444,0.42976,0.420165,0.410701,0.401337,0.392065,0.382865
387,0,-2.22558e-06,-8.91516e-06,-2.0088e-05,-3.57632e-05,-5.59601e-05,-8.06976e-05,-0.000109994,-0.00014387,-0.000182303,-0.000225369
388,0,8.69484e-08,3.60507e-07,8.39978e-07,1.54503e-06,2.49579e-06,3.71265e-06,5.21625e-06,7.028e-06,9.17388e-06,1.16699e-05
389,0.110834,0.134498,0.455063,-3.897,-0.824725,-0.349617,-0.256134,-0.228369,-0.219834,-0.218796,-0.22233
390,0.110834,0.133909,0.453886,-3.89876,-0.827079,-0.352562,-0.25967,-0.232494,-0.22455,-0.224101,-0.228224
391,0.479702,0.470837,0.462168,0.45364,0.445218,0.436976,0.42881,0.42077,0.412837,0.404991,0.397217
392,0.479702,0.469393,0.459274,0.449301,0.439446,0.429763,0.420168,0.410698,0.401335,0.392067,0.382872
393,0,-2.22558e-06,-8.91515e-06,-2.0088e-05,-3.57632e-05,-5.59602e-05,-8.06975e-05,-0.000109994,-0.00014387,-0.000182303,-0.000225368
394,0,8.69495e-08,3.60517e-07,8.39984e-07,1.54509e-06,2.49582e-06,3.71266e-06,5.21635e-06,7.02798e-06,9.17426e-06,1.16699e-05
395,0.110838,0.134457,0.454153,-3.89606,-0.82529,-0.349416,-0.256188,-0.228362,-0.219828,-0.218807,-0.222322
396,0.110838,0.133867,0.452974,-3.89783,-0.827646,-0.352361,-0.259726,-0.232487,-0.224543,-0.224112,-0.228216
397,0.4797,0.470847,0.462177,0.453636,0.445222,0.436968,0.428806,0.420771,0.412831,0.404982,0.397216
398,0.4797,0.4694,0.45928,0.449297,0.439449,0.429756,0.420165,0.410699,0.40133,0.392059,0.382872
399,0,-2.22558e-06,-8.91516e-06,-2.0088e-05,-3.57632e-05,-5.59601e-05,-8.06977e-05,-0.000109995,-0.00014387,-0.000182303,-0.000225368
400,0,8.69493e-08,3.60518e-07,8.39992e-07,1.54509e-06,2.49581e-06,3.71264e-06,5.21641e-06,7.02796e-06,9.17432e-06,1.16698e-05
401,0.110836,0.134474,0.453955,-3.89733,-0.826228,-0.349336,-0.256131,-0.228389,-0.219813,-0.218797,-0.222332
402,0.110836,0.133884,0.452775,-3.8991,-0.828585,-0.352282,-0.259668,-0.232514,-0.224527,-0.2241,-0.228227
403,0.479699,0.47085,0.462178,0.453629,0.445232,0.436962,0.428802,0.420775,0.412833,0.404981,0.397212
404,0.479699,0.469403,0.459281,0.449292,0.439457,0.429752,0.420162,0.410701,0.40133,0.392059,0.38287
405,0,-2.22558e-06,-8.91515e-06,-2.0088e-05,-3.57632e-05,-5.59602e-05,-8.06976e-05,-0.000109995,-0.00014387,-0.000182303,-0.000225368
406,0,8.69465e-08,3.60504e-07,8.39987e-07,1.54504e-06,2.4958e-06,3.71256e-06,5.21634e-06,7.02788e-06,9.17407e-06,1.16696e-05
407,0.110834,0.134533,0.454477,-3.89755,-0.825022,-0.349578,-0.256109,-0.228381,-0.219812,-0.218787,-0.222332
408,0.110834,0.133943,0.453297,-3.89932,-0.827378,-0.352525,-0.259646,-0.232507,-0.224527,-0.224089,-0.228226
409,0.479701,0.470854,0.462174,0.45363,0.445235,0.436964,0.428809,0.420775,0.412839,0.404982,0.397214
410,0.479701,0.469406,0.459279,0.449294,0.439459,0.429753,0.420168,0.410701,0.401336,0.39206,0.382871
411,0,-2.22558e-06,-8.91515e-06,-2.0088e-05,-3.57632e-05,-5.59602e-05,-8.06976e-05,-0.000109995,-0.00014387,-0.000182303,-0.000225369
412,0,8.69466e-08,3.60498e-07,8.3997e-07,1.54503e-06,2.4958e-06,3.71253e-06,5.21627e-06,7.02792e-06,9.17399e-06,1.16696e-05
413,0.110834,0.134545,0.454563,-3.89215,-0.82451,-0.349658,-0.25616,-0.228368,-0.219839,-0.218786,-0.222336
414,0.110834,0.133956,0.453384,-3.89392,-0.826866,-0.352605,-0.259697,-0.232494,-0.224555,-0.224089,-0.22823
415,0.479702,0.470853,0.462169,0.45363,0.445232,0.436965,0.428816,0.420773,0.412837,0.404983,0.397218
416,0.479702,0.469405,0.459275,0.449294,0.439457,0.429755,0.420172,0.410699,0.401335,0.39206,0.382873
417,0,-2.22558e-06,-8.91516e-06,-2.0088e-05,-3.57633e-05,-5.59602e-05,-8.06976e-05,-0.000109995,-0.00014387,-0.000182303,-0.000225369
418,0,8.69479e-08,3.60499e-07,8.39958e-07,1.54505e-06,2.49578e-06,3.71254e-06,5.21628e-06,7.02797e-06,9.174e-06,1.16698e-05
419,0.110835,0.134524,0.454693,-3.8904,-0.82498,-0.349642,-0.25614,-0.228368,-0.219838,-0.218789,-0.222341
420,0.110835,0.133935,0.453514,-3.89217,-0.827337,-0.352589,-0.259677,-0.232493,-0.224554,-0.224092,-0.228235
421,0.479702,0.470852,0.462165,0.453629,0.44523,0.436964,0.428818,0.420774,0.412834,0.404987,0.397219
422,0.479702,0.469404,0.459272,0.449293,0.439456,0.429754,0.420173,0.4107,0.401333,0.392063,0.382874
423,0,-2.22558e-06,-8.91516e-06,-2.0088e-05,-3.57633e-05,-5.59602e-05,-8.06976e-05,-0.000109995,-0.00014387,-0.000182303,-0.000225369
424,0,8.69487e-08,3.605e-07,8.39961e-07,1.54506e-06,2.49578e-06,3.71256e-06,5.21628e-06,7.02801e-06,9.17402e-06,1.16698e-05
425,0.110836,0.13449,0.454749,-3.89024,-0.825283,-0.349623,-0.256144,-0.228367,-0.219832,-0.218798,-0.222335
426,0.110836,0.133901,0.453571,-3.892,-0.82764,-0.352569,-0.259681,-0.232492,-0.224547,-0.224102,-0.228229
427,0.479701,0.470852,0.462164,0.453628,0.44523,0.436964,0.428815,0.420775,0.412833,0.404987,0.397219
428,0.479701,0.469404,0.459271,0.449292,0.439456,0.429754,0.420171,0.410701,0.401332,0.392063,0.382874
429,0,-2.22558e-06,-8.91516e-06,-2.0088e-05,-3.57633e-05,-5.59602e-05,-8.06976e-05,-0.000109995,-0.00014387,-0.000182303,-0.000225369
430,0,8.69487e-08,3.60501e-07,8.39958e-07,1.54506e-06,2.49577e-06,3.71255e-06,5.21624e-06,7.02799e-06,9.17402e-06,1.16698e-05
431,0.110835,0.134478,0.454793,-3.89001,-0.825993,-0.349621,-0.256129,-0.228362,-0.219826,-0.218799,-0.22233
432,0.110835,0.133888,0.453616,-3.89177,-0.82835,-0.352566,-0.259665,-0.232487,-0.224541,-0.224103,-0.228223
433,3.33832e-17,0.00239431,0.00478895,0.00717256,0.00954378,0.0119164,0.0142716,0.0166246,0.0189683,0.0213006,0.0236234
434,-1.12415e-16,0.00110699,0.00221446,0.00332298,0.00443676,0.00554533,0.00666351,0.00777982,0.00889916,0.0100182,0.0111373
435,6.70372e-17,0.00239616,0.00479077,0.0071721,0.00954347,0.0119178,0.0142717,0.0166225,0.0189675,0.0212988,0.0236229
436,-7.00477e-17,0.00110771,0.00221541,0.00332199,0.00443704,0.00554488,0.00666499,0.00778027,0.00889885,0.0100191,0.0111378
437,2.66121e-17,0.002398,0.00479251,0.00717156,0.00954445,0.011916,0.0142717,0.0166225,0.0189674,0.0212983,0.0236239
438,2.6412e-17,0.00110702,0.00221687,0.00332148,0.00443672,0.00554654,0.00666645,0.00778179,0.00889773,0.0100183,0.0111385
439,-1.38403e-16,0.0023991,0.00479184,0.00717144,0.0095472,0.0119155,0.0142725,0.0166247,0.0189679,0.0212987,0.0236239
440,2.63373e-17,0.00110584,0.00221677,0.00332343,0.00443593,0.00554933,0.00666669,0.00778277,0.00889835,0.0100174,0.0111389
441,-3.30094e-16,0.00239971,0.00479146,0.00717186,0.00954852,0.0119163,0.0142736,0.0166256,0.0189683,0.0212988,0.0236231
442,1.24466e-17,0.00110622,0.00221605,0.0033247,0.00443577,0.00555028,0.00666621,0.00778157,0.00889989,0.0100166,0.0111398
443,-4.52512e-17,0.00239963,0.0047909,0.00717327,0.00954844,0.0119157,0.0142746,0.0166251,0.0189677,0.0212989,0.0236233
444,3.10824e-16,0.00110694,0.00221584,0.00332476,0.0044361,0.00554988,0.00666535,0.00778056,0.00890014,0.010017,0.0111401
445,6.36476e-17,0.00239901,0.00479009,0.00717359,0.00954834,0.0119152,0.0142745,0.0166252,0.0189672,0.0212991,0.0236237
446,2.28248e-16,0.00110683,0.00221523,0.0033252,0.00443649,0.00554959,0.00666476,0.00778059,0.00889966,0.0100181,0.0111398
447,-1.81485e-16,0.00239859,0.00478989,0.00717325,0.00954825,0.0119151,0.014274,0.0166251,0.0189672,0.0212992,0.0236238
448,-7.01131e-17,0.00110664,0.00221487,0.00332493,0.00443672,0.00554948,0.0066644,0.00778075,0.00889936,0.0100183,0.0111396
449,3.33832e-17,0.00173339,0.00346309,0.00519447,0.00692753,0.0086538,0.0103877,0.0121145,0.0138399,0.0155715,0.0172943
450,-1.12415e-16,0.000984983,0.00196923,0.00295682,0.00394738,0.00493589,0.00592692,0.00692518,0.00791831,0.00891494,0.00991582
451,6.70372e-17,0.00173287,0.00346222,0.00519355,0.00692682,0.00865314,0.0103887,0.0121159,0.0138417,0.0155712,0.0172951
452,-7.00477e-17,0.000983773,0.00196767,0.00295565,0.00394565,0.00493559,0.0059267,0.00692492,0.00791826,0.00891593,0.00991502
453,2.66121e-17,0.00173219,0.00346138,0.00519253,0.00692657,0.00865394,0.01039,0.0121172,0.0138435,0.0155704,0.0172972
454,2.6412e-17,0.000982347,0.00196731,0.00295485,0.00394534,0.00493497,0.00592745,0.00692373,0.00791881,0.00891729,0.00991513
455,-1.38403e-16,0.00173158,0.00346152,0.00519301,0.00692514,0.00865581,0.0103903,0.012116,0.0138425,0.0155699,0.0172983
456,2.63373e-17,0.000983024,0.001968,0.00295404,0.00394633,0.00493495,0.00592807,0.00692278,0.00791877,0.00891726,0.00991612
457,-3.30094e-16,0.00173117,0.00346254,0.00519431,0.00692373,0.00865552,0.0103886,0.0121145,0.0138419,0.0155698,0.0172966
458,1.24466e-17,0.000983981,0.00196758,0.00295349,0.00394544,0.00493537,0.00592762,0.00692233,0.00791857,0.00891639,0.0099162
459,-4.52512e-17,0.00173133,0.00346361,0.00519473,0.00692473,0.00865556,0.0103864,0.0121147,0.0138424,0.0155699,0.0172948
460,3.10824e-16,0.000983393,0.0019678,0.00295432,0.00394394,0.00493525,0.00592735,0.00692231,0.00791855,0.00891655,0.00991599
461,6.36476e-17,0.00173155,0.00346367,0.00519441,0.00692543,0.00865583,0.0103855,0.0121148,0.0138426,0.0155693,0.0172948
462,2.28248e-16,0.000983272,0.00196869,0.0029551,0.00394361,0.0049347,0.00592744,0.00692276,0.00791841,0.00891662,0.00991597
463,-1.81485e-16,0.00173156,0.00346321,0.00519423,0.00692544,0.00865571,0.0103854,0.0121144,0.0138425,0.0155689,0.0172949
464,-7.01131e-17,0.00098333,0.00196879,0.0029553,0.00394365,0.00493446,0.0059272,0.00692278,0.0079186,0.00891626,0.00991609
465,3.33832e-17,0.00151267,0.00302718,0.00454173,0.00606022,0.00758047,0.00910026,0.0106248,0.0121505,0.0136709,0.0152002
466,-1.12415e-16,0.00091081,0.00182724,0.00274455,0.00366322,0.0045904,0.00551506,0.00643949,0.00737088,0.00830311,0.00923699
467,6.70372e-17,0.00151215,0.00302639,0.00454294,0.00606108,0.00758006,0.00909992,0.0106246,0.012149,0.0136722,0.0152
468,-7.00477e-17,0.000911183,0.00182804,0.00274587,0.00366459,0.00459028,0.00551391,0.0064393,0.00737091,0.00830219,0.00923666
469,2.66121e-17,0.00151166,0.00302582,0.0045443,0.00606125,0.00758012,0.00909952,0.0106238,0.0121479,0.0136727,0.0151988
470,2.6412e-17,0.00091235,0.00182752,0.00274683,0.00366491,0.00458971,0.00551201,0.00643969,0.00737132,0.00830137,0.00923621
471,-1.38403e-16,0.00151172,0.00302637,0.00454436,0.00606109,0.00757924,0.00909872,0.0106233,0.0121483,0.0136721,0.0151982
472,2.63373e-17,0.000912544,0.00182675,0.00274667,0.00366439,0.00458838,0.00551148,0.00643984,0.00737128,0.00830177,0.00923589
473,-3.30094e-16,0.0015117,0.00302589,0.00454312,0.00606067,0.00757915,0.0090988,0.0106238,0.0121488,0.0136722,0.0151993
474,1.24466e-17,0.000911927,0.00182735,0.00274652,0.00366505,0.00458803,0.00551231,0.00644061,0.00737086,0.00830269,0.00923584
475,-4.52512e-17,0.00151184,0.00302535,0.00454204,0.00605977,0.00757932,0.00909999,0.0106238,0.0121488,0.0136728,0.0152001
476,3.10824e-16,0.000911873,0.00182743,0.0027458,0.00366568,0.00458832,0.00551299,0.00644115,0.00737061,0.00830218,0.00923569
477,6.36476e-17,0.00151214,0.0030258,0.00454202,0.00605953,0.00757927,0.00910071,0.0106236,0.0121486,0.013673,0.0152
478,2.28248e-16,0.000912075,0.0018271,0.0027452,0.00366576,0.00458834,0.00551344,0.00644083,0.00737056,0.00830177,0.00923559
479,-1.81485e-16,0.00151235,0.00302613,0.00454218,0.0060596,0.00757935,0.00910082,0.0106238,0.0121487,0.0136731,0.0152
480,-7.01131e-17,0.00091224,0.00182728,0.00274515,0.00366571,0.00458853,0.00551375,0.0064406,0.00737052,0.00830195,0.0092356
481,3.33832e-17,0.00151264,0.00302721,0.00454165,0.00606018,0.00758047,0.00910025,0.0106248,0.0121505,0.0136709,0.0152002
482,-1.12415e-16,0.000910799,0.00182722,0.00274455,0.00366324,0.00459041,0.00551508,0.00643947,0.00737088,0.0083031,0.00923698
483,6.70372e-17,0.00151212,0.0030264,0.00454288,0.00606104,0.00758008,0.00909992,0.0106246,0.012149,0.0136722,0.0151999
484,-7.00477e-17,0.000911128,0.00182802,0.00274585,0.00366461,0.00459033,0.00551393,0.00643932,0.00737096,0.00830217,0.00923664
485,2.66121e-17,0.00151171,0.00302587,0.0045443,0.00606126,0.00758025,0.00909952,0.0106239,0.0121478,0.0136727,0.0151986
486,2.6412e-17,0.000912296,0.00182745,0.00274681,0.00366491,0.00458975,0.00551203,0.00643971,0.00737136,0.00830146,0.00923619
487,-1.38403e-16,0.00151178,0.00302642,0.00454434,0.00606109,0.00757935,0.00909872,0.0106234,0.0121483,0.013672,0.0151981
488,2.63373e-17,0.000912568,0.00182669,0.00274664,0.0036644,0.00458833,0.00551157,0.00643982,0.00737127,0.00830187,0.00923601
489,-3.30094e-16,0.00151169,0.00302589,0.00454309,0.0060608,0.00757915,0.00909879,0.0106238,0.0121489,0.0136722,0.0151994
490,1.24466e-17,0.000911951,0.00182735,0.00274644,0.00366505,0.00458794,0.00551237,0.0064406,0.00737085,0.0083027,0.00923585
491,-4.52512e-17,0.00151183,0.00302535,0.004542,0.00605993,0.00757932,0.00909997,0.0106238,0.0121488,0.0136727,0.0152002
492,3.10824e-16,0.000911873,0.00182744,0.00274573,0.00366568,0.00458825,0.00551298,0.00644115,0.0073706,0.00830218,0.00923559
493,6.36476e-17,0.00151214,0.0030258,0.00454199,0.00605958,0.00757927,0.00910069,0.0106236,0.0121486,0.0136729,0.0152
494,2.28248e-16,0.000912075,0.00182711,0.00274518,0.00366576,0.00458834,0.00551345,0.00644083,0.00737056,0.00830176,0.0092356
495,-1.81485e-16,0.00151234,0.00302613,0.00454218,0.00605962,0.00757935,0.00910082,0.0106238,0.0121487,0.0136731,0.0152
496,-7.01131e-17,0.00091224,0.00182728,0.00274515,0.00366571,0.00458855,0.00551377,0.0064406,0.00737052,0.00830194,0.0092356
497,3.33832e-17,0.00173334,0.00346312,0.0051944,0.00692748,0.00865377,0.0103877,0.0121145,0.0138399,0.0155715,0.0172944
498,-1.12415e-16,0.000984936,0.00196922,0.00295681,0.00394742,0.0049359,0.00592693,0.00692515,0.00791833,0.00891493,0.0099158
499,6.70372e-17,0.00173284,0.00346222,0.0051935,0.00692678,0.00865314,0.0103887,0.0121159,0.0138417,0.0155712,0.0172951
500,-7.00477e-17,0.000983701,0.00196756,0.00295558,0.00394564,0.00493563,0.00592671,0.00692493,0.00791832,0.00891598,0.00991499
501,2.66121e-17,0.00173226,0.00346137,0.00519256,0.00692656,0.00865407,0.01039,0.0121173,0.0138434,0.0155703,0.0172971
502,2.6412e-17,0.000982245,0.00196714,0.00295472,0.00394529,0.00493502,0.00592748,0.0069237,0.00791885,0.00891744,0.00991517
503,-1.38403e-16,0.00173166,0.00346155,0.00519305,0.00692513,0.00865592,0.0103903,0.0121161,0.0138425,0.0155698,0.0172982
504,2.63373e-17,0.000982946,0.00196791,0.00295396,0.00394633,0.0049349,0.00592817,0.00692277,0.00791876,0.00891735,0.00991628
505,-3.30094e-16,0.00173116,0.00346254,0.00519429,0.00692385,0.00865552,0.0103885,0.0121146,0.0138421,0.0155698,0.0172967
506,1.24466e-17,0.000983963,0.00196761,0.00295344,0.00394544,0.00493527,0.00592762,0.00692235,0.00791856,0.0089164,0.00991621
507,-4.52512e-17,0.00173131,0.0034636,0.00519468,0.00692489,0.00865556,0.0103863,0.0121148,0.0138425,0.0155698,0.0172949
508,3.10824e-16,0.000983435,0.00196785,0.00295426,0.00394395,0.00493519,0.00592727,0.00692232,0.00791854,0.00891656,0.00991591
509,6.36476e-17,0.00173154,0.00346367,0.00519438,0.00692549,0.00865583,0.0103855,0.0121148,0.0138425,0.0155693,0.0172947
510,2.28248e-16,0.000983314,0.0019687,0.00295507,0.00394363,0.0049347,0.00592744,0.00692274,0.00791838,0.00891663,0.00991599
511,-1.81485e-16,0.00173156,0.00346321,0.00519423,0.00692546,0.00865571,0.0103854,0.0121144,0.0138425,0.0155689,0.0172949
512,-7.01131e-17,0.00098333,0.00196879,0.00295531,0.00394365,0.00493449,0.00592723,0.00692278,0.00791858,0.00891625,0.00991609
513,3.33832e-17,0.00239429,0.00478897,0.00717254,0.00954377,0.0119163,0.0142716,0.0166246,0.0189683,0.0213006,0.0236234
514,-1.12415e-16,0.00110694,0.00221449,0.00332296,0.00443679,0.00554532,0.00666354,0.00777982,0.00889919,0.0100182,0.0111373
515,6.70372e-17,0.00239614,0.00479075,0.00717207,0.00954346,0.0119177,0.0142717,0.0166225,0.0189675,0.0212988,0.0236229
516,-7.00477e-17,0.00110768,0.00221533,0.00332193,0.00443692,0.00554485,0.00666497,0.00778026,0.00889881,0.0100191,0.0111379
517,2.66121e-17,0.00239799,0.00479255,0.00717159,0.00954444,0.011916,0.0142717,0.0166225,0.0189673,0.0212983,0.0236239
518,2.6412e-17,0.00110699,0.00221676,0.00332135,0.00443658,0.00554653,0.00666644,0.00778175,0.00889768,0.0100184,0.0111386
519,-1.38403e-16,0.00239911,0.00479187,0.00717151,0.00954722,0.0119155,0.0142726,0.0166247,0.0189678,0.0212988,0.0236239
520,2.63373e-17,0.00110576,0.00221678,0.00332337,0.00443593,0.00554937,0.00666669,0.00778278,0.00889836,0.0100174,0.0111388
521,-3.30094e-16,0.00239972,0.00479148,0.00717185,0.00954856,0.0119163,0.0142736,0.0166257,0.0189684,0.021299,0.0236232
522,1.24466e-17,0.00110616,0.0022161,0.00332471,0.00443577,0.00555032,0.00666614,0.00778161,0.00889986,0.0100166,0.0111397
523,-4.52512e-17,0.00239963,0.00479097,0.00717322,0.00954846,0.0119157,0.0142746,0.0166252,0.0189678,0.021299,0.0236233
524,3.10824e-16,0.00110696,0.00221588,0.00332476,0.00443607,0.00554988,0.00666527,0.00778056,0.0089001,0.010017,0.0111402
525,6.36476e-17,0.002399,0.00479009,0.00717359,0.0095484,0.0119152,0.0142745,0.0166252,0.0189672,0.0212991,0.0236237
526,2.28248e-16,0.00110688,0.00221522,0.00332519,0.00443648,0.00554957,0.00666475,0.00778055,0.00889964,0.0100181,0.0111398
527,-1.81485e-16,0.00239859,0.0047899,0.00717326,0.0095483,0.0119151,0.014274,0.0166251,0.0189672,0.0212992,0.0236238
528,-7.01131e-17,0.00110665,0.00221488,0.00332495,0.00443672,0.00554944,0.0066644,0.00778071,0.00889934,0.0100183,0.0111396
529,0.479699,0.470846,0.462146,0.453624,0.445227,0.436981,0.428815,0.420763,0.412848,0.404992,0.397194
530,0.479699,0.469403,0.459255,0.449285,0.439456,0.429768,0.420173,0.410689,0.401343,0.392067,0.382851
531,0,-2.22371e-06,-8.91795e-06,-2.00944e-05,-3.57551e-05,-5.5947e-05,-8.06896e-05,-0.000110021,-0.000143846,-0.000182291,-0.000225387
532,0,8.64153e-08,3.59398e-07,8.43588e-07,1.53759e-06,2.49117e-06,3.70117e-06,5.22291e-06,7.0161e-06,9.14184e-06,1.16854e-05
533,0.110834,0.134535,0.453843,-3.89862,-0.826253,-0.349594,-0.256107,-0.228369,-0.219844,-0.218828,-0.222328
534,0.110834,0.133946,0.452666,-3.90038,-0.828607,-0.352539,-0.259643,-0.232493,-0.22456,-0.224133,-0.228222
535,0.479702,0.470856,0.462158,0.45363,0.445228,0.436986,0.428818,0.420756,0.412843,0.404993,0.397202
536,0.479702,0.469411,0.459265,0.449291,0.439457,0.429772,0.420176,0.410684,0.401341,0.392069,0.382858
537,0,-2.22371e-06,-8.91794e-06,-2.00944e-05,-3.57551e-05,-5.5947e-05,-8.06896e-05,-0.00011002,-0.000143846,-0.000182292,-0.000225387
538,0,8.64167e-08,3.59409e-07,8.43589e-07,1.53766e-06,2.49118e-06,3.70118e-06,5.223e-06,7.0161e-06,9.14218e-06,1.16854e-05
539,0.110838,0.13449,0.453473,-3.89627,-0.826109,-0.349481,-0.256213,-0.228359,-0.219848,-0.218835,-0.22232
540,0.110838,0.1339,0.452294,-3.89804,-0.828465,-0.352426,-0.259751,-0.232484,-0.224563,-0.22414,-0.228214
541,0.4797,0.470864,0.462169,0.453625,0.445232,0.436978,0.428816,0.420757,0.412837,0.404983,0.397201
542,0.4797,0.469417,0.459272,0.449286,0.43946,0.429766,0.420176,0.410684,0.401336,0.39206,0.382857
543,0,-2.22371e-06,-8.91795e-06,-2.00944e-05,-3.57551e-05,-5.5947e-05,-8.06897e-05,-0.000110021,-0.000143846,-0.000182291,-0.000225387
544,0,8.64166e-08,3.5941e-07,8.4359e-07,1.53767e-06,2.49117e-06,3.70116e-06,5.22307e-06,7.01608e-06,9.14224e-06,1.16853e-05
545,0.110836,0.134527,0.453554,-3.8977,-0.826758,-0.349371,-0.256146,-0.228391,-0.219829,-0.218822,-0.222333
546,0.110836,0.133936,0.452374,-3.89946,-0.829115,-0.352316,-0.259684,-0.232517,-0.224543,-0.224125,-0.228228
547,0.479699,0.470868,0.46217,0.453618,0.445242,0.436971,0.428813,0.420763,0.412839,0.404981,0.397197
548,0.479699,0.46942,0.459272,0.449281,0.439468,0.429761,0.420174,0.410689,0.401336,0.392058,0.382855
549,0,-2.22371e-06,-8.91794e-06,-2.00944e-05,-3.57551e-05,-5.5947e-05,-8.06896e-05,-0.000110021,-0.000143846,-0.000182292,-0.000225387
550,0,8.64138e-08,3.59396e-07,8.43586e-07,1.53762e-06,2.49113e-06,3.70109e-06,5.22301e-06,7.016e-06,9.14199e-06,1.16851e-05
551,0.110834,0.134598,0.45398,-3.89735,-0.825904,-0.349609,-0.25613,-0.228391,-0.219826,-0.218812,-0.222332
552,0.110834,0.134008,0.452801,-3.89912,-0.82826,-0.352555,-0.259667,-0.232517,-0.224541,-0.224114,-0.228226
553,0.479701,0.470872,0.462165,0.453618,0.445244,0.436973,0.428819,0.420762,0.412844,0.404983,0.397198
554,0.479701,0.469424,0.45927,0.449283,0.439469,0.429762,0.420178,0.410688,0.401341,0.39206,0.382855
555,0,-2.2237e-06,-8.91794e-06,-2.00944e-05,-3.57551e-05,-5.5947e-05,-8.06896e-05,-0.000110021,-0.000143846,-0.000182292,-0.000225387
556,0,8.64136e-08,3.5939e-07,8.43582e-07,1.53761e-06,2.49112e-06,3.70105e-06,5.22295e-06,7.01603e-06,9.14189e-06,1.16851e-05
557,0.110834,0.134566,0.453934,-3.8923,-0.82532,-0.349764,-0.256176,-0.228377,-0.219852,-0.218813,-0.222334
558,0.110834,0.133977,0.452755,-3.89407,-0.827675,-0.35271,-0.259713,-0.232502,-0.224568,-0.224116,-0.228228
559,0.479702,0.470871,0.46216,0.453618,0.445243,0.436976,0.428825,0.42076,0.412842,0.404984,0.397203
560,0.479702,0.469423,0.459266,0.449283,0.439469,0.429765,0.420182,0.410686,0.40134,0.392061,0.382858
561,0,-2.2237e-06,-8.91795e-06,-2.00944e-05,-3.57551e-05,-5.5947e-05,-8.06897e-05,-0.000110021,-0.000143846,-0.000182292,-0.000225387
562,0,8.64144e-08,3.59391e-07,8.43586e-07,1.53762e-06,2.49113e-06,3.70106e-06,5.22297e-06,7.01605e-06,9.14191e-06,1.16852e-05
563,0.110835,0.134557,0.453761,-3.89179,-0.825382,-0.349742,-0.256157,-0.228371,-0.219854,-0.218813,-0.222339
564,0.110835,0.133968,0.452583,-3.89356,-0.827739,-0.352688,-0.259693,-0.232496,-0.22457,-0.224117,-0.228233
565,0.479702,0.470869,0.462156,0.453618,0.445243,0.436974,0.428826,0.420761,0.41284,0.404987,0.397205
566,0.479702,0.469421,0.459263,0.449282,0.439468,0.429764,0.420182,0.410687,0.401338,0.392064,0.382859
567,0,-2.2237e-06,-8.91795e-06,-2.00944e-05,-3.57551e-05,-5.5947e-05,-8.06897e-05,-0.000110021,-0.000143846,-0.000182292,-0.000225387
568,0,8.64149e-08,3.59391e-07,8.43592e-07,1.53762e-06,2.49114e-06,3.70108e-06,5.22299e-06,7.01607e-06,9.142e-06,1.16853e-05
569,0.110836,0.134552,0.45394,-3.89054,-0.825882,-0.349678,-0.256153,-0.228365,-0.219849,-0.218823,-0.222334
570,0.110836,0.133963,0.452762,-3.89231,-0.828239,-0.352623,-0.259689,-0.23249,-0.224565,-0.224127,-0.228228
571,0.479701,0.470869,0.462154,0.453617,0.445242,0.436974,0.428823,0.420762,0.41284,0.404988,0.397204
572,0.479701,0.469421,0.459261,0.449282,0.439467,0.429763,0.420179,0.410688,0.401338,0.392063,0.382859
573,0,-2.2237e-06,-8.91795e-06,-2.00944e-05,-3.57551e-05,-5.5947e-05,-8.06896e-05,-0.000110021,-0.000143846,-0.000182292,-0.000225388
574,0,8.64147e-08,3.59393e-07,8.43588e-07,1.53762e-06,2.49113e-06,3.70108e-06,5.22297e-06,7.01604e-06,9.14202e-06,1.16853e-05
575,0.110835,0.13454,0.453993,-3.88989,-0.826745,-0.349672,-0.256145,-0.228361,-0.219841,-0.218823,-0.22233
576,0.110835,0.13395,0.452816,-3.89166,-0.829102,-0.352618,-0.259682,-0.232485,-0.224556,-0.224128,-0.228223
577,0.479701,0.470851,0.462164,0.453627,0.44523,0.436964,0.428815,0.420775,0.412834,0.404988,0.397219
578,0.479701,0.469403,0.459271,0.449292,0.439456,0.429754,0.420171,0.410701,0.401332,0.392063,0.382874
579,0,-2.22558e-06,-8.91516e-06,-2.0088e-05,-3.57633e-05,-5.59602e-05,-8.06976e-05,-0.000109995,-0.00014387,-0.000182303,-0.000225369
580,0,8.69488e-08,3.60501e-07,8.39958e-07,1.54506e-06,2.49577e-06,3.71255e-06,5.21623e-06,7.02799e-06,9.174e-06,1.16698e-05
581,0.110835,0.134491,0.454992,-3.891,-0.826005,-0.3496,-0.256117,-0.228361,-0.219825,-0.218799,-0.222329
582,0.110835,0.133901,0.453815,-3.89277,-0.828362,-0.352545,-0.259653,-0.232486,-0.22454,-0.224103,-0.228222
583,0.479701,0.470852,0.462165,0.453627,0.44523,0.436964,0.428815,0.420775,0.412834,0.404988,0.397219
584,0.479701,0.469404,0.459272,0.449292,0.439456,0.429753,0.420171,0.410701,0.401332,0.392064,0.382874
585,0,-2.22558e-06,-8.91516e-06,-2.0088e-05,-3.57633e-05,-5.59602e-05,-8.06976e-05,-0.000109995,-0.00014387,-0.000182303,-0.000225369
586,0,8.69492e-08,3.605e-07,8.39962e-07,1.54506e-06,2.49577e-06,3.71257e-06,5.21624e-06,7.02803e-06,9.17401e-06,1.16698e-05
587,0.110836,0.134487,0.455168,-3.89061,-0.8255,-0.349611,-0.256121,-0.228371,-0.219832,-0.218797,-0.22233
588,0.110836,0.133898,0.453991,-3.89238,-0.827857,-0.352556,-0.259657,-0.232496,-0.224548,-0.224101,-0.228222
589,0.479701,0.470853,0.462164,0.453627,0.44523,0.436962,0.428815,0.420774,0.412833,0.404987,0.397218
590,0.479701,0.469405,0.459271,0.449292,0.439456,0.429752,0.420171,0.4107,0.401332,0.392062,0.382873
591,0,-2.22558e-06,-8.91516e-06,-2.0088e-05,-3.57633e-05,-5.59602e-05,-8.06976e-05,-0.000109995,-0.00014387,-0.000182303,-0.000225369
592,0,8.69494e-08,3.60501e-07,8.3996e-07,1.54506e-06,2.49577e-06,3.71257e-06,5.21624e-06,7.02801e-06,9.17401e-06,1.16699e-05
593,0.110836,0.134471,0.454787,-3.89082,-0.825224,-0.349609,-0.256104,-0.228372,-0.219828,-0.218796,-0.222329
594,0.110836,0.133881,0.453609,-3.89259,-0.827581,-0.352555,-0.25964,-0.232497,-0.224543,-0.2241,-0.228221
595,0.479702,0.470852,0.462163,0.453627,0.44523,0.436962,0.428814,0.420775,0.412833,0.404985,0.397218
596,0.479702,0.469404,0.45927,0.449292,0.439456,0.429752,0.42017,0.410701,0.401332,0.392061,0.382873
597,0,-2.22558e-06,-8.91516e-06,-2.0088e-05,-3.57633e-05,-5.59602e-05,-8.06976e-05,-0.000109995,-0.00014387,-0.000182303,-0.000225369
598,0,8.69493e-08,3.60501e-07,8.39958e-07,1.54506e-06,2.49578e-06,3.71256e-06,5.21623e-06,7.028e-06,9.17402e-06,1.16698e-05
599,0.110835,0.13449,0.454553,-3.89053,-0.825711,-0.349552,-0.256113,-0.228371,-0.219823,-0.218795,-0.222327
600,0.110835,0.133901,0.453375,-3.8923,-0.828067,-0.352498,-0.259649,-0.232496,-0.224538,-0.224098,-0.228221
601,0.479701,0.47085,0.462162,0.453628,0.445229,0.436963,0.428813,0.420775,0.412833,0.404987,0.397218
602,0.479701,0.469402,0.459269,0.449292,0.439455,0.429753,0.42017,0.410701,0.401331,0.392063,0.382873
603,0,-2.22558e-06,-8.91516e-06,-2.0088e-05,-3.57633e-05,-5.59602e-05,-8.06976e-05,-0.000109995,-0.00014387,-0.000182303,-0.000225369
604,0,8.69492e-08,3.60501e-07,8.39957e-07,1.54506e-06,2.49579e-06,3.71256e-06,5.21622e-06,7.02802e-06,9.17401e-06,1.16699e-05
605,0.110835,0.134507,0.454668,-3.89118,-0.825287,-0.349558,-0.256105,-0.228365,-0.219822,-0.218794,-0.222327
606,0.110835,0.133918,0.45349,-3.89294,-0.827644,-0.352505,-0.259641,-0.23249,-0.224537,-0.224098,-0.22822
607,0.4797,0.47085,0.462164,0.453627,0.44523,0.436963,0.428813,0.420774,0.41283,0.404988,0.397219
608,0.4797,0.469402,0.459271,0.449292,0.439456,0.429752,0.42017,0.4107,0.401329,0.392063,0.382874
609,0,-2.22558e-06,-8.91516e-06,-2.0088e-05,-3.57632e-05,-5.59602e-05,-8.06976e-05,-0.000109995,-0.00014387,-0.000182303,-0.000225369
610,0,8.69492e-08,3.60501e-07,8.39958e-07,1.54506e-06,2.4958e-06,3.71255e-06,5.21622e-06,7.02802e-06,9.17402e-06,1.16698e-05
611,0.110835,0.134497,0.454439,-3.89273,-0.824356,-0.349663,-0.256094,-0.228372,-0.219824,-0.218795,-0.222326
612,0.110835,0.133908,0.453261,-3.8945,-0.826712,-0.35261,-0.25963,-0.232497,-0.224539,-0.224099,-0.228219
613,0.479701,0.470852,0.462164,0.453627,0.445232,0.436963,0.428816,0.420775,0.412832,0.404986,0.397218
614,0.479701,0.469404,0.459271,0.449291,0.439457,0.429753,0.420172,0.410701,0.401331,0.392062,0.382873
615,0,-2.22558e-06,-8.91516e-06,-2.0088e-05,-3.57632e-05,-5.59602e-05,-8.06976e-05,-0.000109995,-0.00014387,-0.000182303,-0.000225369
616,0,8.69489e-08,3.60501e-07,8.39959e-07,1.54507e-06,2.49579e-06,3.71255e-06,5.21623e-06,7.02801e-06,9.17406e-06,1.16698e-05
617,0.110836,0.134492,0.45451,-3.89186,-0.824613,-0.349653,-0.256123,-0.228385,-0.219821,-0.218796,-0.222327
618,0.110836,0.133903,0.453332,-3.89362,-0.82697,-0.352599,-0.259659,-0.232511,-0.224536,-0.2241,-0.22822
619,0.479701,0.470852,0.462163,0.453628,0.445232,0.436965,0.428815,0.420775,0.412832,0.404985,0.397218
620,0.479701,0.469404,0.45927,0.449292,0.439457,0.429754,0.420171,0.410701,0.401331,0.392061,0.382873
621,0,-2.22558e-06,-8.91516e-06,-2.0088e-05,-3.57632e-05,-5.59602e-05,-8.06976e-05,-0.000109995,-0.00014387,-0.000182303,-0.000225369
622,0,8.69488e-08,3.605e-07,8.39959e-07,1.54507e-06,2.4958e-06,3.71256e-06,5.21624e-06,7.02802e-06,9.1741e-06,1.16699e-05
623,0.110837,0.134497,0.455076,-3.89177,-0.824734,-0.349667,-0.256156,-0.228389,-0.219814,-0.21879,-0.222328
624,0.110837,0.133908,0.453898,-3.89353,-0.827091,-0.352613,-0.259692,-0.232515,-0.22453,-0.224093,-0.228221
625,-1.77725e-16,0.00239873,0.00479001,0.00717309,0.00954835,0.011915,0.0142741,0.0166249,0.0189673,0.021299,0.0236238
626,-1.51184e-16,0.00110673,0.00221473,0.00332476,0.00443675,0.00554944,0.00666418,0.00778073,0.00889935,0.0100182,0.0111395
627,-7.21511e-17,0.00239894,0.00479004,0.00717292,0.0095483,0.011915,0.0142743,0.0166248,0.0189673,0.0212989,0.0236237
628,-1.71427e-16,0.00110702,0.00221468,0.00332501,0.00443663,0.00554947,0.00666454,0.00778076,0.00889973,0.0100181,0.0111393
629,1.72439e-16,0.00239895,0.00478991,0.00717276,0.00954807,0.0119152,0.0142743,0.0166249,0.0189673,0.021299,0.0236238
630,1.23102e-16,0.00110691,0.00221494,0.0033248,0.00443642,0.0055495,0.00666469,0.00778083,0.00889948,0.010018,0.0111391
631,1.9217e-16,0.00239887,0.00478965,0.00717292,0.00954789,0.0119153,0.014274,0.0166251,0.0189672,0.0212991,0.0236238
632,1.57388e-16,0.00110659,0.00221482,0.00332495,0.00443641,0.00554936,0.0066646,0.00778106,0.00889903,0.010018,0.011139
633,-1.71752e-16,0.00239889,0.00478949,0.007173,0.00954791,0.0119152,0.0142739,0.0166249,0.0189673,0.0212992,0.0236239
634,-1.37146e-16,0.00110648,0.0022146,0.00332511,0.00443608,0.00554962,0.00666462,0.00778106,0.00889912,0.0100182,0.0111388
635,-1.51248e-16,0.00239889,0.0047897,0.00717288,0.00954799,0.0119151,0.014274,0.0166245,0.0189673,0.0212993,0.0236241
636,2.02462e-17,0.0011068,0.00221475,0.00332506,0.00443607,0.00554992,0.00666479,0.0077809,0.00889898,0.0100182,0.0111387
637,-1.04806e-16,0.00239904,0.00479007,0.00717288,0.00954812,0.0119153,0.0142739,0.0166245,0.0189673,0.0212991,0.0236239
638,1.97879e-16,0.00110714,0.00221461,0.0033253,0.0044364,0.00554959,0.00666501,0.00778113,0.00889872,0.0100179,0.011139
639,-2.1364e-16,0.00239904,0.00479015,0.00717269,0.00954811,0.0119155,0.0142738,0.0166248,0.0189674,0.021299,0.0236239
640,-1.56648e-17,0.00110717,0.00221436,0.00332552,0.00443592,0.0055491,0.00666505,0.00778123,0.00889872,0.0100175,0.0111391
641,-1.77725e-16,0.00173157,0.00346307,0.0051944,0.00692548,0.00865559,0.0103854,0.0121142,0.0138425,0.0155689,0.0172948
642,-1.51184e-16,0.00098333,0.00196881,0.00295535,0.00394369,0.00493458,0.00592715,0.00692268,0.00791887,0.00891631,0.00991613
643,-7.21511e-17,0.0017317,0.00346324,0.00519463,0.00692568,0.0086556,0.0103853,0.0121142,0.0138426,0.015569,0.0172945
644,-1.71427e-16,0.000983278,0.00196873,0.00295534,0.00394383,0.00493481,0.0059273,0.00692256,0.00791881,0.00891658,0.00991602
645,1.72439e-16,0.00173176,0.00346332,0.00519464,0.00692558,0.00865551,0.0103853,0.0121145,0.0138426,0.015569,0.0172946
646,1.23102e-16,0.000982956,0.00196831,0.0029552,0.00394401,0.00493483,0.00592733,0.00692237,0.0079188,0.00891641,0.00991595
647,1.9217e-16,0.00173163,0.00346341,0.00519454,0.00692546,0.00865537,0.0103853,0.0121144,0.0138428,0.0155687,0.0172949
648,1.57388e-16,0.000982919,0.00196801,0.00295514,0.00394419,0.00493456,0.00592733,0.00692227,0.00791883,0.00891629,0.0099161
649,-1.71752e-16,0.00173175,0.0034636,0.00519435,0.00692563,0.00865552,0.0103854,0.0121144,0.0138427,0.0155688,0.0172948
650,-1.37146e-16,0.000982999,0.00196815,0.00295522,0.00394425,0.00493446,0.00592745,0.00692192,0.00791869,0.00891651,0.00991637
651,-1.51248e-16,0.0017318,0.00346352,0.0051943,0.00692551,0.00865567,0.0103857,0.0121149,0.0138426,0.0155691,0.0172949
652,2.02462e-17,0.000983007,0.00196858,0.00295541,0.003944,0.0049346,0.00592761,0.00692178,0.00791873,0.00891669,0.00991643
653,-1.04806e-16,0.00173168,0.00346334,0.00519431,0.00692531,0.00865575,0.0103855,0.0121149,0.0138427,0.0155688,0.0172948
654,1.97879e-16,0.000983346,0.00196862,0.00295523,0.00394383,0.00493479,0.00592777,0.006922,0.00791855,0.00891663,0.00991656
655,-2.1364e-16,0.00173176,0.00346329,0.00519427,0.00692515,0.00865576,0.0103854,0.0121146,0.0138428,0.0155683,0.0172948
656,-1.56648e-17,0.000983695,0.001968,0.00295452,0.00394403,0.00493498,0.00592794,0.00692219,0.00791809,0.00891628,0.00991692
657,-1.77725e-16,0.00151237,0.00302608,0.00454225,0.00605965,0.00757948,0.00910089,0.010624,0.0121488,0.0136733,0.0152002
658,-1.51184e-16,0.000912208,0.00182734,0.00274519,0.00366564,0.00458843,0.00551386,0.0064406,0.00737042,0.00830195,0.00923562
659,-7.21511e-17,0.00151223,0.00302606,0.00454228,0.00605961,0.00757949,0.00910088,0.0106241,0.0121486,0.0136733,0.0152001
660,-1.71427e-16,0.000912194,0.00182715,0.00274503,0.00366558,0.00458837,0.00551367,0.00644079,0.00737037,0.00830191,0.00923562
661,1.72439e-16,0.00151204,0.00302617,0.0045422,0.00605958,0.00757944,0.00910094,0.010624,0.0121486,0.0136733,0.0152002
662,1.23102e-16,0.000912538,0.00182749,0.00274514,0.00366541,0.0045885,0.00551348,0.00644092,0.00737062,0.00830179,0.00923577
663,1.9217e-16,0.00151179,0.00302617,0.00454204,0.00605973,0.00757946,0.00910082,0.0106238,0.0121485,0.013673,0.0152001
664,1.57388e-16,0.000912633,0.0018279,0.00274539,0.00366554,0.00458831,0.00551339,0.00644091,0.00737062,0.00830194,0.00923604
665,-1.71752e-16,0.00151174,0.00302614,0.00454205,0.00605977,0.00757963,0.00910071,0.0106238,0.0121484,0.0136731,0.0151999
666,-1.37146e-16,0.000912514,0.00182787,0.00274523,0.00366569,0.00458821,0.00551328,0.0064411,0.00737044,0.00830197,0.0092359
667,-1.51248e-16,0.00151194,0.00302605,0.00454222,0.0060598,0.00757946,0.00910078,0.0106239,0.0121485,0.0136732,0.0152001
668,2.02462e-17,0.000912372,0.00182752,0.00274514,0.00366559,0.00458827,0.00551329,0.00644112,0.00737055,0.00830169,0.00923566
669,-1.04806e-16,0.00151206,0.00302604,0.0045423,0.00606005,0.00757918,0.00910084,0.010624,0.0121485,0.0136732,0.0152001
670,1.97879e-16,0.000912072,0.0018273,0.00274522,0.00366573,0.00458825,0.00551312,0.00644091,0.00737086,0.00830183,0.00923543
671,-2.1364e-16,0.00151209,0.00302603,0.00454237,0.00606017,0.00757925,0.00910096,0.010624,0.0121485,0.0136735,0.0152001
672,-1.56648e-17,0.000911815,0.00182773,0.00274521,0.00366605,0.00458846,0.00551291,0.00644101,0.00737129,0.00830227,0.00923522
673,-1.77725e-16,0.00151237,0.00302608,0.00454225,0.00605963,0.00757948,0.00910089,0.010624,0.0121488,0.0136732,0.0152002
674,-1.51184e-16,0.000912208,0.00182733,0.00274519,0.00366563,0.00458844,0.00551386,0.0064406,0.00737042,0.00830195,0.00923563
675,-7.21511e-17,0.00151223,0.00302606,0.00454227,0.00605959,0.00757948,0.00910088,0.0106241,0.0121486,0.0136733,0.0152002
676,-1.71427e-16,0.000912194,0.00182716,0.0027451,0.00366557,0.00458837,0.00551365,0.00644078,0.00737038,0.00830191,0.00923563
677,1.72439e-16,0.00151204,0.00302612,0.00454218,0.00605956,0.00757944,0.0091009,0.010624,0.0121486,0.0136733,0.0152002
678,1.23102e-16,0.000912538,0.00182745,0.0027452,0.00366541,0.00458849,0.00551344,0.00644089,0.00737062,0.00830178,0.00923577
679,1.9217e-16,0.00151185,0.00302615,0.00454204,0.00605971,0.00757946,0.00910086,0.0106238,0.0121485,0.013673,0.0152001
680,1.57388e-16,0.000912645,0.00182785,0.0027454,0.00366554,0.00458832,0.00551336,0.0064409,0.00737063,0.00830193,0.00923604
681,-1.71752e-16,0.0015118,0.00302615,0.00454204,0.00605968,0.00757963,0.00910079,0.0106238,0.0121484,0.0136731,0.0151999
682,-1.37146e-16,0.000912525,0.00182787,0.0027453,0.00366564,0.0045882,0.00551327,0.0064411,0.00737044,0.00830202,0.00923584
683,-1.51248e-16,0.00151193,0.00302605,0.0045422,0.00605972,0.00757947,0.00910078,0.0106239,0.0121484,0.0136732,0.0152001
684,2.02462e-17,0.000912371,0.00182743,0.00274513,0.00366553,0.00458823,0.00551328,0.00644113,0.00737055,0.00830174,0.00923556
685,-1.04806e-16,0.00151205,0.00302605,0.00454229,0.00606011,0.0075792,0.00910083,0.010624,0.0121485,0.0136732,0.0152001
686,1.97879e-16,0.000912071,0.00182722,0.00274515,0.00366573,0.00458825,0.00551312,0.00644091,0.00737088,0.00830183,0.00923539
687,-2.1364e-16,0.00151208,0.00302605,0.00454237,0.00606023,0.00757925,0.00910096,0.010624,0.0121485,0.0136735,0.0152001
688,-1.56648e-17,0.000911835,0.00182773,0.00274521,0.00366608,0.00458846,0.00551291,0.006441,0.00737131,0.00830227,0.00923521
689,-1.77725e-16,0.00173157,0.00346308,0.0051944,0.00692547,0.00865559,0.0103854,0.0121142,0.0138425,0.0155689,0.0172948
690,-1.51184e-16,0.00098333,0.0019688,0.00295537,0.00394366,0.0049346,0.00592715,0.00692269,0.00791887,0.0089163,0.00991614
691,-7.21511e-17,0.0017317,0.00346324,0.00519462,0.00692565,0.00865559,0.0103853,0.0121142,0.0138426,0.015569,0.0172945
692,-1.71427e-16,0.00098326,0.00196878,0.00295541,0.00394382,0.00493481,0.00592723,0.00692254,0.00791879,0.00891661,0.00991604
693,1.72439e-16,0.00173178,0.0034633,0.00519453,0.00692554,0.00865551,0.0103852,0.0121145,0.0138426,0.015569,0.0172946
694,1.23102e-16,0.000982962,0.00196831,0.00295526,0.003944,0.00493493,0.00592724,0.00692236,0.00791877,0.00891641,0.00991594
695,1.9217e-16,0.0017317,0.00346346,0.00519445,0.00692544,0.00865538,0.0103853,0.0121144,0.0138429,0.0155687,0.0172949
696,1.57388e-16,0.000982961,0.00196795,0.00295515,0.00394417,0.00493468,0.0059273,0.00692231,0.00791882,0.00891625,0.00991609
697,-1.71752e-16,0.0017318,0.00346367,0.00519442,0.00692553,0.00865553,0.0103855,0.0121144,0.0138428,0.0155688,0.0172948
698,-1.37146e-16,0.000983005,0.00196816,0.00295529,0.0039442,0.00493444,0.00592744,0.006922,0.00791869,0.00891658,0.00991629
699,-1.51248e-16,0.0017318,0.00346352,0.00519436,0.00692542,0.00865569,0.0103857,0.0121149,0.0138426,0.0155691,0.0172949
700,2.02462e-17,0.000983014,0.00196855,0.00295541,0.00394395,0.00493461,0.00592761,0.00692184,0.00791874,0.00891676,0.00991631
701,-1.04806e-16,0.00173168,0.00346332,0.0051943,0.00692537,0.00865577,0.0103855,0.0121149,0.0138427,0.0155688,0.0172948
702,1.97879e-16,0.000983365,0.00196859,0.00295516,0.00394387,0.00493484,0.00592778,0.00692202,0.00791858,0.00891663,0.00991652
703,-2.1364e-16,0.00173174,0.00346326,0.00519427,0.0069252,0.00865575,0.0103854,0.0121145,0.0138428,0.0155683,0.0172948
704,-1.56648e-17,0.000983709,0.001968,0.00295452,0.00394409,0.00493498,0.00592795,0.00692219,0.00791811,0.00891629,0.00991691
705,-1.77725e-16,0.00239872,0.00479002,0.0071731,0.00954832,0.011915,0.0142741,0.0166249,0.0189673,0.021299,0.0236238
706,-1.51184e-16,0.00110673,0.00221473,0.00332477,0.00443671,0.00554943,0.00666418,0.00778072,0.00889935,0.0100182,0.0111395
707,-7.21511e-17,0.00239893,0.00479004,0.00717287,0.00954825,0.011915,0.0142743,0.0166248,0.0189673,0.0212989,0.0236237
708,-1.71427e-16,0.001107,0.00221471,0.00332499,0.00443661,0.00554947,0.00666449,0.00778075,0.00889974,0.0100182,0.0111393
709,1.72439e-16,0.00239892,0.00478993,0.00717264,0.00954805,0.0119152,0.0142743,0.0166249,0.0189673,0.021299,0.0236238
710,1.23102e-16,0.00110691,0.00221499,0.00332478,0.00443643,0.00554959,0.00666464,0.00778084,0.00889954,0.010018,0.011139
711,1.9217e-16,0.00239886,0.00478973,0.00717285,0.00954788,0.0119153,0.0142739,0.0166252,0.0189674,0.0212991,0.0236239
712,1.57388e-16,0.00110662,0.00221485,0.00332499,0.00443642,0.00554941,0.00666458,0.0077811,0.00889902,0.010018,0.011139
713,-1.71752e-16,0.00239889,0.00478956,0.00717299,0.00954791,0.0119152,0.0142739,0.0166249,0.0189675,0.0212992,0.023624
714,-1.37146e-16,0.00110648,0.00221467,0.00332516,0.00443608,0.00554957,0.0066646,0.00778112,0.00889908,0.0100183,0.0111388
715,-1.51248e-16,0.00239889,0.0047897,0.00717288,0.00954799,0.011915,0.014274,0.0166245,0.0189673,0.0212993,0.0236241
716,2.02462e-17,0.0011068,0.00221483,0.00332507,0.00443607,0.00554996,0.00666479,0.00778096,0.00889901,0.0100182,0.0111387
717,-1.04806e-16,0.00239905,0.00479003,0.00717289,0.00954811,0.0119152,0.0142739,0.0166245,0.0189673,0.0212991,0.0236239
718,1.97879e-16,0.00110714,0.00221466,0.00332528,0.00443646,0.00554965,0.00666503,0.00778114,0.00889868,0.0100179,0.011139
719,-2.1364e-16,0.00239904,0.00479013,0.00717271,0.0095481,0.0119155,0.0142739,0.0166248,0.0189674,0.021299,0.0236239
720,-1.56648e-17,0.00110715,0.00221434,0.0033255,0.00443597,0.00554911,0.00666506,0.00778122,0.00889864,0.0100175,0.0111391
721,0.479701,0.470869,0.462154,0.453617,0.445242,0.436974,0.428824,0.420762,0.41284,0.404988,0.397204
722,0.479701,0.469421,0.459261,0.449282,0.439467,0.429763,0.42018,0.410688,0.401338,0.392064,0.382858
723,0,-2.2237e-06,-8.91795e-06,-2.00944e-05,-3.57551e-05,-5.5947e-05,-8.06897e-05,-0.000110021,-0.000143846,-0.000182292,-0.000225387
724,0,8.64148e-08,3.59392e-07,8.43587e-07,1.53762e-06,2.49113e-06,3.70108e-06,5.22297e-06,7.01604e-06,9.14201e-06,1.16853e-05
725,0.110835,0.134552,0.454141,-3.89106,-0.826741,-0.349641,-0.256136,-0.228361,-0.219839,-0.218824,-0.222329
726,0.110835,0.133963,0.452964,-3.89282,-0.829098,-0.352587,-0.259673,-0.232485,-0.224554,-0.224128,-0.228222
727,0.479701,0.470869,0.462155,0.453616,0.445242,0.436974,0.428824,0.420762,0.41284,0.404987,0.397205
728,0.479701,0.469421,0.459262,0.449281,0.439468,0.429763,0.42018,0.410687,0.401338,0.392063,0.382859
729,0,-2.2237e-06,-8.91795e-06,-2.00944e-05,-3.57551e-05,-5.5947e-05,-8.06897e-05,-0.000110021,-0.000143846,-0.000182292,-0.000225387
730,0,8.64152e-08,3.59392e-07,8.43594e-07,1.53762e-06,2.49114e-06,3.70109e-06,5.22299e-06,7.01608e-06,9.14201e-06,1.16853e-05
731,0.110836,0.134553,0.454259,-3.89128,-0.826458,-0.349662,-0.256142,-0.22837,-0.219847,-0.218822,-0.222331
732,0.110836,0.133964,0.453081,-3.89305,-0.828815,-0.352608,-0.259678,-0.232495,-0.224562,-0.224126,-0.228224
733,0.479701,0.47087,0.462155,0.453616,0.445239,0.436974,0.428824,0.420761,0.412839,0.404986,0.397204
734,0.479701,0.469422,0.459262,0.449281,0.439466,0.429763,0.420181,0.410686,0.401338,0.392062,0.382859
735,0,-2.2237e-06,-8.91795e-06,-2.00944e-05,-3.57551e-05,-5.5947e-05,-8.06896e-05,-0.000110021,-0.000143846,-0.000182292,-0.000225387
736,0,8.64152e-08,3.59394e-07,8.43591e-07,1.53762e-06,2.49115e-06,3.70109e-06,5.22298e-06,7.01605e-06,9.14202e-06,1.16854e-05
737,0.110836,0.134541,0.454173,-3.89268,-0.825982,-0.349679,-0.256144,-0.228371,-0.219846,-0.21882,-0.222331
738,0.110836,0.133951,0.452995,-3.89445,-0.828338,-0.352625,-0.25968,-0.232496,-0.224561,-0.224124,-0.228223
739,0.479702,0.470871,0.462154,0.453616,0.445239,0.436973,0.428824,0.420762,0.41284,0.404986,0.397202
740,0.479702,0.469423,0.459261,0.449281,0.439465,0.429762,0.420181,0.410688,0.401338,0.392062,0.382857
741,0,-2.2237e-06,-8.91795e-06,-2.00944e-05,-3.57551e-05,-5.5947e-05,-8.06897e-05,-0.000110021,-0.000143846,-0.000182292,-0.000225387
742,0,8.64151e-08,3.59394e-07,8.43589e-07,1.53762e-06,2.49114e-06,3.70108e-06,5.22298e-06,7.01603e-06,9.14201e-06,1.16853e-05
743,0.110835,0.13455,0.454346,-3.89258,-0.826058,-0.349602,-0.256142,-0.228377,-0.219841,-0.218821,-0.222329
744,0.110835,0.133961,0.453168,-3.89435,-0.828414,-0.352548,-0.259678,-0.232502,-0.224556,-0.224125,-0.228223
745,0.479701,0.470868,0.462154,0.453616,0.44524,0.436973,0.428825,0.420763,0.412838,0.404988,0.397202
746,0.479701,0.469421,0.459261,0.44928,0.439466,0.429762,0.420181,0.410689,0.401337,0.392064,0.382857
747,0,-2.2237e-06,-8.91795e-06,-2.00944e-05,-3.57551e-05,-5.5947e-05,-8.06897e-05,-0.000110021,-0.000143846,-0.000182292,-0.000225387
748,0,8.6415e-08,3.59392e-07,8.43589e-07,1.53762e-06,2.49115e-06,3.70108e-06,5.22297e-06,7.01605e-06,9.14201e-06,1.16853e-05
749,0.110835,0.134567,0.454331,-3.89272,-0.82592,-0.349611,-0.256124,-0.228375,-0.219841,-0.218821,-0.22233
750,0.110835,0.133978,0.453153,-3.89449,-0.828277,-0.352557,-0.25966,-0.232501,-0.224556,-0.224124,-0.228223
751,0.4797,0.470868,0.462156,0.453615,0.44524,0.436974,0.428825,0.420761,0.412836,0.404989,0.397203
752,0.4797,0.46942,0.459263,0.44928,0.439466,0.429763,0.420181,0.410687,0.401335,0.392065,0.382858
753,0,-2.2237e-06,-8.91795e-06,-2.00944e-05,-3.57551e-05,-5.5947e-05,-8.06897e-05,-0.000110021,-0.000143846,-0.000182292,-0.000225387
754,0,8.6415e-08,3.59393e-07,8.43589e-07,1.53762e-06,2.49116e-06,3.70107e-06,5.22297e-06,7.01605e-06,9.14202e-06,1.16853e-05
755,0.110835,0.134523,0.454123,-3.89278,-0.825989,-0.349699,-0.256118,-0.228371,-0.219842,-0.218819,-0.222327
756,0.110835,0.133934,0.452945,-3.89455,-0.828346,-0.352646,-0.259653,-0.232497,-0.224557,-0.224123,-0.22822
757,0.479701,0.470868,0.462156,0.453616,0.445241,0.436973,0.428825,0.420762,0.412839,0.404987,0.397202
758,0.479701,0.46942,0.459263,0.449281,0.439467,0.429763,0.420181,0.410688,0.401337,0.392063,0.382857
759,0,-2.2237e-06,-8.91795e-06,-2.00944e-05,-3.57551e-05,-5.5947e-05,-8.06897e-05,-0.000110021,-0.000143846,-0.000182292,-0.000225387
760,0,8.64148e-08,3.59393e-07,8.4359e-07,1.53763e-06,2.49115e-06,3.70107e-06,5.22298e-06,7.01604e-06,9.14201e-06,1.16853e-05
761,0.110836,0.134509,0.454093,-3.89122,-0.826588,-0.349702,-0.25614,-0.228382,-0.219839,-0.218822,-0.222324
762,0.110836,0.13392,0.452915,-3.89299,-0.828945,-0.352648,-0.259676,-0.232508,-0.224554,-0.224125,-0.228217
763,0.479701,0.470867,0.462154,0.453617,0.445242,0.436974,0.428824,0.420763,0.412839,0.404987,0.397204
764,0.479701,0.469419,0.459261,0.449282,0.439467,0.429763,0.420181,0.410688,0.401337,0.392063,0.382859
765,0,-2.2237e-06,-8.91795e-06,-2.00944e-05,-3.57551e-05,-5.5947e-05,-8.06897e-05,-0.000110021,-0.000143846,-0.000182292,-0.000225388
766,0,8.64147e-08,3.59393e-07,8.4359e-07,1.53763e-06,2.49115e-06,3.70108e-06,5.22298e-06,7.01606e-06,9.14201e-06,1.16853e-05
767,0.110837,0.134533,0.454306,-3.89163,-0.827252,-0.349625,-0.25616,-0.228392,-0.219843,-0.218821,-0.222319
768,0.110837,0.133943,0.453128,-3.8934,-0.829609,-0.35257,-0.259696,-0.232518,-0.224559,-0.224124,-0.228212
