1,-0.9140139222145081,-0.45816370844841003,0.06482536345720291
2,-1.038461446762085,-0.5743924975395203,0.06214379519224167
3,-1.1126124858856201,-0.6885278820991516,0.06133003532886505
4,-1.136489987373352,-0.8005882501602173,0.06238063424825668
5,-1.1101226806640625,-0.910581648349762,0.06529492884874344
6,-1.033522129058838,-1.0185128450393677,0.07007307559251785
7,-0.906683087348938,-1.1243820190429688,0.0767156183719635
8,-0.7295821309089661,-1.2281880378723145,0.08522361516952515
9,-0.5021699070930481,-1.3299378156661987,0.09559950232505798
10,-0.22439990937709808,-1.4297415018081665,0.10784103721380234
11,-0.6613134741783142,-0.3445656895637512,0.061804935336112976
12,-0.7846781015396118,-0.4343763589859009,0.0604512020945549
13,-0.8577308058738708,-0.5220996737480164,0.060963552445173264
14,-0.8805249929428101,-0.6077609658241272,0.06334026157855988
15,-0.8530819416046143,-0.6913624405860901,0.0675806924700737
16,-0.7754106521606445,-0.7729063034057617,0.07368504256010056
17,-0.6475059390068054,-0.8523932099342346,0.08165387809276581
18,-0.4693461060523987,-0.9298239946365356,0.09148826450109482
19,-0.2408926784992218,-1.0052107572555542,0.10319021344184875
20,0.03793182224035263,-1.0786064863204956,0.11675819009542465
21,-0.40677574276924133,-0.2286389321088791,0.06076743081212044
22,-0.5290812253952026,-0.29205235838890076,0.06073981896042824
23,-0.6010586023330688,-0.35338693857192993,0.06257747858762741
24,-0.6227763891220093,-0.41266536712646484,0.06627943366765976
25,-0.5942591428756714,-0.4698898196220398,0.07184518873691559
26,-0.5155160427093506,-0.525061309337616,0.07927492260932922
27,-0.38654080033302307,-0.5781806111335754,0.088569276034832
28,-0.207311749458313,-0.6292495727539062,0.09972940385341644
29,0.022213906049728394,-0.6782772541046143,0.1127573624253273
30,0.3021344840526581,-0.7252936363220215,0.12765277922153473
31,-0.15045450627803802,-0.11044015735387802,0.061709389090538025
32,-0.271686851978302,-0.14745298027992249,0.06300787627696991
33,-0.3425880968570709,-0.1824021339416504,0.06617077440023422
34,-0.3632296621799469,-0.21530164778232574,0.07119788229465485
35,-0.33363860845565796,-0.24615292251110077,0.07808870077133179
36,-0.2538240849971771,-0.27495667338371277,0.08684350550174713
37,-0.12377986311912537,-0.3017129898071289,0.0974629819393158
38,0.056516654789447784,-0.3264230191707611,0.10994834452867508
39,0.2871108651161194,-0.34909161925315857,0.12430178374052048
40,0.5681049227714539,-0.36973461508750916,0.14052343368530273
41,0.1076810359954834,0.010049480944871902,0.06463010609149933
42,-0.012472258880734444,-0.0005632424727082253,0.0672546774148941
43,-0.08229518681764603,-0.009128464385867119,0.07174290716648102
44,-0.10185952484607697,-0.015650641173124313,0.07809506356716156
45,-0.07119452953338623,-0.02013053372502327,0.08631080389022827
46,0.009690068662166595,-0.022568142041563988,0.09639039635658264
47,0.1408006101846695,-0.02296305075287819,0.10833461582660675
48,0.3221604824066162,-0.02131478302180767,0.1221446841955185
49,0.5538171529769897,-0.017623279243707657,0.13782304525375366
50,0.8358742594718933,-0.011892605572938919,0.15537029504776
51,0.36764806509017944,0.13284315168857574,0.06952967494726181
52,0.24857939779758453,0.1486302614212036,0.07348040491342545
53,0.17983810603618622,0.16644839942455292,0.07929399609565735
54,0.1613529473543167,0.18630309402942657,0.0869712233543396
55,0.19309209287166595,0.20819416642189026,0.09651175141334534
56,0.275045245885849,0.23212207853794098,0.10791590809822083
57,0.4072187840938568,0.25808799266815186,0.12118446826934814
58,0.5896367430686951,0.28609421849250793,0.13631877303123474
59,0.8223494291305542,0.3161460757255554,0.1533215045928955
60,1.105460524559021,0.34825044870376587,0.17219388484954834
61,0.6294615268707275,0.25795379281044006,0.07640869170427322
62,0.5114840865135193,0.3001411259174347,0.0816856324672699
63,0.44382956624031067,0.34434354305267334,0.08882474154233932
64,0.4264262020587921,0.39057570695877075,0.09782707691192627
65,0.4592399597167969,0.43883803486824036,0.10869234800338745
66,0.5422601103782654,0.4891315698623657,0.12142084538936615
67,0.6754931211471558,0.541458249092102,0.13601341843605042
68,0.8589633107185364,0.5958216786384583,0.15247145295143127
69,1.0927237272262573,0.6522323489189148,0.1707979142665863
70,1.376879096031189,0.7107094526290894,0.19099485874176025
71,0.8931387662887573,0.3853955566883087,0.08526826649904251
72,0.7762603759765625,0.45398393273353577,0.09187150746583939
73,0.7096987962722778,0.5245725512504578,0.10033632814884186
74,0.6933799982070923,0.5971839427947998,0.11066388338804245
75,0.7272688150405884,0.6718190312385559,0.12285387516021729
76,0.81135493516922,0.7484796047210693,0.13690660893917084
77,0.9456444978713989,0.827167809009552,0.15282289683818817
78,1.1301610469818115,0.9078881740570068,0.17060419917106628
79,1.3649591207504272,0.9906550645828247,0.19025367498397827
80,1.650146722793579,1.075502872467041,0.21177443861961365
81,1.1587140560150146,0.5151915550231934,0.09611096233129501
82,1.0429391860961914,0.610177218914032,0.10404012352228165
83,0.9774749875068665,0.7071553468704224,0.11383096128702164
84,0.962242603302002,0.8061501383781433,0.12548398971557617
85,0.9972065687179565,0.9071621298789978,0.138998880982399
86,1.082358479499817,1.0101940631866455,0.15437598526477814
87,1.2177037000656128,1.1152478456497192,0.17161600291728973
88,1.4032630920410156,1.2223269939422607,0.1907203197479248
89,1.6390917301177979,1.3314493894577026,0.21169230341911316
90,1.9252982139587402,1.4426721334457397,0.2345360666513443
91,1.4262491464614868,0.6472875475883484,0.10893499106168747
92,1.3115442991256714,0.768689751625061,0.1181904673576355
93,1.2471776008605957,0.8920819163322449,0.1293087750673294
94,1.2330290079116821,1.0174760818481445,0.14228805899620056
95,1.2690672874450684,1.1448794603347778,0.1571284830570221
96,1.3552871942520142,1.274297833442688,0.17383064329624176
97,1.4916940927505493,1.4057321548461914,0.1923951506614685
98,1.6783056259155273,1.5391838550567627,0.21282315254211426
99,1.9151747226715088,1.674665927886963,0.23511800169944763
100,2.202455997467041,1.8122975826263428,0.2592889964580536
101,-1.0498378276824951,-0.5693120360374451,0.065914086997509
102,-1.1727696657180786,-0.6850813031196594,0.0643707886338234
103,-1.245156168937683,-0.7986998558044434,0.0647006556391716
104,-1.2670692205429077,-0.9102086424827576,0.06690026074647903
105,-1.2385379076004028,-1.0196058750152588,0.07096841931343079
106,-1.1595828533172607,-1.1268975734710693,0.07690548896789551
107,-1.0301928520202637,-1.2320835590362549,0.0847126916050911
108,-0.8503233790397644,-1.3351638317108154,0.0943920835852623
109,-0.61991286277771,-1.4361821413040161,0.10594644397497177
110,-0.33887237310409546,-1.5352473258972168,0.11936894804239273
111,-0.766062319278717,-0.42958372831344604,0.06390891224145889
112,-0.8878772854804993,-0.5188015103340149,0.06370016187429428
113,-0.9591414928436279,-0.6058892011642456,0.06536241620779037
114,-0.9799462556838989,-0.690884530544281,0.06889404356479645
115,-0.9503250122070312,-0.773784875869751,0.07429417967796326
116,-0.8702932596206665,-0.8545917272567749,0.08156324923038483
117,-0.7398393154144287,-0.933305561542511,0.0907026082277298
118,-0.5589220523834229,-1.0099316835403442,0.1017143502831459
119,-0.3274773359298706,-1.0845061540603638,0.11460098624229431
120,-0.045397430658340454,-1.1570935249328613,0.12935620546340942
121,-0.48042428493499756,-0.2874912619590759,0.06389246135950089
122,-0.6011534929275513,-0.3501841425895691,0.06501609086990356
123,-0.6713243722915649,-0.41077056527137756,0.06800945848226547
124,-0.6910334825515747,-0.46927589178085327,0.0728718563914299
125,-0.6603243947029114,-0.5257008075714111,0.07960271090269089
126,-0.5792130827903748,-0.5800454616546631,0.08820255845785141
127,-0.4476871192455292,-0.6323105692863464,0.09867284446954727
128,-0.26570388674736023,-0.6825016140937805,0.11101565510034561
129,-0.03318876028060913,-0.7306421399116516,0.12523359060287476
130,0.24997597932815552,-0.7767789959907532,0.14132170379161835
131,-0.19303199648857117,-0.14314037561416626,0.06586132198572159
132,-0.31266874074935913,-0.1793115884065628,0.06831692159175873
133,-0.38174504041671753,-0.2134019434452057,0.0726410448551178
134,-0.4003598093986511,-0.2454254925251007,0.07883383333683014
135,-0.36856335401535034,-0.2753830552101135,0.08689488470554352
136,-0.2863735556602478,-0.3032744228839874,0.09682479500770569
137,-0.15377724170684814,-0.3290996551513672,0.10862509906291962
138,0.029270470142364502,-0.3528617322444916,0.12229800969362259
139,0.2628517150878906,-0.37457382678985596,0.1378464698791504
140,0.5470873117446899,-0.39426517486572266,0.15526625514030457
141,0.09614194929599762,0.003487326204776764,0.06981424242258072
142,-0.022392641752958298,-0.006164921447634697,0.07360169291496277
143,-0.0903683602809906,-0.013761376962065697,0.07925650477409363
144,-0.1078861653804779,-0.019305957481265068,0.08677947521209717
145,-0.07500249147415161,-0.022799156606197357,0.09617027640342712
146,0.008262904360890388,-0.024240463972091675,0.10742957890033722
147,0.14192341268062592,-0.023628883063793182,0.1205589771270752
148,0.32602614164352417,-0.02096381224691868,0.13556082546710968
149,0.5606594681739807,-0.016247091814875603,0.15243855118751526
150,0.8459466695785522,-0.009490067139267921,0.1711885780096054
151,0.3871292769908905,0.15241822600364685,0.07575152069330215
152,0.26970815658569336,0.16928377747535706,0.08087082207202911
153,0.20284129679203033,0.1881803721189499,0.08785636723041534
154,0.18642476201057434,0.20911400020122528,0.09670937061309814
155,0.2203959971666336,0.2320842295885086,0.10742953419685364
156,0.30473336577415466,0.2570916712284088,0.12001757323741913
157,0.43945014476776123,0.2841387093067169,0.13447515666484833
158,0.6245957016944885,0.31322991847991943,0.1508047878742218
159,0.8602649569511414,0.34437525272369385,0.1690104901790619
160,1.1465853452682495,0.37758132815361023,0.1890895813703537
161,0.6799619197845459,0.30368030071258545,0.08367444574832916
162,0.5636691451072693,0.3470650613307953,0.09012571722269058
163,0.49792176485061646,0.3924558758735657,0.09844209253787994
164,0.4826119542121887,0.4398685693740845,0.10862505435943604
165,0.5176715850830078,0.4893025755882263,0.12067431211471558
166,0.6030771732330322,0.5407588481903076,0.1345905065536499
167,0.7388421297073364,0.5942409038543701,0.15037532150745392
168,0.9250173568725586,0.6497567892074585,0.16803158819675446
169,1.161704182624817,0.7073280811309814,0.18756386637687683
170,1.4490355253219604,0.7669801115989685,0.2089707851409912
171,0.9746761918067932,0.45730212330818176,0.09358520060777664
172,0.8595297932624817,0.5272090435028076,0.10136856138706207
173,0.7949123382568359,0.5990967750549316,0.11101590842008591
174,0.7807143926620483,0.672991156578064,0.12252891808748245
175,0.8168627619743347,0.7488914132118225,0.13590706884860992
176,0.9033339023590088,0.8267988562583923,0.15115103125572205
177,1.0401407480239868,0.9067171812057495,0.16826245188713074
178,1.227333903312683,0.9886573553085327,0.1872442215681076
179,1.4650198221206665,1.0726512670516968,0.20810166001319885
180,1.7533349990844727,1.1587430238723755,0.230834499001503
181,1.2713384628295898,0.6133074164390564,0.10548675805330276
182,1.1573439836502075,0.7097393274307251,0.11460213363170624
183,1.0938585996627808,0.8081291317939758,0.12558068335056305
184,1.0807744264602661,0.9085138440132141,0.13842415809631348
185,1.118011713027954,1.0108885765075684,0.15313151478767395
186,1.2055481672286987,1.115255355834961,0.16970336437225342
187,1.3433959484100342,1.2216180562973022,0.18814131617546082
188,1.5316033363342285,1.329986810684204,0.20844817161560059
189,1.770283818244934,1.4404077529907227,0.23063042759895325
190,2.059570074081421,1.5529420375823975,0.25468841195106506
191,1.569967269897461,0.7715893387794495,0.11937316507101059
192,1.45709228515625,0.8945713639259338,0.12982091307640076
193,1.394734263420105,1.0194932222366333,0.1421322226524353
194,1.3827584981918335,1.1463918685913086,0.15630728006362915
195,1.4210814237594604,1.2752621173858643,0.17234474420547485
196,1.5096880197525024,1.4061110019683838,0.19024553894996643
197,1.6485893726348877,1.538941502571106,0.21001113951206207
198,1.8378252983093262,1.673757791519165,0.23164373636245728
199,2.0775158405303955,1.810615062713623,0.2551509141921997
200,2.367824077606201,1.949622631072998,0.2805371582508087
201,-1.1830894947052002,-0.6786522269248962,0.0689035952091217
202,-1.3041317462921143,-0.7936439514160156,0.06851261109113693
203,-1.3745263814926147,-0.9064939022064209,0.06999555230140686
204,-1.3943594694137573,-1.0172429084777832,0.0733511820435524
205,-1.3636294603347778,-1.1258713006973267,0.07857877016067505
206,-1.2823433876037598,-1.2323733568191528,0.0856785923242569
207,-1.1504921913146973,-1.3367466926574707,0.09465162456035614
208,-0.9680508375167847,-1.4389997720718384,0.10549893230199814
209,-0.7350091934204102,-1.5391845703125,0.11821974813938141
210,-0.4513024389743805,-1.6372710466384888,0.13280688226222992
211,-0.8685870170593262,-0.5128380060195923,0.06792867183685303
212,-0.9884857535362244,-0.6012335419654846,0.06887368857860565
213,-1.05777108669281,-0.6875213980674744,0.07169192284345627
214,-1.076492190361023,-0.771714448928833,0.07638232409954071
215,-1.0446662902832031,-0.8538017868995667,0.08294447511434555
216,-0.9623011350631714,-0.9337769150733948,0.09137878566980362
217,-0.8293861150741577,-1.01163911819458,0.10168640315532684
218,-0.6458925008773804,-1.087398648262024,0.1138686090707779
219,-0.41178834438323975,-1.1610922813415527,0.1279250830411911
220,-0.1270473599433899,-1.2327349185943604,0.14384758472442627
221,-0.5521364212036133,-0.34462112188339233,0.06894329190254211
222,-0.6709040999412537,-0.40642645955085754,0.07122352719306946
223,-0.7390823364257812,-0.4661523103713989,0.07537653297185898
224,-0.7566973567008972,-0.5237954258918762,0.0814012661576271
225,-0.7237756252288818,-0.5793485641479492,0.08929756283760071
226,-0.6403279304504395,-0.6328068971633911,0.09906589984893799
227,-0.5063426494598389,-0.6841700077056885,0.11070745438337326
228,-0.3217881917953491,-0.7334455847740173,0.1242235004901886
229,-0.08662410825490952,-0.780659019947052,0.13961350917816162
230,0.1991489827632904,-0.8258408904075623,0.15686915814876556
231,-0.23384949564933777,-0.17409300804138184,0.07194631546735764
232,-0.3515033423900604,-0.20932212471961975,0.07556124776601791
233,-0.4185721278190613,-0.2424875795841217,0.08104855567216873
234,-0.4350811541080475,-0.27358442544937134,0.08840730041265488
235,-0.4010639488697052,-0.30260804295539856,0.09763725101947784
236,-0.3165341913700104,-0.3295552134513855,0.1087389588356018
237,-0.18148015439510345,-0.35442543029785156,0.12171359360218048
238,0.004133090376853943,-0.3772231936454773,0.13656245172023773
239,0.2403530776500702,-0.3979639410972595,0.15328536927700043
240,0.5271762609481812,-0.4166741669178009,0.17187415063381195
241,0.08624723553657532,-0.0012692399322986603,0.07693707197904587
242,-0.030291009694337845,-0.009928181767463684,0.0818864181637764
243,-0.09624400734901428,-0.016534222289919853,0.0887078046798706
244,-0.11164353787899017,-0.02108568698167801,0.09740018099546432
245,-0.0765305832028389,-0.023581216111779213,0.10796327888965607
246,0.009077928960323334,-0.024019449949264526,0.12039755284786224
247,0.1451936960220337,-0.02239936962723732,0.13470421731472015
248,0.3318551778793335,-0.018721463158726692,0.150884747505188
249,0.5691172480583191,-0.012990515679121017,0.16893932223320007
250,0.8569820523262024,-0.005220714956521988,0.18886017799377441
251,0.40816521644592285,0.17386534810066223,0.08391585201025009
252,0.292752206325531,0.1917743980884552,0.09019950777292252
253,0.22792404890060425,0.21172738075256348,0.09835478663444519
254,0.21363887190818787,0.23372086882591248,0.10838045924901962
255,0.249847874045372,0.25775274634361267,0.12027610838413239
256,0.3365307152271271,0.2838224172592163,0.13404209911823273
257,0.47369906306266785,0.31193143129348755,0.14967967569828033
258,0.6613950133323669,0.3420836925506592,0.16719047725200653
259,0.8996814489364624,0.3742856979370117,0.1865752935409546
260,1.1885710954666138,0.4085376262664795,0.20782700181007385
261,0.7319260835647583,0.3513318598270416,0.09288369864225388
262,0.617654025554657,0.39581114053726196,0.10050167888402939
263,0.5539610981941223,0.44232356548309326,0.10999074578285217
264,0.5407953858375549,0.49086201190948486,0.12134939432144165
265,0.5781006813049316,0.5414209365844727,0.13457700610160828
266,0.6658533811569214,0.5939979553222656,0.14967387914657593
267,0.804065465927124,0.6485950350761414,0.1666412353515625
268,0.9927816987037659,0.705220103263855,0.1854809820652008
269,1.232073426246643,0.76389080286026,0.20619450509548187
270,1.5219650268554688,0.8246200084686279,0.22877554595470428
271,1.0575546026229858,0.5311466455459595,0.10384179651737213
272,0.9444432854652405,0.6022025942802429,0.11279436200857162
273,0.8818931579589844,0.6752752661705017,0.12361706793308258
274,0.8698499798774719,0.7503591775894165,0.13630841672420502
275,0.908251166343689,0.8274458646774292,0.15086759626865387
276,0.9970707893371582,0.9065310955047607,0.1672946959733963
277,1.1363201141357422,0.987616777420044,0.185590922832489
278,1.3260467052459717,1.0707148313522339,0.20575851202011108
279,1.566328763961792,1.1558524370193481,0.22779947519302368
280,1.8571951389312744,1.2430471181869507,0.25170788168907166
281,1.3850759267807007,0.7132949829101562,0.11678953468799591
282,1.2731363773345947,0.8109419941902161,0.12707743048667908
283,1.2117249965667725,0.9105761647224426,0.1392335146665573
284,1.2008028030395508,1.0122090578079224,0.15325763821601868
285,1.2402987480163574,1.1158279180526733,0.16914832592010498
286,1.3301849365234375,1.2214263677597046,0.18690551817417145
287,1.470471978187561,1.3290059566497803,0.2065304070711136
288,1.661209225654602,1.438581109046936,0.22802534699440002
289,1.902484655380249,1.5501923561096191,0.25139373540878296
290,2.1943159103393555,1.6638410091400146,0.2766284942626953
291,1.7143867015838623,0.8976804614067078,0.13172046840190887
292,1.6036349534988403,1.0219236612319946,0.1433432698249817
293,1.5433496236801147,1.148118257522583,0.15683218836784363
294,1.533539891242981,1.276306390762329,0.17218923568725586
295,1.5741254091262817,1.4064644575119019,0.18941181898117065
296,1.665082573890686,1.5385862588882446,0.20849968492984772
297,1.8064202070236206,1.6726717948913574,0.2294536828994751
298,1.9981803894042969,1.8087327480316162,0.25227582454681396
299,2.2404580116271973,1.9468258619308472,0.2769704759120941
300,2.5332226753234863,2.0869054794311523,0.3035275638103485
301,-1.314002513885498,-0.7862119674682617,0.07381951808929443
302,-1.4329326152801514,-0.9002673625946045,0.0745847225189209
303,-1.501224398612976,-1.0122264623641968,0.07722556591033936
304,-1.5188935995101929,-1.1220890283584595,0.08174106478691101
305,-1.4859355688095093,-1.22983717918396,0.0881306454539299
306,-1.4023449420928955,-1.3354556560516357,0.09639430791139603
307,-1.268117904663086,-1.4389394521713257,0.1065322756767273
308,-1.0832535028457642,-1.5402977466583252,0.11854436993598938
309,-0.8477610349655151,-1.6395490169525146,0.1324286013841629
310,-0.5616492629051208,-1.7366712093353271,0.14818058907985687
311,-0.9688252806663513,-0.5942723155021667,0.07387913763523102
312,-1.0866100788116455,-0.6817222833633423,0.07598063349723816
313,-1.1537907123565674,-0.7671020030975342,0.0799577385187149
314,-1.1703526973724365,-0.8503923416137695,0.0858091488480568
315,-1.1362988948822021,-0.9315781593322754,0.09353436529636383
316,-1.051628589630127,-1.0106477737426758,0.10313351452350616
317,-0.9163353443145752,-1.0875976085662842,0.11460704356431961
318,-0.7304106950759888,-1.1624372005462646,0.12795501947402954
319,-0.4938533902168274,-1.2351858615875244,0.14317582547664642
320,-0.2067043036222458,-1.30586838722229,0.1602637618780136
321,-0.6216615438461304,-0.39992040395736694,0.07592998445034027
322,-0.7383073568344116,-0.46076107025146484,0.07936766743659973
323,-0.8043708205223083,-0.5195493102073669,0.08468103408813477
324,-0.8198245763778687,-0.5762611627578735,0.0918685719370842
325,-0.7846729755401611,-0.6308826804161072,0.10092970728874207
326,-0.6989188194274902,-0.6834051012992859,0.11186452209949493
327,-0.5625553131103516,-0.733826220035553,0.12467353045940399
328,-0.37556949257850647,-0.7821530103683472,0.13935677707195282
329,-0.13795964419841766,-0.8284044861793518,0.15591248869895935
330,0.15021416544914246,-0.8726168870925903,0.1743343323469162
331,-0.2725971043109894,-0.2032160758972168,0.07997123152017593
332,-0.38812094926834106,-0.23745928704738617,0.08474475145339966
333,-0.45306530594825745,-0.2696540951728821,0.09139421582221985
334,-0.4674076437950134,-0.29978421330451965,0.09991777688264847
335,-0.43115687370300293,-0.3278399705886841,0.11031460016965866
336,-0.3443194329738617,-0.35381585359573364,0.12258471548557281
337,-0.20688846707344055,-0.3777104616165161,0.13672851026058197
338,-0.018847614526748657,-0.3995283246040344,0.1527460664510727
339,0.21980826556682587,-0.419283390045166,0.17063573002815247
340,0.5090212225914001,-0.4370042681694031,0.1903911828994751
341,0.07832163572311401,-0.00418790802359581,0.08600246161222458
342,-0.03608489781618118,-0.01184079423546791,0.0921115055680275
343,-0.09990659356117249,-0.017442915588617325,0.10009677708148956
344,-0.11313372850418091,-0.020989911630749702,0.10995599627494812
345,-0.0757833868265152,-0.022479109466075897,0.12168797105550766
346,0.012134227901697159,-0.021908700466156006,0.13529261946678162
347,0.15062586963176727,-0.01927790604531765,0.15077024698257446
348,0.3397115468978882,-0.014588113874197006,0.1681210845708847
349,0.5794038772583008,-0.007845040410757065,0.18734367191791534
350,0.8696569204330444,0.000937633216381073,0.20843219757080078
351,0.43107977509498596,0.1971614807844162,0.09402374178171158
352,0.31779634952545166,0.21609637141227722,0.10146810114383698
353,0.25510433316230774,0.23708640038967133,0.11078891903162003
354,0.24299664795398712,0.260122686624527,0.12198331207036972
355,0.28144675493240356,0.28519999980926514,0.13504977524280548
356,0.3704402446746826,0.3123161494731903,0.14998801052570343
357,0.5099838376045227,0.3414713144302368,0.16679838299751282
358,0.7001016736030579,0.37266772985458374,0.18548113107681274
359,0.9408160448074341,0.40590906143188477,0.20603536069393158
360,1.2320976257324219,0.4411986470222473,0.22845596075057983
361,0.7856760621070862,0.40083664655685425,0.10403541475534439
362,0.673529326915741,0.4463618993759155,0.11281507462263107
363,0.611975908279419,0.493944376707077,0.12347118556499481
364,0.6009917259216309,0.5435630083084106,0.13600023090839386
365,0.640541136264801,0.5952056646347046,0.15040045976638794
366,0.7306060791015625,0.6488664150238037,0.16667136549949646
367,0.8711934685707092,0.7045446038246155,0.1848132610321045
368,1.0623310804367065,0.7622460126876831,0.20482666790485382
369,1.3040506839752197,0.821982741355896,0.22671112418174744
370,1.5963420867919922,0.8837733864784241,0.2504623532295227
371,1.1421096324920654,0.6068350076675415,0.11603738367557526
372,1.0311177968978882,0.6789579391479492,0.1261526197195053
373,0.9707102179527283,0.7531332969665527,0.13814376294612885
374,0.9608508348464966,0.8293324708938599,0.15200698375701904
375,1.0014984607696533,0.9075387120246887,0.16774030029773712
376,1.0926318168640137,0.9877427816390991,0.18534305691719055
377,1.2342575788497925,1.0699434280395508,0.2048155665397644
378,1.426406979560852,1.154148817062378,0.22615854442119598
379,1.669118881225586,1.2403768301010132,0.24937188625335693
380,1.9623972177505493,1.3286542892456055,0.2744520306587219
381,1.5003573894500732,0.8151269555091858,0.13002777099609375
382,1.3905413150787354,0.9138600826263428,0.1414792537689209
383,1.3312795162200928,1.0146260261535645,0.15480506420135498
384,1.3225409984588623,1.1174018383026123,0.1700020283460617
385,1.3642839193344116,1.2221697568893433,0.1870681196451187
386,1.4564852714538574,1.328917145729065,0.2060023844242096
387,1.599150538444519,1.4376413822174072,0.2268049567937851
388,1.792312741279602,1.5483531951904297,0.24947679042816162
389,2.0360124111175537,1.6610713005065918,0.27401798963546753
390,2.3302531242370605,1.7758113145828247,0.3004247844219208
391,1.8603317737579346,1.025649070739746,0.14600251615047455
392,1.7517175674438477,1.1509881019592285,0.1587895303964615
393,1.6935888528823853,1.278331995010376,0.17344890534877777
394,1.685958981513977,1.4076783657073975,0.18997925519943237
395,1.7287920713424683,1.5390063524246216,0.20837822556495667
396,1.8220652341842651,1.6722995042800903,0.22864437103271484
397,1.9657821655273438,1.8075528144836426,0.2507774531841278
398,2.1599717140197754,1.9447764158248901,0.2747780382633209
399,2.4046640396118164,2.083986759185791,0.30064573884010315
400,2.699819564819336,2.225151777267456,0.32837384939193726
401,-1.4426023960113525,-0.8919342756271362,0.08067257702350616
402,-1.5593140125274658,-1.0049848556518555,0.08259539306163788
403,-1.6254181861877441,-1.1159777641296387,0.08639577031135559
404,-1.6408767700195312,-1.224884033203125,0.09207244217395782
405,-1.6056737899780273,-1.3316826820373535,0.09962458163499832
406,-1.5198014974594116,-1.4363571405410767,0.10905169695615768
407,-1.3832602500915527,-1.5389001369476318,0.12035337090492249
408,-1.1960605382919312,-1.6393144130706787,0.13352882862091064
409,-0.9582293033599854,-1.7376070022583008,0.14857643842697144
410,-0.669822096824646,-1.8337907791137695,0.16549424827098846
411,-1.0667599439620972,-0.673844575881958,0.08176837861537933
412,-1.1823360919952393,-0.7602920532226562,0.08502747863531113
413,-1.2473266124725342,-0.8446961641311646,0.09016431868076324
414,-1.2616808414459229,-0.9270213842391968,0.09717726707458496
415,-1.2253841161727905,-1.0072470903396606,0.10606543719768524
416,-1.1384319067001343,-1.085360050201416,0.11682838201522827
417,-1.0008227825164795,-1.1613552570343018,0.12946587800979614
418,-0.8125611543655396,-1.235236644744873,0.14397737383842468
419,-0.5736697912216187,-1.3070197105407715,0.16036131978034973
420,-0.2842197120189667,-1.3767433166503906,0.1786150187253952
421,-0.6889248490333557,-0.4533451199531555,0.08485729992389679
422,-0.8033709526062012,-0.5131840705871582,0.0894528180360794
423,-0.8672425150871277,-0.5709857940673828,0.09592639654874802
424,-0.8804883360862732,-0.62671959400177,0.10427618026733398
425,-0.843094527721405,-0.6803663969039917,0.11450093984603882
426,-0.7550586462020874,-0.731916069984436,0.1266002357006073
427,-0.6163788437843323,-0.781365156173706,0.14057382941246033
428,-0.42705661058425903,-0.8287180662155151,0.15642115473747253
429,-0.18711477518081665,-0.8739925622940063,0.17414067685604095
430,0.1033703088760376,-0.917228102684021,0.19372892379760742
431,-0.3091552257537842,-0.23047225177288055,0.08993824571371078
432,-0.42248356342315674,-0.26370930671691895,0.0958699956536293
433,-0.4852352738380432,-0.2949056029319763,0.10368035733699799
434,-0.4973689317703247,-0.32404154539108276,0.11336701363325119
435,-0.4588761031627655,-0.3511047959327698,0.12492840737104416
436,-0.36975693702697754,-0.37608882784843445,0.13836389780044556
437,-0.23000961542129517,-0.3989916741847992,0.15367311239242554
438,-0.039633363485336304,-0.4198169708251953,0.17085552215576172
439,0.2013530731201172,-0.43857815861701965,0.18990959227085114
440,0.49288052320480347,-0.4553033411502838,0.21083202958106995
441,0.07250093668699265,-0.00525442510843277,0.09701061993837357
442,-0.03971501812338829,-0.011895474046468735,0.10427828878164291
443,-0.10134489834308624,-0.016486063599586487,0.11342520266771317
444,-0.11236298084259033,-0.019021369516849518,0.12444841861724854
445,-0.0727701187133789,-0.019498322159051895,0.13734599947929382
446,0.017429552972316742,-0.017915237694978714,0.15211701393127441
447,0.15823785960674286,-0.01427166536450386,0.16876105964183807
448,0.34965890645980835,-0.00856924057006836,0.18727758526802063
449,0.5916826725006104,-0.000813458114862442,0.2076653689146042
450,0.8842544555664062,0.0089842788875103,0.22992154955863953
451,0.45601266622543335,0.22229303419589996,0.1060740277171135
452,0.34491246938705444,0.2422458827495575,0.11467739194631577
453,0.2844093143939972,0.2642606198787689,0.12516051530838013
454,0.2745100259780884,0.2883263826370239,0.13751980662345886
455,0.31520283222198486,0.31443607807159424,0.15175288915634155
456,0.40647923946380615,0.3425862491130829,0.1678585708141327
457,0.548340916633606,0.37277573347091675,0.18583641946315765
458,0.7407963275909424,0.4050053358078003,0.20568592846393585
459,0.9838464856147766,0.4392789304256439,0.227406308054924
460,1.277455449104309,0.4756031334400177,0.2509954869747162
461,0.841358482837677,0.4521598517894745,0.11712820082902908
462,0.7313845157623291,0.498708575963974,0.12706716358661652
463,0.6720153093338013,0.547328531742096,0.13888616859912872
464,0.6632377505302429,0.5979940891265869,0.15258099138736725
465,0.7050298452377319,0.650688886642456,0.16814875602722168
466,0.7973791360855103,0.7054045796394348,0.18558818101882935
467,0.940287172794342,0.7621383666992188,0.20489874482154846
468,1.133766770362854,0.820893406867981,0.22608008980751038
469,1.377829670906067,0.8816815614700317,0.24913173913955688
470,1.6724610328674316,0.9445266723632812,0.2740527093410492
471,1.2285155057907104,0.684330403804779,0.13017237186431885
472,1.1196842193603516,0.7574809789657593,0.14144712686538696
473,1.0614557266235352,0.8327057361602783,0.15460173785686493
474,1.0538008213043213,0.9099676609039307,0.16963143646717072
475,1.09669029712677,0.989243745803833,0.18653319776058197
476,1.1901094913482666,1.0705220699310303,0.2053055316209793
477,1.3340598344802856,1.153798222541809,0.22594784200191498
478,1.5285565853118896,1.2390764951705933,0.2484598308801651
479,1.773619532585144,1.3263733386993408,0.2728414833545685
480,2.069253444671631,1.415724754333496,0.2990925908088684
481,1.6174464225769043,0.9187753200531006,0.1452050358057022
482,1.5097790956497192,1.018534779548645,0.1578158438205719
483,1.4526950120925903,1.120361328125,0.17230576276779175
484,1.4461584091186523,1.224212884902954,0.18866980075836182
485,1.4901423454284668,1.3300652503967285,0.20690509676933289
486,1.5846309661865234,1.4379031658172607,0.22700989246368408
487,1.7296249866485596,1.5477207899093628,0.24898338317871094
488,1.9251396656036377,1.6595218181610107,0.27282530069351196
489,2.1711933612823486,1.7733198404312134,0.2985353171825409
490,2.467801809310913,1.8891520500183105,0.3261139988899231
491,2.008103609085083,1.1554574966430664,0.16222427785396576
492,1.9016211032867432,1.281820297241211,0.17617052793502808
493,1.845670223236084,1.4102342128753662,0.19199472665786743
494,1.840240240097046,1.5406653881072998,0.20969271659851074
495,1.8853135108947754,1.673088788986206,0.2292616069316864
496,1.9808751344680786,1.807485580444336,0.2506992518901825
497,2.1269240379333496,1.9438471794128418,0.27400442957878113
498,2.3234703540802,2.082174777984619,0.2991763651371002
499,2.5705208778381348,2.222473621368408,0.32621392607688904
500,2.8680665493011475,2.364753484725952,0.35511595010757446
501,-1.568894863128662,-0.9957864284515381,0.08946633338928223
502,-1.683347225189209,-1.1078073978424072,0.0925476998090744
503,-1.7472106218338013,-1.2177908420562744,0.09750813990831375
504,-1.7604273557662964,-1.3256995677947998,0.1043461263179779
505,-1.7229714393615723,-1.4315085411071777,0.11306048929691315
506,-1.634833574295044,-1.5352017879486084,0.12365026772022247
507,-1.496016502380371,-1.6367714405059814,0.13611464202404022
508,-1.306537389755249,-1.7362167835235596,0.15045279264450073
509,-1.0664327144622803,-1.8335471153259277,0.1666637361049652
510,-0.7757710814476013,-1.9287936687469482,0.18474751710891724
511,-1.1623932123184204,-0.7515355348587036,0.09159936755895615
512,-1.275721788406372,-0.836958646774292,0.09601686149835587
513,-1.3384737968444824,-0.9203506708145142,0.10231367498636246
514,-1.350588321685791,-1.0016733407974243,0.1104879379272461
515,-1.3120406866073608,-1.0809037685394287,0.12053836137056351
516,-1.2228232622146606,-1.1580286026000977,0.1324639916419983
517,-1.0829377174377441,-1.2330420017242432,0.14626415073871613
518,-0.892396867275238,-1.305945873260498,0.1619381308555603
519,-0.6512343883514404,-1.3767558336257935,0.17948514223098755
520,-0.3595239222049713,-1.4455151557922363,0.19890457391738892
521,-0.7539119720458984,-0.5048850178718567,0.09572703391313553
522,-0.8661223649978638,-0.5637054443359375,0.1014808639883995
523,-0.9277591109275818,-0.6204941272735596,0.10911446809768677
524,-0.9387673735618591,-0.67522132396698,0.11862562596797943
525,-0.8991245627403259,-0.7278668880462646,0.13001281023025513
526,-0.8088244199752808,-0.7784203290939331,0.1432749330997467
527,-0.6678681969642639,-0.8268778324127197,0.15841129422187805
528,-0.4762668013572693,-0.8732426166534424,0.17542117834091187
529,-0.23405228555202484,-0.9175319075584412,0.19430385529994965
530,0.05870407819747925,-0.9597828984260559,0.2150583267211914
531,-0.34348464012145996,-0.2558533847332001,0.10184799134731293
532,-0.4545857310295105,-0.2880748212337494,0.108938068151474
533,-0.5151073932647705,-0.31825700402259827,0.11790855973958969
534,-0.5250061750411987,-0.3463817834854126,0.1287567913532257
535,-0.484266072511673,-0.3724368214607239,0.14148083329200745
536,-0.3928833603858948,-0.3964155316352844,0.15607939660549164
537,-0.25085943937301636,-0.4183157682418823,0.172551691532135
538,-0.058202728629112244,-0.4381409287452698,0.19089697301387787
539,0.1850597858428955,-0.455903023481369,0.21111458539962769
540,0.47886645793914795,-0.4716266989707947,0.2332037091255188
541,0.06884630769491196,-0.0044655874371528625,0.10996125638484955
542,-0.041149649769067764,-0.010091818869113922,0.11838734894990921
543,-0.10055489838123322,-0.013666681945323944,0.12869448959827423
544,-0.10934190452098846,-0.015186067670583725,0.1408795565366745
545,-0.0675036609172821,-0.014647293835878372,0.1549401432275772
546,0.024959340691566467,-0.01204901933670044,0.17087465524673462
547,0.16804558038711548,-0.007391117513179779,0.1886821836233139
548,0.3617503046989441,-0.0006751716136932373,0.20836210250854492
549,0.606054961681366,0.008094273507595062,0.2299138605594635
550,0.9009131193161011,0.018908731639385223,0.2533372938632965
551,0.4830431640148163,0.2492569088935852,0.12006604671478271
552,0.3741545081138611,0.27022436261177063,0.12982788681983948
553,0.315869003534317,0.2932567000389099,0.14147141575813293
554,0.30819615721702576,0.31834328174591064,0.15499280393123627
555,0.3511323630809784,0.34547650814056396,0.17038927972316742
556,0.44467249512672424,0.37465202808380127,0.18765899538993835
557,0.5888149738311768,0.40586793422698975,0.2068009227514267
558,0.7835594415664673,0.4391248822212219,0.22781449556350708
559,1.0288981199264526,0.47442689538002014,0.250699520111084
560,1.3248021602630615,0.5117825269699097,0.27545660734176636
561,0.8990727663040161,0.5052946209907532,0.13216164708137512
562,0.7912994027137756,0.5528570413589478,0.14325907826423645
563,0.7341390252113342,0.6024962663650513,0.1562386155128479
564,0.727582573890686,0.6541873812675476,0.1710958182811737
565,0.7716158628463745,0.707913339138031,0.1878274530172348
566,0.8662298917770386,0.7636643052101135,0.20643149316310883
567,1.0114229917526245,0.8214365839958191,0.22690686583518982
568,1.2071990966796875,0.8812326192855835,0.2492530196905136
569,1.4535610675811768,0.9430642127990723,0.27347028255462646
570,1.7505003213882446,1.0069564580917358,0.29955998063087463
571,1.3169020414352417,0.7636260986328125,0.1462472677230835
572,1.2102570533752441,0.8377872705459595,0.15868034958839417
573,1.1542279720306396,0.9140323400497437,0.17299559712409973
574,1.1487884521484375,0.9923243522644043,0.18918801844120026
575,1.1939172744750977,1.072638750076294,0.20725411176681519
576,1.2896027565002441,1.1549618244171143,0.2271917164325714
577,1.4358432292938232,1.2392882108688354,0.24899964034557343
578,1.6326448917388916,1.325620174407959,0.27267739176750183
579,1.880018949508667,1.4139747619628906,0.2982255816459656
580,2.177976369857788,1.5043907165527344,0.32564646005630493
581,1.7364968061447144,1.024226427078247,0.1623220145702362
582,1.6309973001480103,1.124990463256836,0.17609086632728577
583,1.5761034488677979,1.2278380393981934,0.19174155592918396
584,1.5717778205871582,1.33272385597229,0.2092687040567398
585,1.6179993152618408,1.439620852470398,0.22866880893707275
586,1.7147557735443115,1.5485124588012695,0.24993956089019775
587,1.8620450496673584,1.6593905687332153,0.27307960391044617
588,2.059872627258301,1.7722567319869995,0.29808828234672546
589,2.3082499504089355,1.8871259689331055,0.3249659240245819
590,2.6072020530700684,2.0040440559387207,0.3537157475948334
591,2.1578402519226074,1.2870783805847168,0.18038570880889893
592,2.0535004138946533,1.4144401550292969,0.19548994302749634
593,1.9997327327728271,1.543878436088562,0.21247538924217224
594,1.9965111017227173,1.6753489971160889,0.2313370257616043
595,2.043820858001709,1.8088228702545166,0.2520712912082672
596,2.141651153564453,1.9442808628082275,0.274675577878952
597,2.2899985313415527,2.081712245941162,0.29914817214012146
598,2.4888641834259033,2.2211151123046875,0.32548797130584717
599,2.738250970840454,2.3624978065490723,0.3536945581436157
600,3.0381739139556885,2.5058934688568115,0.38377058506011963
601,-1.6928949356079102,-1.0977582931518555,0.10020145773887634
602,-1.8050756454467773,-1.2087440490722656,0.10444217920303345
603,-1.8666725158691406,-1.3176982402801514,0.11056294292211533
604,-1.8776285648345947,-1.4245855808258057,0.11856212466955185
605,-1.8379149436950684,-1.5293821096420288,0.12843817472457886
606,-1.7475216388702393,-1.6320734024047852,0.14018988609313965
607,-1.606452465057373,-1.732651948928833,0.15381616353988647
608,-1.4147260189056396,-1.8311176300048828,0.16931644082069397
609,-1.1723804473876953,-1.9274826049804688,0.1866905391216278
610,-0.879477322101593,-2.0217812061309814,0.20593959093093872
611,-1.2557423114776611,-0.827345073223114,0.10337258875370026
612,-1.3668107986450195,-0.9117380380630493,0.108949214220047
613,-1.427301287651062,-0.9941009283065796,0.11640612781047821
614,-1.4371583461761475,-1.0744009017944336,0.12574143707752228
615,-1.3963549137115479,-1.1526165008544922,0.1369534283876419
616,-1.3048824071884155,-1.2287354469299316,0.1500408798456192
617,-1.1627439260482788,-1.3027526140213013,0.16500289738178253
618,-0.969955563545227,-1.3746697902679443,0.18183882534503937
619,-0.7265516519546509,-1.4445016384124756,0.20054864883422852
620,-0.4325942099094391,-1.5122871398925781,0.2211332470178604
621,-0.8166310787200928,-0.5545444488525391,0.10853933542966843
622,-0.9265921115875244,-0.6123411059379578,0.11545213311910629
623,-0.9859737157821655,-0.6681045293807983,0.12424564361572266
624,-0.9947283864021301,-0.721809446811676,0.13491766154766083
625,-0.9528324007987976,-0.7734388113021851,0.14746630191802979
626,-0.8602784276008606,-0.822982907295227,0.16189008951187134
627,-0.7170693278312683,-0.8704379796981812,0.17818816006183624
628,-0.5232192873954773,-0.9158074855804443,0.19635987281799316
629,-0.27876007556915283,-0.9591059684753418,0.21640528738498688
630,0.016251981258392334,-1.000364065170288,0.23832513391971588
631,-0.37557679414749146,-0.27936381101608276,0.11570025980472565
632,-0.4844362735748291,-0.3105660378932953,0.12394914031028748
633,-0.542709469795227,-0.33972668647766113,0.13407938182353973
634,-0.5503596067428589,-0.3668312132358551,0.14608830213546753
635,-0.507369339466095,-0.3918691873550415,0.15997366607189178
636,-0.41373392939567566,-0.4148348569869995,0.17573386430740356
637,-0.2694563567638397,-0.4357265830039978,0.19336780905723572
638,-0.07454836368560791,-0.45454704761505127,0.21287499368190765
639,0.1709638237953186,-0.47130629420280457,0.23425549268722534
640,0.46703317761421204,-0.48602354526519775,0.25751036405563354
641,0.06738673895597458,-0.0018230229616165161,0.12485399097204208
642,-0.04037410393357277,-0.006432957947254181,0.13443879783153534
643,-0.09753811359405518,-0.008989974856376648,0.14590556919574738
644,-0.10408207774162292,-0.00949123501777649,0.15925122797489166
645,-0.05999702587723732,-0.007934831082820892,0.17447306215763092
646,0.034718096256256104,-0.004320032894611359,0.1915692538022995
647,0.18006016314029694,0.0013530701398849487,0.21053862571716309
648,0.3760208487510681,0.009083151817321777,0.2313806116580963
649,0.6225816607475281,0.018866978585720062,0.2540956139564514
650,0.9197086095809937,0.030699096620082855,0.2786852717399597
651,0.5122220516204834,0.27805474400520325,0.13599944114685059
652,0.4055611491203308,0.3000360429286957,0.14691989123821259
653,0.34950852394104004,0.3240826725959778,0.1597229540348053
654,0.344072163105011,0.3501852750778198,0.17440490424633026
655,0.38925179839134216,0.37833666801452637,0.19096268713474274
656,0.4850441813468933,0.4085322618484497,0.20939426124095917
657,0.6314461827278137,0.4407702088356018,0.2296983301639557
658,0.828453540802002,0.47505104541778564,0.2518744170665741
659,1.076056957244873,0.511378824710846,0.2759232223033905
660,1.3742377758026123,0.5497626066207886,0.3018469512462616
661,0.9588922262191772,0.560245931148529,0.14913569390773773
662,0.8533368706703186,0.6088192462921143,0.1613917350769043
663,0.7983993291854858,0.6594690680503845,0.17553068697452545
664,0.7940720319747925,0.7121741771697998,0.1915484070777893
665,0.8403453826904297,0.7669188976287842,0.20944152772426605
666,0.9372125864028931,0.8236938714981079,0.22920775413513184
667,1.0846703052520752,0.8824951648712158,0.25084570050239563
668,1.2827181816101074,0.9433249235153198,0.27435508370399475
669,1.5313565731048584,1.0061943531036377,0.2997368276119232
670,1.8305829763412476,1.071126103401184,0.3269937336444855
671,1.407362699508667,0.8447277545928955,0.16426219046115875
672,1.3029223680496216,0.9198952913284302,0.17785371840000153
673,1.2491044998168945,0.9971470832824707,0.19332832098007202
674,1.2458866834640503,1.0764514207839966,0.21068128943443298
675,1.2932524681091309,1.1577856540679932,0.22990912199020386
676,1.3911924362182617,1.2411367893218994,0.25100934505462646
677,1.539703369140625,1.3264989852905273,0.2739805281162262
678,1.7387871742248535,1.413874864578247,0.2988223433494568
679,1.9884519577026367,1.5032801628112793,0.32553595304489136
680,2.2887113094329834,1.5947500467300415,0.35412493348121643
681,1.857607364654541,1.131481647491455,0.18137873709201813
682,1.7542941570281982,1.2332451343536377,0.1963057816028595
683,1.701598882675171,1.337095856666565,0.21311570703983307
684,1.6994881629943848,1.4429937601089478,0.23180364072322845
685,1.7479441165924072,1.5509123802185059,0.2523658275604248
686,1.846956729888916,1.6608362197875977,0.27479976415634155
687,1.9965221881866455,1.7727572917938232,0.29910382628440857
688,2.1966419219970703,1.8866769075393677,0.3252774477005005
689,2.447326183319092,2.002610683441162,0.3533218502998352
690,2.748602867126465,2.120603084564209,0.38324135541915894
691,2.3096272945404053,1.4205024242401123,0.20048625767230988
692,2.207449197769165,1.548858880996704,0.21674863994121552
693,2.1558704376220703,1.67930006980896,0.23489363491535187
694,2.154860258102417,1.8117845058441162,0.2549164295196533
695,2.2044034004211426,1.9462831020355225,0.27681317925453186
696,2.304490566253662,2.082777500152588,0.300581157207489
697,2.4551174640655518,2.2212576866149902,0.3262184262275696
698,2.656282424926758,2.361722469329834,0.35372409224510193
699,2.907991647720337,2.5041842460632324,0.3830989599227905
700,3.2102701663970947,2.6486830711364746,0.41434723138809204
701,-1.8146238327026367,-1.1978545188903809,0.11287751793861389
702,-1.924534797668457,-1.307807207107544,0.11827824264764786
703,-1.9838566780090332,-1.4157252311706543,0.12555956840515137
704,-1.9925432205200195,-1.5215805768966675,0.1347198337316513
705,-1.9505691528320312,-1.6253538131713867,0.1457572728395462
706,-1.8579254150390625,-1.7270333766937256,0.1586703658103943
707,-1.714615821838379,-1.826613187789917,0.173458069562912
708,-1.520658016204834,-1.9240949153900146,0.19011998176574707
709,-1.2760834693908691,-2.019489049911499,0.20865672826766968
710,-0.980940043926239,-2.112826108932495,0.22906997799873352
711,-1.3468310832977295,-0.9012832641601562,0.11708739399909973
712,-1.455639123916626,-0.9846467971801758,0.1238238587975502
713,-1.5138604640960693,-1.065975546836853,0.13244107365608215
714,-1.5214519500732422,-1.1452441215515137,0.14293724298477173
715,-1.4783906936645508,-1.2224359512329102,0.1553104817867279
716,-1.3846683502197266,-1.2975411415100098,0.16955925524234772
717,-1.240288257598877,-1.3705554008483887,0.18568259477615356
718,-1.0452665090560913,-1.441481351852417,0.20368006825447083
719,-0.7996317744255066,-1.510330319404602,0.22355234622955322
720,-0.5034294128417969,-1.5771328210830688,0.24530109763145447
721,-0.8771008253097534,-0.6023361086845398,0.12329354137182236
722,-0.9848095178604126,-0.6591087579727173,0.13136591017246246
723,-1.0419288873672485,-0.7138426303863525,0.14131949841976166
724,-1.0484232902526855,-0.76651930809021,0.15315209329128265
725,-1.0042724609375,-0.8171256184577942,0.16686168313026428
726,-0.9094697833061218,-0.8656542301177979,0.18244656920433044
727,-0.764018714427948,-0.912102222442627,0.19990578293800354
728,-0.5679331421852112,-0.9564725756645203,0.21923892199993134
729,-0.3212392032146454,-0.9987760782241821,0.24044665694236755
730,-0.023976445198059082,-1.0390350818634033,0.26353082060813904
731,-0.40543660521507263,-0.30101341009140015,0.13149435818195343
732,-0.5120495557785034,-0.33119574189186096,0.14090263843536377
733,-0.5680673718452454,-0.3593323528766632,0.15219265222549438
734,-0.5734629034996033,-0.3854127824306488,0.16536183655261993
735,-0.5282215476036072,-0.40942978858947754,0.18040791153907776
736,-0.4323386549949646,-0.4313789904117584,0.19732896983623505
737,-0.2858178913593292,-0.4512592554092407,0.21612392365932465
738,-0.0886709988117218,-0.4690728485584259,0.2367924600839615
739,0.15908047556877136,-0.48482662439346313,0.25933536887168884
740,0.45740512013435364,-0.49853357672691345,0.28375476598739624
741,0.06813643872737885,0.002669520676136017,0.14168831706047058
742,-0.03738261014223099,-0.0009235069155693054,0.15243232250213623
743,-0.09229843318462372,-0.002461858093738556,0.16505864262580872
744,-0.09659428894519806,-0.0019440650939941406,0.17956429719924927
745,-0.050261929631233215,0.0006307289004325867,0.1959466189146042
746,0.04669998586177826,0.0052626654505729675,0.21420356631278992
747,0.19428768754005432,0.011951357126235962,0.23433388769626617
748,0.392492413520813,0.02069593220949173,0.25633740425109863
749,0.6412988305091858,0.031494639813899994,0.2802150249481201
750,0.9406851530075073,0.04434476047754288,0.30596935749053955
751,0.5435842275619507,0.3086898922920227,0.1538739800453186
752,0.4391598105430603,0.3316856622695923,0.16595359146595
753,0.38534724712371826,0.3567456901073456,0.17991596460342407
754,0.38215187191963196,0.3838622272014618,0.1957577019929886
755,0.4295748174190521,0.413029283285141,0.21347585320472717
756,0.5276139974594116,0.4442426562309265,0.23306818306446075
757,0.6762657165527344,0.47750043869018555,0.25453341007232666
758,0.8755243420600891,0.512803316116333,0.27787137031555176
759,1.1253817081451416,0.5501551032066345,0.3030831515789032
760,1.4258273839950562,0.5895637273788452,0.33017194271087646
761,1.0208710432052612,0.6170233488082886,0.1680503934621811
762,0.9175444841384888,0.6666082739830017,0.1814655065536499
763,0.8648372888565063,0.7182660698890686,0.19676363468170166
764,0.8627431392669678,0.7719804048538208,0.21394102275371552
765,0.911255955696106,0.8277382254600525,0.23299451172351837
766,1.0103706121444702,0.8855318427085876,0.2539217174053192
767,1.1600834131240845,0.9453575611114502,0.2767212390899658
768,1.3603919744491577,1.0072174072265625,0.30139297246932983
769,1.6112953424453735,1.0711205005645752,0.32793834805488586
770,1.912795066833496,1.137085199356079,0.3563608229160309
771,1.4999653100967407,0.9276481866836548,0.18421721458435059
772,1.3977423906326294,1.003823161125183,0.1989677995443344
773,1.3461432456970215,1.0820775032043457,0.21560145914554596
774,1.3451502323150635,1.1623867750167847,0.23411408066749573
775,1.3947519063949585,1.2447328567504883,0.25450241565704346
776,1.4949407577514648,1.3291040658950806,0.2767639756202698
777,1.6457133293151855,1.415495753288269,0.3008973002433777
778,1.847068428993225,1.5039103031158447,0.32690224051475525
779,2.0990123748779297,1.5943608283996582,0.3547803461551666
780,2.4015588760375977,1.6868751049041748,0.38453567028045654
781,1.9808480739593506,1.2405509948730469,0.20237505435943604
782,1.8797357082366943,1.3433165550231934,0.21846100687980652
783,1.8292465209960938,1.4481651782989502,0.23642989993095398
784,1.8293532133102417,1.5550651550292969,0.25627759099006653
785,1.880042314529419,1.6639950275421143,0.27800053358078003
786,1.9813048839569092,1.7749412059783936,0.30159616470336914
787,2.1331374645233154,1.88789701461792,0.32706302404403687
788,2.3355400562286377,2.002864360809326,0.35440072417259216
789,2.5885202884674072,2.119856834411621,0.38361087441444397
790,2.8921027183532715,2.2389113903045654,0.41469806432724
791,2.463528871536255,1.555734634399414,0.22252541780471802
792,2.363532066345215,1.685089349746704,0.23994669318199158
793,2.3141489028930664,1.816527009010315,0.25925084948539734
794,2.3153512477874756,1.9500131607055664,0.2804335951805115
795,2.367125988006592,2.085523843765259,0.30349141359329224
796,2.46946382522583,2.2230429649353027,0.328421413898468
797,2.622360944747925,2.362562656402588,0.3552219271659851
798,2.8258161544799805,2.5040831565856934,0.3838924467563629
799,3.079836130142212,2.6476171016693115,0.4144345223903656
800,3.3844478130340576,2.7932016849517822,0.4468524754047394
801,-1.9341089725494385,-1.2960882186889648,0.12749367952346802
802,-2.0417563915252686,-1.4050123691558838,0.13405486941337585
803,-2.098803997039795,-1.511894702911377,0.1424969881772995
804,-2.1052193641662598,-1.616715431213379,0.15281835198402405
805,-2.060983419418335,-1.7194623947143555,0.1650170534849167
806,-1.966090440750122,-1.8201277256011963,0.1790914386510849
807,-1.8205443620681763,-1.9187084436416626,0.19504034519195557
808,-1.6243585348129272,-2.015204906463623,0.2128637135028839
809,-1.3775564432144165,-2.1096243858337402,0.23256248235702515
810,-1.0801697969436646,-2.2019872665405273,0.2541387677192688
811,-1.4356880187988281,-0.9733665585517883,0.13274283707141876
812,-1.542240858078003,-1.0557053089141846,0.1406395435333252
813,-1.598193645477295,-1.1359999179840088,0.15041731297969818
814,-1.6035184860229492,-1.214235544204712,0.16207432746887207
815,-1.5581982135772705,-1.2904014587402344,0.17560867965221405
816,-1.4622266292572021,-1.3644914627075195,0.19101868569850922
817,-1.315608024597168,-1.4365026950836182,0.2083032727241516
818,-1.1183555126190186,-1.5064364671707153,0.2274622619152069
819,-0.8704903721809387,-1.5743000507354736,0.24849651753902435
820,-0.5720404386520386,-1.6401102542877197,0.2714082896709442
821,-0.9353448748588562,-0.648276686668396,0.13998858630657196
822,-1.040804386138916,-0.7040283679962158,0.14922095835208893
823,-1.0956621170043945,-0.7577329874038696,0.1603347808122635
824,-1.0998952388763428,-0.8093804121017456,0.17332792282104492
825,-1.0534892082214355,-0.8589625358581543,0.18819835782051086
826,-0.9564386606216431,-0.9064747095108032,0.20494428277015686
827,-0.8087472915649414,-0.9519150257110596,0.22356456518173218
828,-0.6104280948638916,-0.9952855110168457,0.2440590113401413
829,-0.36149996519088745,-1.0365920066833496,0.26642873883247375
830,-0.06198614835739136,-1.0758458375930786,0.2906760573387146
831,-0.43307608366012573,-0.32081475853919983,0.14922937750816345
832,-0.5374431014060974,-0.34997865557670593,0.15979738533496857
833,-0.5912055969238281,-0.3770913779735565,0.17224735021591187
834,-0.5943460464477539,-0.4021475315093994,0.18657681345939636
835,-0.5468533039093018,-0.42514294385910034,0.20278331637382507
836,-0.448723703622818,-0.4460751414299011,0.2208651900291443
837,-0.2999612092971802,-0.464943528175354,0.24082112312316895
838,-0.10057687759399414,-0.4817494750022888,0.2626509368419647
839,0.14941293001174927,-0.49649661779403687,0.28635573387145996
840,0.44999048113822937,-0.509190559387207,0.31193849444389343
841,0.07110041379928589,0.009007059037685394,0.16046340763568878
842,-0.03217501938343048,0.006430789828300476,0.17236703634262085
843,-0.08484192937612534,0.005911141633987427,0.18615305423736572
844,-0.08688913285732269,0.00744803249835968,0.20181861519813538
845,-0.038309454917907715,0.011041268706321716,0.21936121582984924
846,0.06089849770069122,0.016690418124198914,0.23877879977226257
847,0.21073061227798462,0.02439487725496292,0.2600700855255127
848,0.41117793321609497,0.03415408730506897,0.28323495388031006
849,0.6622278690338135,0.045967698097229004,0.30827465653419495
850,0.9638687372207642,0.05983596295118332,0.3351925015449524
851,0.577154278755188,0.3411666452884674,0.17368914186954498
852,0.4749704897403717,0.3651779890060425,0.18692836165428162
853,0.4233994483947754,0.3912515938282013,0.20205017924308777
854,0.42244577407836914,0.41938191652297974,0.21905162930488586
855,0.4721120595932007,0.44956421852111816,0.23792994022369385
856,0.5723972916603088,0.4817950129508972,0.25868290662765503
857,0.7232974171638489,0.5160723924636841,0.2813092768192291
858,0.9248055219650269,0.5523968935012817,0.3058088719844818
859,1.1769139766693115,0.5907715559005737,0.3321831524372101
860,1.4796172380447388,0.631202220916748,0.3604355454444885
861,1.0850517749786377,0.6756389737129211,0.1889055371284485
862,0.9839605689048767,0.7262380123138428,0.2034803181886673
863,0.933485746383667,0.778904378414154,0.21993780136108398
864,0.9336256980895996,0.8336273431777954,0.23827475309371948
865,0.9843778610229492,0.8903975486755371,0.25848838686943054
866,1.0857393741607666,0.9492090940475464,0.2805763781070709
867,1.237706184387207,1.0100586414337158,0.30453744530677795
868,1.4402732849121094,1.07294762134552,0.3303713798522949
869,1.6934380531311035,1.1378822326660156,0.35807979106903076
870,1.9972020387649536,1.2048742771148682,0.38766616582870483
871,1.5947637557983398,1.0124034881591797,0.2061125487089157
872,1.494767427444458,1.0895901918411255,0.22202284634113312
873,1.445389986038208,1.1688480377197266,0.23981566727161407
874,1.446622610092163,1.2501611709594727,0.2594878673553467
875,1.498459815979004,1.33351731300354,0.28103649616241455
876,1.6008967161178589,1.418907642364502,0.30445918440818787
877,1.7539291381835938,1.5063279867172241,0.3297545313835144
878,1.957554578781128,1.5957802534103394,0.356922447681427
879,2.211773157119751,1.6872727870941162,0.3859644830226898
880,2.516594171524048,1.78082275390625,0.41688430309295654
881,2.106276035308838,1.3514506816864014,0.2253110557794571
882,2.0073771476745605,1.4552243947982788,0.24255675077438354
883,1.9590973854064941,1.5610713958740234,0.2616848647594452
884,1.9614219665527344,1.668972134590149,0.2826920747756958
885,2.014342784881592,1.778910756111145,0.30557551980018616
886,2.1178550720214844,1.890877604484558,0.3303326964378357
887,2.27195405960083,2.0048670768737793,0.3569621443748474
888,2.476637363433838,2.1208813190460205,0.385463684797287
889,2.731907844543457,2.2389285564422607,0.41583895683288574
890,3.037781238555908,2.35903263092041,0.44809165596961975
891,2.619600296020508,1.6927876472473145,0.24650314450263977
892,2.5218005180358887,1.823146939277649,0.2650842070579529
893,2.4746179580688477,1.955581545829773,0.2855477035045624
894,2.4780333042144775,2.090066909790039,0.30789023637771606
895,2.5320377349853516,2.22658634185791,0.33210861682891846
896,2.6366255283355713,2.3651278018951416,0.358200341463089
897,2.7917919158935547,2.505685329437256,0.38616374135017395
898,2.99753475189209,2.6482596397399902,0.41599878668785095
899,3.2538585662841797,2.792860507965088,0.447706937789917
900,3.560781955718994,2.939514398574829,0.4812922477722168
901,-2.051386833190918,-1.3924821615219116,0.14404913783073425
902,-2.1567771434783936,-1.5003809928894043,0.15177088975906372
903,-2.211552143096924,-1.6062266826629639,0.16137374937534332
904,-2.2156946659088135,-1.7100125551223755,0.17285634577274323
905,-2.1691946983337402,-1.811734914779663,0.18621663749217987
906,-2.072049140930176,-1.911390781402588,0.20145277678966522
907,-1.9242627620697021,-2.0089783668518066,0.21856342256069183
908,-1.7258474826812744,-2.1044960021972656,0.2375483512878418
909,-1.4768173694610596,-2.1979429721832275,0.2584088444709778
910,-1.1771870851516724,-2.2893240451812744,0.28114691376686096
911,-1.5223538875579834,-1.043622374534607,0.15033763647079468
912,-1.626655101776123,-1.1249381303787231,0.15939462184906006
913,-1.6803429126739502,-1.2042007446289062,0.17033283412456512
914,-1.6834031343460083,-1.281406044960022,0.1831507384777069
915,-1.635823130607605,-1.3565495014190674,0.197846457362175
916,-1.5375994443893433,-1.4296281337738037,0.2144181877374649
917,-1.3887369632720947,-1.5006405115127563,0.2328646183013916
918,-1.1892482042312622,-1.5695855617523193,0.2531854212284088
919,-0.9391495585441589,-1.6364645957946777,0.27538150548934937
920,-0.6384532451629639,-1.7012810707092285,0.2994552552700043
921,-0.9914018511772156,-0.6923937797546387,0.15862299501895905
922,-1.094612717628479,-0.7471250295639038,0.16901534795761108
923,-1.1472121477127075,-0.799802303314209,0.18128922581672668
924,-1.149187445640564,-0.8504237532615662,0.19544292986392975
925,-1.1005265712738037,-0.8989850282669067,0.21147435903549194
926,-1.0012248754501343,-0.9454840421676636,0.22938179969787598
927,-0.8512874841690063,-0.9899194240570068,0.2491638958454132
928,-0.6507276296615601,-1.0322914123535156,0.27082017064094543
929,-0.3995623290538788,-1.07260262966156,0.2943516969680786
930,-0.09780186414718628,-1.110852837562561,0.3197609782218933
931,-0.4585209786891937,-0.33878880739212036,0.16890385746955872
932,-0.5606412291526794,-0.3669344186782837,0.18063151836395264
933,-0.6121513247489929,-0.39302414655685425,0.19424115121364594
934,-0.6130402684211731,-0.41705816984176636,0.20973071455955505
935,-0.5632967948913574,-0.4390343427658081,0.22709809243679047
936,-0.46291711926460266,-0.458951473236084,0.2463412880897522
937,-0.3119063675403595,-0.4768092632293701,0.2674589455127716
938,-0.1102774441242218,-0.4926084876060486,0.29045066237449646
939,0.14195317029953003,-0.506350576877594,0.31531739234924316
940,0.44477638602256775,-0.5180336236953735,0.3420620560646057
941,0.07627449929714203,0.017181463539600372,0.18117831647396088
942,-0.02475612610578537,0.01562190055847168,0.19424134492874146
943,-0.07517734915018082,0.016120560467243195,0.20918670296669006
944,-0.0749792754650116,0.01867573708295822,0.22601218521595
945,-0.02415274828672409,0.023286812007427216,0.2447153627872467
946,0.07730473577976227,0.02995290607213974,0.26529425382614136
947,0.22938789427280426,0.0386732742190361,0.2877473831176758
948,0.4320847988128662,0.049447305500507355,0.31207433342933655
949,0.6853809356689453,0.06227514147758484,0.33827611804008484
950,0.9892680048942566,0.07715965062379837,0.3663559556007385
951,0.612953245639801,0.3754918575286865,0.19544453918933868
952,0.5130107402801514,0.400518536567688,0.20984312891960144
953,0.46367740631103516,0.42760565876960754,0.22612416744232178
954,0.46496230363845825,0.4567505717277527,0.24428534507751465
955,0.5168717503547668,0.487949401140213,0.26432424783706665
956,0.6194066405296326,0.521199107170105,0.2862386107444763
957,0.7725615501403809,0.5564977526664734,0.3100270628929138
958,0.9763264060020447,0.5938451886177063,0.33568906784057617
959,1.2306888103485107,0.6332433223724365,0.3632258474826813
960,1.535642147064209,0.6746952533721924,0.39264044165611267
961,1.1514778137207031,0.7361130118370056,0.2117013931274414
962,1.0526220798492432,0.7877259254455566,0.22743569314479828
963,1.00437593460083,0.8414014577865601,0.24505232274532318
964,1.0067471265792847,0.8971352577209473,0.26454901695251465
965,1.0597388744354248,0.9549210667610168,0.2859233021736145
966,1.1633505821228027,1.0147535800933838,0.30917298793792725
967,1.3175773620605469,1.0766299962997437,0.3342965245246887
968,1.5224099159240723,1.1405503749847412,0.3612934947013855
969,1.7778396606445312,1.206518292427063,0.39016497135162354
970,2.0838611125946045,1.274537205696106,0.4209139943122864
971,1.6918163299560547,1.0990211963653564,0.22994869947433472
972,1.5940465927124023,1.177220344543457,0.2470187246799469
973,1.5468873977661133,1.2574832439422607,0.2659708261489868
974,1.5503437519073486,1.3398038148880005,0.28680282831192017
975,1.6044164896011353,1.4241740703582764,0.30951234698295593
976,1.7091050148010254,1.5105879306793213,0.33409708738327026
977,1.8644036054611206,1.5990413427352905,0.3605554699897766
978,2.0703048706054688,1.6895339488983154,0.38888704776763916
979,2.3268015384674072,1.7820701599121094,0.4190931022167206
980,2.633892059326172,1.876655101776123,0.4511762857437134
981,2.2339539527893066,1.4642081260681152,0.25018760561943054
982,2.137270927429199,1.5689923763275146,0.2685932517051697
983,2.091198205947876,1.675840139389038,0.2888805568218231
984,2.0957374572753906,1.784744143486023,0.3110477924346924
985,2.1508898735046387,1.8956959247589111,0.3350922763347626
986,2.256654739379883,2.008688449859619,0.36101192235946655
987,2.413026809692383,2.12371826171875,0.3888050317764282
988,2.619997501373291,2.2407827377319336,0.41847115755081177
989,2.877561092376709,2.3598861694335938,0.45001140236854553
990,3.1857190132141113,2.4810357093811035,0.48342838883399963
991,2.777902126312256,1.831685185432434,0.2724202275276184
992,2.6823062896728516,1.96305251121521,0.29216140508651733
993,2.6373205184936523,2.0964832305908203,0.3137841820716858
994,2.642941951751709,2.2319681644439697,0.33728665113449097
995,2.69917368888855,2.3694982528686523,0.3626662492752075
996,2.8060145378112793,2.5090677738189697,0.38992056250572205
997,2.9634597301483154,2.6506714820861816,0.41904813051223755
998,3.1715006828308105,2.794307231903076,0.45004844665527344
999,3.4301304817199707,2.939976692199707,0.4829224944114685
1000,3.7393531799316406,3.08768892288208,0.517673134803772
