1,0.0034350291825830936,-0.0739312469959259,0.08306363224983215
2,0.0026010521687567234,-0.08031676709651947,0.07304784655570984
3,0.0017056070500984788,-0.08530081808567047,0.0671568363904953
4,0.0007209951290860772,-0.0888696163892746,0.06539667397737503
5,-0.0003536517033353448,-0.09102435410022736,0.06776494532823563
6,-0.0015200035413727164,-0.09176553785800934,0.074261374771595
7,-0.002778895664960146,-0.09109319746494293,0.08488644659519196
8,-0.004131239373236895,-0.0890069231390953,0.09964193403720856
9,-0.005578446667641401,-0.08550569415092468,0.11853223294019699
10,-0.007131145801395178,-0.08060510456562042,0.14157429337501526
11,0.003999786451458931,-0.03766780346632004,0.08201470226049423
12,0.0031973011791706085,-0.04389049485325813,0.07085872441530228
13,0.002332540927454829,-0.048705969005823135,0.06382717937231064
14,0.0013787145726382732,-0.052108630537986755,0.06092652305960655
15,0.00033477938268333673,-0.05409873276948929,0.06215447932481766
16,-0.0008008381118997931,-0.054676517844200134,0.06751066446304321
17,-0.002029028255492449,-0.05384202301502228,0.07699558883905411
18,-0.003350771265104413,-0.05159509554505348,0.09061110764741898
19,-0.004767481237649918,-0.047935646027326584,0.10836149007081985
20,-0.006289592012763023,-0.04287077486515045,0.1302606463432312
21,0.00440457696095109,-0.007963876239955425,0.08064908534288406
22,0.003628609236329794,-0.014023818075656891,0.0683530792593956
23,0.0027897122781723738,-0.018673673272132874,0.06018267199397087
24,0.0018623913638293743,-0.02191132865846157,0.056143492460250854
25,0.0008450612658634782,-0.023737356066703796,0.056233327835798264
26,-0.0002639259910210967,-0.02415195107460022,0.06045174226164818
27,-0.001465523149818182,-0.023155150935053825,0.06879928708076477
28,-0.002760782139375806,-0.020746853202581406,0.08127795904874802
29,-0.004151301924139261,-0.01692664995789528,0.09789213538169861
30,-0.005647522863000631,-0.011697972193360329,0.11865498125553131
31,0.004622517619282007,0.015192732214927673,0.07897377759218216
32,0.0038729305379092693,0.0092963557690382,0.06553874909877777
33,0.0030600065365433693,0.004811143968254328,0.056229833513498306
34,0.002158731920644641,0.0017378677148371935,0.05105260759592056
35,0.0011675243731588125,7.564813131466508e-05,0.0500047504901886
36,8.467677980661392e-05,-0.00017579540144652128,0.053085796535015106
37,-0.0010908108670264482,0.0009835031814873219,0.060296326875686646
38,-0.0023600542917847633,0.003553731832653284,0.0716383308172226
39,-0.0037246798165142536,0.007535632234066725,0.08711613714694977
40,-0.005195253994315863,0.012927274219691753,0.1067417711019516
41,0.004654255695641041,0.03180846571922302,0.07698796689510345
42,0.003930560313165188,0.02607576549053192,0.06241490691900253
43,0.0031432979740202427,0.021754611283540726,0.051968079060316086
44,0.0022676922380924225,0.018845243379473686,0.04565326124429703
45,0.0013021616032347083,0.0173465795814991,0.04346804693341255
46,0.0002449947933200747,0.017258264124393463,0.04541200026869774
47,-0.000904841348528862,0.01858026348054409,0.05148565024137497
48,-0.0021484862081706524,0.021312866359949112,0.06169092282652855
49,-0.0034875900018960238,0.02545703575015068,0.07603202760219574
50,-0.0049329111352562904,0.031011506915092468,0.09451979398727417
51,0.004498585127294064,0.041886113584041595,0.07469181716442108
52,0.003800639184191823,0.03631722182035446,0.05898139253258705
53,0.0030388529412448406,0.03215973824262619,0.0473971851170063
54,0.0021886825561523438,0.029413914307951927,0.03994515538215637
55,0.0012485546758398414,0.0280785970389843,0.03662285581231117
56,0.00021677030599676073,0.028153397142887115,0.03742983564734459
57,-0.0009077005088329315,0.029638295993208885,0.042366594076156616
58,-0.002126010600477457,0.03253360837697983,0.05143497511744499
59,-0.0034398033749312162,0.036840423941612244,0.06463894248008728
60,-0.004860068671405315,0.04255758970975876,0.08198830485343933
61,0.004155465867370367,0.045426297932863235,0.07208482921123505
62,0.0034831208176910877,0.0400213859975338,0.05523768812417984
63,0.002746609039604664,0.03602724149823189,0.042516570538282394
64,0.0019216362852603197,0.03344464674592018,0.03392767161130905
65,0.0010066372342407703,0.03227247670292854,0.02946849912405014
66,-5.98374754190445e-08,0.03251039236783981,0.02913859486579895
67,-0.0010994530748575926,0.0341583751142025,0.032938435673713684
68,-0.0022926880046725273,0.037216704338788986,0.04086974635720253
69,-0.0035813855938613415,0.04168647155165672,0.05293627455830574
70,-0.004976777825504541,0.04756614938378334,0.06914670765399933
71,0.0036259160842746496,0.04242764785885811,0.06916563212871552
72,0.002978688571602106,0.03718689829111099,0.05118267983198166
73,0.0022671252954751253,0.03335567191243172,0.03732512891292572
74,0.0014669639058411121,0.030935904011130333,0.027599666267633438
75,0.0005766473477706313,0.029926663264632225,0.02200383134186268
76,-0.00040541740600019693,0.030327683314681053,0.020537177100777626
77,-0.0014801830984652042,0.03213895484805107,0.02320014126598835
78,-0.0026487454306334257,0.03536069393157959,0.02999432198703289
79,-0.003912703599780798,0.039993830025196075,0.04092320799827576
80,-0.005283626262098551,0.046035800129175186,0.055994126945734024
81,0.0029091443866491318,0.03288629651069641,0.06593357771635056
82,0.0022868774831295013,0.027810148894786835,0.046816036105155945
83,0.0016003188211470842,0.024141060188412666,0.03182201460003853
84,0.000824501272290945,0.02188362181186676,0.020960086956620216
85,-4.1612074710428715e-05,0.021037070080637932,0.01422763429582119
86,-0.0009995304280892015,0.02160121686756611,0.011624252423644066
87,-0.0020501366816461086,0.0235760435461998,0.013150351122021675
88,-0.003194476244971156,0.02696170099079609,0.018807396292686462
89,-0.0044339317828416824,0.031759001314640045,0.028598608449101448
90,-0.00578061118721962,0.03796282783150673,0.04252885282039642
91,0.0020294352434575558,0.01679028943181038,0.062380217015743256
92,0.001427257084287703,0.011878453195095062,0.04212648794054985
93,0.0007609318709000945,0.008369602262973785,0.025995902717113495
94,5.221343599259853e-06,0.006273673381656408,0.013998148962855339
95,-0.0008407739223912358,0.005589445121586323,0.00612998940050602
96,-0.0017786201788112521,0.006316694431006908,0.00239108270034194
97,-0.002809144090861082,0.008455401286482811,0.0027818186208605766
98,-0.003933360334485769,0.01200575940310955,0.00730361882597208
99,-0.005152607802301645,0.01696902886033058,0.015960199758410454
100,-0.006479738745838404,0.023335065692663193,0.028753630816936493
101,-0.06876277923583984,-0.07339891046285629,0.11442562192678452
102,-0.0585990808904171,-0.07951279729604721,0.0994829535484314
103,-0.04846632853150368,-0.08421871811151505,0.08867061138153076
104,-0.038414906710386276,-0.08750418573617935,0.08200161904096603
105,-0.028449760749936104,-0.08936657011508942,0.07947273552417755
106,-0.01857438124716282,-0.08980652689933777,0.08108329772949219
107,-0.008790718391537666,-0.0888240858912468,0.08683433383703232
108,0.0008991057984530926,-0.08641882985830307,0.09672972559928894
109,0.010491473600268364,-0.0825938880443573,0.11077877879142761
110,0.019961442798376083,-0.0773647204041481,0.12900878489017487
111,-0.06753338128328323,-0.0359051413834095,0.11452369391918182
112,-0.05732763186097145,-0.04185262694954872,0.09843181818723679
113,-0.04715472832322121,-0.046386584639549255,0.08647055923938751
114,-0.03706306591629982,-0.049501944333314896,0.07865279167890549
115,-0.027058161795139313,-0.05119737610220909,0.07497550547122955
116,-0.017143169417977333,-0.05147308111190796,0.07543773204088211
117,-0.0073199826292693615,-0.05032913386821747,0.08004055917263031
118,0.002409266773611307,-0.04776551201939583,0.0887879878282547
119,0.012040800414979458,-0.04378402605652809,0.10168915241956711
120,0.021550079807639122,-0.03839236870408058,0.11876821517944336
121,-0.06643760949373245,-0.004999825730919838,0.11429492384195328
122,-0.0561995692551136,-0.010782090947031975,0.0970560684800148
123,-0.04599689319729805,-0.015147545374929905,0.08394967019557953
124,-0.03587384149432182,-0.018094869330525398,0.07498690485954285
125,-0.025837279856204987,-0.019624261185526848,0.0701652392745018
126,-0.015890609472990036,-0.019736092537641525,0.0694836974143982
127,-0.006035848055034876,-0.018430424854159355,0.07294343411922455
128,0.0037246739957481623,-0.015707096084952354,0.08054862916469574
129,0.013386519625782967,-0.01156638003885746,0.0923084244132042
130,0.02292618714272976,-0.006011885590851307,0.10824521631002426
131,-0.06551818549633026,0.01933041773736477,0.11375144869089127
132,-0.05524997413158417,0.013713274151086807,0.095367431640625
133,-0.045018527656793594,0.00951470248401165,0.08111682534217834
134,-0.03486651927232742,0.0067340051755309105,0.07101055234670639
135,-0.024800799787044525,0.005369946360588074,0.06504596024751663
136,-0.014824959449470043,0.005421873182058334,0.06322213262319565
137,-0.004941148217767477,0.0068897223100066185,0.06554023921489716
138,0.004848134703934193,0.009773949161171913,0.07200448215007782
139,0.014538303017616272,0.014075370505452156,0.08262373507022858
140,0.024106064811348915,0.019792625680565834,0.09741858392953873
141,-0.06477713584899902,0.03709642216563225,0.11289168149232864
142,-0.05448110029101372,0.03164435178041458,0.09336503595113754
143,-0.04422244057059288,0.027611644938588142,0.07797187566757202
144,-0.034043215215206146,0.024996545165777206,0.06672347337007523
145,-0.023950275033712387,0.023797234520316124,0.059617139399051666
146,-0.013947258703410625,0.024012848734855652,0.056651994585990906
147,-0.004036391153931618,0.025643322616815567,0.057829178869724274
148,0.005779729224741459,0.028689349070191383,0.06315281987190247
149,0.01549643836915493,0.03315240144729614,0.07263132184743881
150,0.025090200826525688,0.039032358676195145,0.08628351241350174
151,-0.06421692669391632,0.04830358549952507,0.1117156520485878
152,-0.05389447882771492,0.04301682859659195,0.09104835242033005
153,-0.043609943240880966,0.039149243384599686,0.07451420277357101
154,-0.03340500593185425,0.03669894114136696,0.06212494149804115
155,-0.023286491632461548,0.03566388413310051,0.053877897560596466
156,-0.013258007355034351,0.03604312986135483,0.04977218061685562
157,-0.0033217910677194595,0.037836626172065735,0.04980890825390816
158,0.006519555114209652,0.041045162826776505,0.05399196594953537
159,0.016261333599686623,0.045670509338378906,0.062329281121492386
160,0.025879675522446632,0.051712844520807266,0.07483801990747452
161,-0.0638376921415329,0.05295323207974434,0.1102222129702568
162,-0.053490232676267624,0.04783216491341591,0.08841615170240402
163,-0.0431811586022377,0.04412905126810074,0.07074251025915146
164,-0.03295203298330307,0.041842807084321976,0.05721360817551613
165,-0.02280958741903305,0.040971532464027405,0.047826796770095825
166,-0.012757356278598309,0.04151436686515808,0.042581215500831604
167,-0.0027974830009043217,0.04347126558423042,0.04147787764668465
168,0.007067478261888027,0.04684297740459442,0.04452044889330864
169,0.0168328694999218,0.051631178706884384,0.05171625316143036
170,0.026474369689822197,0.05783544108271599,0.06308084726333618
171,-0.06363730877637863,0.051042765378952026,0.1084088459610939
172,-0.05326717346906662,0.04608767107129097,0.08546646684408188
173,-0.04293515533208847,0.04254819452762604,0.0666547492146492
174,-0.0326836034655571,0.040425095707178116,0.05198725685477257
175,-0.022519178688526154,0.03971707075834274,0.041461601853370667
176,-0.012445183470845222,0.040423452854156494,0.03507687896490097
177,-0.0024636290036141872,0.04254421964287758,0.03283405303955078
178,0.007423067465424538,0.04607991874217987,0.034736473113298416
179,0.017210325226187706,0.05103173479437828,0.040790729224681854
180,0.026872852817177773,0.057397499680519104,0.051010675728321075
181,-0.06361434608697891,0.04256506636738777,0.10627499222755432
182,-0.05322367325425148,0.037775833159685135,0.08219780772924423
183,-0.042869869619607925,0.03439849242568016,0.06224803626537323
184,-0.032598353922367096,0.032437339425086975,0.046442657709121704
185,-0.022414453327655792,0.03189195692539215,0.03477884829044342
186,-0.01232118159532547,0.03276187554001808,0.027255738154053688
187,-0.002320439089089632,0.03504706919193268,0.02387421205639839
188,0.00758553808555007,0.038747917860746384,0.024637361988425255
189,0.01739283837378025,0.04386483505368233,0.029550936073064804
190,0.02707415260374546,0.05039212480187416,0.03862633928656578
191,-0.0637311115860939,0.027503320947289467,0.10380391031503677
192,-0.0533294603228569,0.02287895977497101,0.0785921961069107
193,-0.042964037507772446,0.019661419093608856,0.05750630423426628
194,-0.032681290060281754,0.01786062866449356,0.04056505113840103
195,-0.022485969588160515,0.017477113753557205,0.02776525914669037
196,-0.01238132081925869,0.018510499969124794,0.019106358289718628
197,-0.0023692920804023743,0.02096073143184185,0.01458926685154438
198,0.007547770161181688,0.02482810616493225,0.014216981828212738
199,0.017366142943501472,0.030112165957689285,0.017994863912463188
200,0.0270572267472744,0.03680180758237839,0.02593156136572361
201,-0.13592034578323364,-0.07843688130378723,0.14167433977127075
202,-0.1147325187921524,-0.08427460491657257,0.12181559205055237
203,-0.09357404708862305,-0.08868781477212906,0.10608974099159241
204,-0.07248607277870178,-0.09167946130037308,0.09451062232255936
205,-0.05148006230592728,-0.0932445302605629,0.08707943558692932
206,-0.030561715364456177,-0.09338225424289703,0.08379665017127991
207,-0.009735207073390484,-0.09209276735782623,0.08466420322656631
208,0.010994653217494488,-0.08937709778547287,0.08968666195869446
209,0.031618837267160416,-0.08524104952812195,0.09887352585792542
210,0.05210920423269272,-0.0796835795044899,0.11224178969860077
211,-0.13399265706539154,-0.039794787764549255,0.1428987681865692
212,-0.11275628954172134,-0.04546087235212326,0.12188566476106644
213,-0.09155219793319702,-0.04970491677522659,0.10500679165124893
214,-0.07041972875595093,-0.052526768296957016,0.09227559715509415
215,-0.04937022551894188,-0.05392446741461754,0.083692766726017
216,-0.028408857062458992,-0.053897611796855927,0.07925837486982346
217,-0.0075393798761069775,-0.052446309477090836,0.07897420972585678
218,0.013233762234449387,-0.04957124590873718,0.08284503221511841
219,0.03390195593237877,-0.04527509585022926,0.09088034182786942
220,0.054437119513750076,-0.03956000134348869,0.10309743136167526
221,-0.13220421969890594,-0.007732379250228405,0.14379653334617615
222,-0.11093084514141083,-0.013229569420218468,0.12163443118333817
223,-0.08969175070524216,-0.01730501838028431,0.10360677540302277
224,-0.06852284073829651,-0.019958294928073883,0.0897265151143074
225,-0.04743650555610657,-0.021189244464039803,0.07999491691589355
226,-0.026438353583216667,-0.020998036488890648,0.07441215962171555
227,-0.005532326176762581,-0.019384779036045074,0.07298015803098679
228,0.015276812016963959,-0.01634961925446987,0.07570384442806244
229,0.03597964718937874,-0.011893412098288536,0.08259265124797821
230,0.05654902756214142,-0.006018453277647495,0.09366225451231003
231,-0.13058346509933472,0.017749406397342682,0.1443769335746765
232,-0.10927664488554001,0.012418778613209724,0.12106730788946152
233,-0.08800555765628815,0.008510841056704521,0.10189238935709
234,-0.06680434942245483,0.0060249133966863155,0.08686511963605881
235,-0.045685362070798874,0.004959980025887489,0.07598676532506943
236,-0.024654574692249298,0.005315396934747696,0.06925772875547409
237,-0.0037161922082304955,0.007091043051332235,0.06668003648519516
238,0.017124731093645096,0.010287253186106682,0.06825863569974899
239,0.03785854950547218,0.014904363080859184,0.07400268316268921
240,0.058458730578422546,0.020941302180290222,0.08392661809921265
241,-0.12913405895233154,0.03665531799197197,0.1446378380060196
242,-0.10779751092195511,0.03149055317044258,0.12018343806266785
243,-0.08649728447198868,0.027749240398406982,0.09986338764429092
244,-0.06526699662208557,0.02542969211935997,0.0836910605430603
245,-0.04411890730261803,0.024530159309506416,0.07166780531406403
246,-0.023059120401740074,0.025049669668078423,0.06379414349794388
247,-0.002091995906084776,0.026988111436367035,0.060072146356105804
248,0.01877724938094616,0.030346136540174484,0.06050669774413109
249,0.039538875222206116,0.035124871879816055,0.06510649621486664
250,0.06016639247536659,0.04132431373000145,0.0738849863409996
251,-0.1278577595949173,0.04898902401328087,0.14457811415195465
252,-0.10649455338716507,0.04399019852280617,0.11898154765367508
253,-0.08516806364059448,0.04041483998298645,0.09751872718334198
254,-0.0639117881655693,0.038260847330093384,0.0802033469080925
255,-0.04273794963955879,0.03752615675330162,0.06703700125217438
256,-0.021652648225426674,0.038209669291973114,0.0580202154815197
257,-0.0006602263310924172,0.04031126946210861,0.0531550794839859
258,0.020234080031514168,0.04383176192641258,0.052446264773607254
259,0.04102049767971039,0.048772621899843216,0.05590203404426575
260,0.061672430485486984,0.05513433739542961,0.0635349377989769
261,-0.12675486505031586,0.05475145950913429,0.14419636130332947
262,-0.1053680032491684,0.04991888999938965,0.11746028065681458
263,-0.08401814103126526,0.04650886729359627,0.09485691040754318
264,-0.06273899972438812,0.04451962187886238,0.07640047371387482
265,-0.04154278710484505,0.04394921660423279,0.06209278106689453
266,-0.020435437560081482,0.04479663819074631,0.0519343763589859
267,0.0005788421258330345,0.04706176742911339,0.0459272526204586
268,0.02149495854973793,0.05074534937739372,0.04407584294676781
269,0.0423031710088253,0.05584879219532013,0.04638785496354103
270,0.06297652423381805,0.06237229332327843,0.05287524685263634
271,-0.12582427263259888,0.053940549492836,0.14349105954170227
272,-0.10441739112138748,0.04927424341440201,0.11561810225248337
273,-0.08304706960916519,0.0460287369787693,0.0918760821223259
274,-0.06174834072589874,0.0442032627761364,0.07228036224842072
275,-0.040533311665058136,0.04379653558135033,0.056832972913980484
276,-0.019407546147704124,0.044807758182287216,0.04553447291254997
277,0.0016249995678663254,0.047236841171979904,0.03838670626282692
278,0.022559531033039093,0.051084328442811966,0.03539377823472023
279,0.04338642582297325,0.05635102093219757,0.0365627259016037
280,0.06407766789197922,0.06303606927394867,0.041905198246240616
281,-0.12506362795829773,0.04655158147215843,0.14246216416358948
282,-0.10364018380641937,0.04205034673213959,0.1134532019495964
283,-0.0822526067495346,0.03896808996796608,0.08857342600822449
284,-0.060938477516174316,0.03730515018105507,0.06783989816904068
285,-0.03970884531736374,0.03706136345863342,0.051254384219646454
286,-0.01856881193816662,0.03823632001876831,0.038817398250103
287,0.002477854024618864,0.04082993417978287,0.030530713498592377
288,0.023426663130521774,0.04484237730503082,0.02639808878302574
289,0.04426876828074455,0.05027344077825546,0.026425696909427643
290,0.0649743601679802,0.05712105706334114,0.030625399202108383
291,-0.12444905936717987,0.03257754445075989,0.14109407365322113
292,-0.1030203327536583,0.02823968231678009,0.11095501482486725
293,-0.08162599802017212,0.025319695472717285,0.08494188636541367
294,-0.060304444283246994,0.023818019777536392,0.06307323276996613
295,-0.039066825062036514,0.023736467584967613,0.045351795852184296
296,-0.017918746918439865,0.025075046345591545,0.03177870810031891
297,0.0031356317922472954,0.027833659201860428,0.02235598675906658
298,0.024091366678476334,0.03201199695467949,0.017087223008275032
299,0.044939231127500534,0.03760791942477226,0.015977537259459496
300,0.06564833968877792,0.0446191132068634,0.01903892122209072
301,-0.1980970799922943,-0.0890893042087555,0.1648687869310379
302,-0.16586066782474518,-0.09463812410831451,0.14009243249893188
303,-0.13366667926311493,-0.09875869005918503,0.11945483833551407
304,-0.10153789073228836,-0.10145251452922821,0.10296561568975449
305,-0.06948748230934143,-0.10271749645471573,0.09062895178794861
306,-0.03752371296286583,-0.10255235433578491,0.08244721591472626
307,-0.005653603933751583,-0.1009572446346283,0.0784233883023262
308,0.026114847511053085,-0.09793386608362198,0.0785621628165245
309,0.05776924639940262,-0.09348500519990921,0.08287058025598526
310,0.08928930014371872,-0.0876101553440094,0.09135682135820389
311,-0.19544123113155365,-0.04932008683681488,0.16720250248908997
312,-0.16315637528896332,-0.05469601973891258,0.1412709653377533
313,-0.1309165507555008,-0.058647625148296356,0.11947964131832123
314,-0.09874404966831207,-0.061173006892204285,0.10183799266815186
315,-0.06665132194757462,-0.06227109581232071,0.08834938704967499
316,-0.03464590013027191,-0.06194126605987549,0.07901570200920105
317,-0.0027340762317180634,-0.06018367409706116,0.0738396942615509
318,0.02907683327794075,-0.0569993332028389,0.07282611727714539
319,0.06077517941594124,-0.05238999053835869,0.07598245143890381
320,0.09234026074409485,-0.04635872691869736,0.08331809192895889
321,-0.19294403493404388,-0.016124796122312546,0.16921746730804443
322,-0.16062001883983612,-0.021330825984477997,0.14213551580905914
323,-0.12834148108959198,-0.025113563984632492,0.1191931739449501
324,-0.09613004326820374,-0.027470869943499565,0.10040051490068436
325,-0.06399836391210556,-0.028402306139469147,0.08576112985610962
326,-0.03195420652627945,-0.027907881885766983,0.0752769261598587
327,-3.9227306842803955e-06,-0.025987764820456505,0.06895073503255844
328,0.03184496611356735,-0.0226423516869545,0.06678754836320877
329,0.0635804831981659,-0.01787276193499565,0.068794846534729
330,0.095181904733181,-0.011682356707751751,0.07498137652873993
331,-0.1906135529279709,0.010491123422980309,0.17091470956802368
332,-0.1582549810409546,0.005452328827232122,0.14268438518047333
333,-0.12594226002693176,0.0018373909406363964,0.1185932457447052
334,-0.09369628876447678,-0.00035255448892712593,0.09865158051252365
335,-0.06152978911995888,-0.0011178264394402504,0.0828632041811943
336,-0.02945091389119625,-0.0004589240998029709,0.07123028486967087
337,0.0025336917024105787,0.0016239783726632595,0.06375580281019211
338,0.03441614657640457,0.00513095036149025,0.060444872826337814
339,0.06618425995111465,0.010061604902148247,0.06130485236644745
340,0.09781774878501892,0.016413642093539238,0.06634361296892166
341,-0.18845181167125702,0.03052714839577675,0.172292098402977
342,-0.15606269240379333,0.025654466822743416,0.1429157853126526
343,-0.12371964752674103,0.02220642752945423,0.11767817288637161
344,-0.09144329279661179,0.02018308825790882,0.09658975899219513
345,-0.059246402233839035,0.019583452492952347,0.07965454459190369
346,-0.027137313038110733,0.02040671557188034,0.06687485426664352
347,0.004877116065472364,0.022652694955468178,0.05825382098555565
348,0.03678885102272034,0.02632174827158451,0.053796518594026566
349,0.06858561933040619,0.03141416981816292,0.053510118275880814
350,0.10024744272232056,0.037928786128759384,0.05740191787481308
351,-0.18645919859409332,0.043984126299619675,0.17334742844104767
352,-0.15404348075389862,0.039277415722608566,0.1428278535604477
353,-0.12167403101921082,0.03599563241004944,0.11644637584686279
354,-0.08937150985002518,0.03413819894194603,0.09421367198228836
355,-0.0571487657725811,0.03370370715856552,0.07613390684127808
356,-0.02501412108540535,0.03469119966030121,0.06220947578549385
357,0.007025558967143297,0.037100497633218765,0.05244353786110878
358,0.03896225243806839,0.040932103991508484,0.046841103583574295
359,0.07078372687101364,0.04618672654032707,0.04540911689400673
360,0.10247007012367249,0.05286385491490364,0.04815454035997391
361,-0.184636190533638,0.05086210370063782,0.17407932877540588
362,-0.15219774842262268,0.046321507543325424,0.14241920411586761
363,-0.11980580538511276,0.043205443769693375,0.11489643156528473
364,-0.08748140186071396,0.04151318222284317,0.09152191132307053
365,-0.05523732677102089,0.04124334082007408,0.07229985296726227
366,-0.023081785067915916,0.04239493981003761,0.05723272264003754
367,0.008978595025837421,0.04496779292821884,0.04632360115647316
368,0.0409359484910965,0.04896243289113045,0.03957732021808624
369,0.07277816534042358,0.05437958613038063,0.037000663578510284
370,0.1044851541519165,0.06121884286403656,0.038600482046604156
371,-0.1829834133386612,0.0511598102748394,0.17448723316192627
372,-0.15052613615989685,0.04678511619567871,0.14168895781040192
373,-0.11811557412147522,0.043834004551172256,0.11302714794874191
374,-0.08577348291873932,0.0423060804605484,0.08851298689842224
375,-0.0535125657916069,0.04220026731491089,0.06815078854560852
376,-0.021340638399124146,0.04351584613323212,0.05194295197725296
377,0.010735984891653061,0.04625260829925537,0.03989246487617493
378,0.042709775269031525,0.05041089281439781,0.032003916800022125
379,0.07456881552934647,0.055991098284721375,0.028283827006816864
380,0.10629256814718246,0.06299247592687607,0.028739336878061295
381,-0.18150047957897186,0.04487526789307594,0.17457054555416107
382,-0.14902876317501068,0.040665265172719955,0.14063625037670135
383,-0.11660417914390564,0.03787795826792717,0.11083760857582092
384,-0.08424891531467438,0.036513347178697586,0.08518579602241516
385,-0.051975324749946594,0.0365709625184536,0.06368524581193924
386,-0.0197910089045763,0.038050394505262375,0.046338483691215515
387,0.012297745794057846,0.040951475501060486,0.03314850106835365
388,0.04428363963961601,0.04527416452765465,0.024119626730680466
389,0.07615502178668976,0.05101829394698143,0.019258029758930206
390,0.1078910082578659,0.05818268284201622,0.018571510910987854
391,-0.18018212914466858,0.032007522881031036,0.17432428896427155
392,-0.14770503342151642,0.027960307896137238,0.13926005363464355
393,-0.1152736246585846,0.02533591166138649,0.10832810401916504
394,-0.0829099491238594,0.02413373440504074,0.08154041320085526
395,-0.05062705650925636,0.02435421198606491,0.05890268087387085
396,-0.01843326911330223,0.025997456163167953,0.04041823372244835
397,0.01366437878459692,0.029063232243061066,0.0260904710739851
398,0.045657914131879807,0.03355095535516739,0.01592366024851799
399,0.07753486186265945,0.039459481835365295,0.009923558682203293
400,0.10927412658929825,0.0467880442738533,0.008098321035504341
401,-0.2552717924118042,-0.10538027435541153,0.18401437997817993
402,-0.21198168396949768,-0.11062955856323242,0.15432314574718475
403,-0.16874656081199646,-0.11445312947034836,0.1287756860256195
404,-0.12557671964168549,-0.11684760451316833,0.10737846046686172
405,-0.08248371630907059,-0.1178111657500267,0.09013669192790985
406,-0.03947748243808746,-0.11734285205602646,0.07705433666706085
407,0.00343256164342165,-0.11544284224510193,0.06813519448041916
408,0.04623629152774811,-0.11211259663105011,0.06338363885879517
409,0.08892179280519485,-0.10735446214675903,0.06280404329299927
410,0.13147801160812378,-0.10117228329181671,0.06639844179153442
411,-0.251878947019577,-0.0644880086183548,0.18745189905166626
412,-0.20854347944259644,-0.06956558674573898,0.15660671889781952
413,-0.16526515781879425,-0.07322024554014206,0.12990650534629822
414,-0.12205435335636139,-0.07544702291488647,0.10735773295164108
415,-0.07892191410064697,-0.07624422013759613,0.08896484971046448
416,-0.03587698936462402,-0.07561120390892029,0.07473130524158478
417,0.007071872241795063,-0.07354821264743805,0.06466064602136612
418,0.0499153658747673,-0.07005625218153,0.05875730514526367
419,0.09264221787452698,-0.06513762474060059,0.05702618882060051
420,0.13524092733860016,-0.058797892183065414,0.05947043374180794
421,-0.24866101145744324,-0.030169786885380745,0.1905774176120758
422,-0.20528644323349,-0.03507811203598976,0.15858128666877747
423,-0.16196860373020172,-0.038564011454582214,0.13072949647903442
424,-0.11871875077486038,-0.040623169392347336,0.10702928155660629
425,-0.07554758340120316,-0.04125404357910156,0.08748520165681839
426,-0.03246428072452545,-0.04045634716749191,0.07210057228803635
427,0.010522688739001751,-0.03823030740022659,0.06087906286120415
428,0.05340397730469704,-0.0345766507089138,0.053825270384550095
429,0.09616845101118088,-0.029497507959604263,0.05094420164823532
430,0.13880383968353271,-0.022997858002781868,0.05223892629146576
431,-0.2456137090921402,-0.00243002874776721,0.1933869868516922
432,-0.2022046148777008,-0.007171308621764183,0.16024206578731537
433,-0.15885180234909058,-0.010489586740732193,0.1312408149242401
434,-0.11556663364171982,-0.01238161139190197,0.1063908115029335
435,-0.07236002385616302,-0.012846466153860092,0.08569680154323578
436,-0.029241496697068214,-0.01188416127115488,0.06916238367557526
437,0.013780243694782257,-0.009494923986494541,0.05679141730070114
438,0.0566956102848053,-0.005679237190634012,0.04858860746026039
439,0.09949325025081635,-0.00043862778693437576,0.04455896094441414
440,0.14216113090515137,0.006222991738468409,0.04470517486333847
441,-0.24273595213890076,0.018728818744421005,0.19587774574756622
442,-0.19929634034633636,0.014153556898236275,0.1615862101316452
443,-0.15591278672218323,0.011002068407833576,0.13143783807754517
444,-0.11259671300649643,0.009276564233005047,0.10544029623270035
445,-0.06935922801494598,0.0089773740619421,0.08359848707914352
446,-0.026210036128759384,0.010104173794388771,0.06591623276472092
447,0.016841940581798553,0.012656738050282001,0.052397485822439194
448,0.05978691577911377,0.016634853556752205,0.04304710030555725
449,0.10261359810829163,0.022037560120224953,0.03787003830075264
450,0.1453101634979248,0.028862008824944496,0.03686864301562309
451,-0.24002715945243835,0.03330584615468979,0.19804728031158447
452,-0.19656112790107727,0.028896352276206017,0.16261163353919983
453,-0.15315118432044983,0.02591109462082386,0.13131871819496155
454,-0.10980889946222305,0.024351535364985466,0.10417618602514267
455,-0.0665455013513565,0.024217592552304268,0.08118902146816254
456,-0.023370742797851562,0.025508759543299675,0.06236110255122185
457,0.01970648020505905,0.028224797919392586,0.04769646003842354
458,0.06267641484737396,0.03236565738916397,0.03719998896121979
459,0.1055278331041336,0.03793080151081085,0.030876589938998222
460,0.14824911952018738,0.04491812735795975,0.02872862108051777
461,-0.23748795688152313,0.041300345212221146,0.19989418983459473
462,-0.19399955868721008,0.03705662861466408,0.16331696510314941
463,-0.15056753158569336,0.03423711657524109,0.1308821141719818
464,-0.10720376670360565,0.03284292295575142,0.1025971919298172
465,-0.06391944736242294,0.032873786985874176,0.07846713066101074
466,-0.020724186673760414,0.03432917594909668,0.058495793491601944
467,0.02237331122159958,0.03720884025096893,0.04268721863627434
468,0.06536353379487991,0.04151276499032974,0.031046222895383835
469,0.10823538899421692,0.047240566462278366,0.023577770218253136
470,0.15097737312316895,0.054390523582696915,0.020284295082092285
471,-0.23512017726898193,0.04271131381392479,0.20141816139221191
472,-0.19161324203014374,0.03863317519426346,0.16370169818401337
473,-0.14816337823867798,0.035978738218545914,0.13012735545635223
474,-0.1047826036810875,0.03474918752908707,0.10070240497589111
475,-0.061481982469558716,0.034944381564855576,0.075431689620018
476,-0.018270796164870262,0.036563847213983536,0.05431906133890152
477,0.024842459708452225,0.039607349783182144,0.037368468940258026
478,0.0678485706448555,0.04407477378845215,0.024584665894508362
479,0.11073672026395798,0.049965646117925644,0.015972629189491272
480,0.1534954011440277,0.05727817118167877,0.011535100638866425
481,-0.23292642831802368,0.037538088858127594,0.2026195228099823
482,-0.18940533697605133,0.03362457454204559,0.16376645863056183
483,-0.14594216644763947,0.03113415464758873,0.12905511260032654
484,-0.10254818201065063,0.030068419873714447,0.09849197417497635
485,-0.059234581887722015,0.03042740933597088,0.07208217680454254
486,-0.016010625287890434,0.032210856676101685,0.04982975125312805
487,0.0271151103079319,0.03541850298643112,0.0317387729883194
488,0.07013344764709473,0.04005001485347748,0.017813893035054207
489,0.11303341388702393,0.04610472172498703,0.008060093969106674
490,0.1558043658733368,0.053580425679683685,0.00248047336935997
491,-0.23091240227222443,0.02578115463256836,0.2035004049539566
492,-0.18738313019275665,0.022030673921108246,0.16351516544818878
493,-0.1439104676246643,0.01970338448882103,0.12766875326633453
494,-0.1005052924156189,0.018800748512148857,0.0959681048989296
495,-0.05717944726347923,0.019323114305734634,0.06841939687728882
496,-0.01394305843859911,0.021270520985126495,0.04502741992473602
497,0.02919447049498558,0.024642659351229668,0.025796731933951378
498,0.07222314178943634,0.029438860714435577,0.010732121765613556
499,0.11513126641511917,0.03565797209739685,-0.0001614801585674286
500,0.15790840983390808,0.04329787567257881,-0.0068808309733867645
501,-0.3074316382408142,-0.12731876969337463,0.19911327958106995
502,-0.2530909776687622,-0.13226307928562164,0.1645115166902542
503,-0.19881483912467957,-0.13578484952449799,0.13405723869800568
504,-0.1446065902709961,-0.13787776231765747,0.10775506496429443
505,-0.09047561883926392,-0.13853897154331207,0.08561037480831146
506,-0.036432426422834396,-0.13776737451553345,0.0676279366016388
507,0.017512362450361252,-0.1355632245540619,0.05381201580166817
508,0.07134813070297241,-0.13192805647850037,0.04416639357805252
509,0.12506526708602905,-0.12686513364315033,0.03869330883026123
510,0.178660050034523,-0.1203809455037117,0.037390805780887604
511,-0.3033027648925781,-0.08530416339635849,0.20365484058856964
512,-0.24892058968544006,-0.09007847309112549,0.16790077090263367
513,-0.19460463523864746,-0.09343190491199493,0.13629521429538727
514,-0.14035861194133759,-0.09535767138004303,0.10884266346693039
515,-0.08619131147861481,-0.09585290402173996,0.08554795384407043
516,-0.03211245685815811,-0.09491667151451111,0.06641533970832825
517,0.021868113428354263,-0.09254918992519379,0.051448918879032135
518,0.07574056833982468,-0.08875185996294022,0.040652498602867126
519,0.12949588894844055,-0.08352796733379364,0.034028686583042145
520,0.1831299364566803,-0.07688456773757935,0.03157643973827362
521,-0.2993587255477905,-0.04986683651804924,0.20788773894309998
522,-0.2449388951063156,-0.05447295308113098,0.17098306119441986
523,-0.19058459997177124,-0.057658255100250244,0.13822638988494873
524,-0.13630083203315735,-0.059416867792606354,0.10962291806936264
525,-0.08209628611803055,-0.05974610522389412,0.08517736196517944
526,-0.027980584651231766,-0.05864517763257027,0.06489400565624237
527,0.026036594063043594,-0.0561143159866333,0.048776935786008835
528,0.07994550466537476,-0.0521547794342041,0.03683008253574371
529,0.13373737037181854,-0.04676973074674606,0.029056228697299957
530,0.1874072402715683,-0.03996532782912254,0.025454536080360413
531,-0.29559066891670227,-0.02100851573050022,0.21180707216262817
532,-0.2411368191242218,-0.025448083877563477,0.17375347018241882
533,-0.1867479383945465,-0.028466224670410156,0.13984732329845428
534,-0.13242924213409424,-0.030058078467845917,0.11009404063224792
535,-0.07818979024887085,-0.030221518129110336,0.0844985619187355
536,-0.02403946779668331,-0.028955932706594467,0.0630652979016304
537,0.030011869966983795,-0.026261568069458008,0.045798465609550476
538,0.08395445346832275,-0.02213955670595169,0.032702237367630005
539,0.13777923583984375,-0.01659250445663929,0.023779399693012238
540,0.19148144125938416,-0.009625563398003578,0.019029051065444946
541,-0.2919948101043701,0.0012686685658991337,0.21540936827659607
542,-0.23751087486743927,-0.0030051616486161947,0.17620888352394104
543,-0.1830914169549942,-0.005856853909790516,0.14115537703037262
544,-0.12874194979667664,-0.007282461039721966,0.11025431752204895
545,-0.07447174936532974,-0.007280378602445126,0.08351077139377594
546,-0.020290926098823547,-0.005850239656865597,0.06092926859855652
547,0.033790506422519684,-0.0029923042748123407,0.042514245957136154
548,0.08776255697011948,0.001292508328333497,0.02826998196542263
549,0.14161638915538788,0.007002105005085468,0.01819932460784912
550,0.19534730911254883,0.014132234267890453,0.012301204726099968
551,-0.28857019543647766,0.01696321740746498,0.2186923623085022
552,-0.23406003415584564,0.012854869477450848,0.1783471256494522
553,-0.17961423099040985,0.010169174522161484,0.14214865863323212
554,-0.1252385973930359,0.008909384720027447,0.11010222136974335
555,-0.07094249129295349,0.0090766791254282,0.0822129100561142
556,-0.016736101359128952,0.010671254247426987,0.05848531424999237
557,0.03737061470746994,0.013692821376025677,0.038923922926187515
558,0.09136766940355301,0.018140625208616257,0.023533130064606667
559,0.14524632692337036,0.024012982845306396,0.012315869331359863
560,0.19900217652320862,0.03130636364221573,0.005271146073937416
561,-0.28531742095947266,0.026073956862092018,0.22165459394454956
562,-0.2307848483324051,0.022131072357296944,0.18016687035560608
563,-0.1763170212507248,0.019610989838838577,0.1428259164094925
564,-0.12191984057426453,0.018516553565859795,0.10963661223649979
565,-0.06760267913341522,0.018848728388547897,0.08060389757156372
566,-0.01337561197578907,0.02060757763683796,0.055732376873493195
567,0.04075155407190323,0.023792842403054237,0.035026587545871735
568,0.09476913511753082,0.028403837233781815,0.018490895628929138
569,0.14866846799850464,0.034439101815223694,0.006128370761871338
570,0.2024453580379486,0.04189552366733551,-0.0020617395639419556
571,-0.28223899006843567,0.028599821031093597,0.22429591417312622
572,-0.22768770158290863,0.02482222393155098,0.1816679984331131
573,-0.17320182919502258,0.02246721275150776,0.1431868076324463
574,-0.11878727376461029,0.021537553519010544,0.10885682702064514
575,-0.06445326656103134,0.022034185007214546,0.0786827951669693
576,-0.010209634900093079,0.02395719662308693,0.05266932398080826
577,0.0439339242875576,0.027306292206048965,0.030820921063423157
578,0.09796786308288574,0.032080795615911484,0.013141960836946964
579,0.15188391506671906,0.03827926516532898,-0.00036435481160879135
580,0.20567812025547028,0.045898646116256714,-0.009698502719402313
581,-0.27933967113494873,0.024540141224861145,0.22661761939525604
582,-0.22477324306964874,0.020927147939801216,0.1828518509864807
583,-0.17027299106121063,0.01873634196817875,0.143232524394989
584,-0.11584398150444031,0.017970744520425797,0.10776334255933762
585,-0.06149551272392273,0.01863144151866436,0.07644921541213989
586,-0.00723755918443203,0.020718524232506752,0.04929492622613907
587,0.04691999778151512,0.024231690913438797,0.02630513720214367
588,0.10096755623817444,0.029170187190175056,0.007484303787350655
589,0.15489667654037476,0.03553243726491928,-0.007164185866713524
590,0.20870444178581238,0.04331516847014427,-0.017640819773077965
591,-0.2766289710998535,0.01389472559094429,0.22862449288368225
592,-0.2220509946346283,0.010445130988955498,0.1837235987186432
593,-0.16753801703453064,0.008417760953307152,0.14296701550483704
594,-0.11309462040662766,0.00781569816172123,0.10635852813720703
595,-0.058730825781822205,0.008640119805932045,0.07390380650758743
596,-0.004457373172044754,0.01089128665626049,0.04560830444097519
597,0.04971504583954811,0.014568867161870003,0.021477125585079193
598,0.10377609729766846,0.019671877846121788,0.0015149842947721481
599,0.15771669149398804,0.026198511943221092,-0.014274649322032928
600,0.21153438091278076,0.03414542227983475,-0.02589217759668827
601,-0.35457512736320496,-0.1549079865217209,0.21016982197761536
602,-0.28918927907943726,-0.15954534709453583,0.1706613451242447
603,-0.22387485206127167,-0.1627623587846756,0.13530336320400238
604,-0.15863198041915894,-0.1645517349243164,0.10409925132989883
605,-0.09346805512905121,-0.1649097502231598,0.07705406844615936
606,-0.02839331142604351,-0.16383489966392517,0.054172832518815994
607,0.036581508815288544,-0.16132743656635284,0.035459958016872406
608,0.10144657641649246,-0.15738926827907562,0.020918507128953934
609,0.16619502007961273,-0.15202447772026062,0.010549042373895645
610,0.23082780838012695,-0.14524029195308685,0.004347763955593109
611,-0.3497141897678375,-0.11177180707454681,0.21581700444221497
612,-0.2842905521392822,-0.1162407398223877,0.17515793442726135
613,-0.2189396172761917,-0.11929023265838623,0.138650044798851
614,-0.1536618173122406,-0.12091296166181564,0.10629667341709137
615,-0.08846420049667358,-0.12110528349876404,0.07810243964195251
616,-0.023356303572654724,-0.11986581981182098,0.05407199263572693
617,0.04165182262659073,-0.11719484627246857,0.03420955687761307
618,0.10655086487531662,-0.11309411376714706,0.01851818524301052
619,0.17133451998233795,-0.10756763070821762,0.006998792290687561
620,0.236003577709198,-0.10062271356582642,-0.0003519132733345032
621,-0.3450431525707245,-0.0752168670296669,0.22115668654441833
622,-0.27958375215530396,-0.07951860129833221,0.1793477088212967
623,-0.2141965627670288,-0.08240078389644623,0.14168961346149445
624,-0.1488829404115677,-0.08385694026947021,0.10818611085414886
625,-0.08365001529455185,-0.0838836058974266,0.07884183526039124
626,-0.01850719191133976,-0.08247948437929153,0.05366131290793419
627,0.0465356670320034,-0.0796448290348053,0.03264876455068588
628,0.11146937310695648,-0.07538136839866638,0.01580742932856083
629,0.17628784477710724,-0.0696929544210434,0.003138301894068718
630,0.2409912794828415,-0.06258606165647507,-0.0053616538643836975
631,-0.34055259823799133,-0.045242417603731155,0.22618448734283447
632,-0.27506023645401,-0.049378104507923126,0.18322686851024628
633,-0.20963944494724274,-0.05209369584918022,0.14441969990730286
634,-0.14429205656051636,-0.05338359251618385,0.1097668930888176
635,-0.07902540266513824,-0.053244736045598984,0.07927305996417999
636,-0.013849125243723392,-0.05167597159743309,0.05294298753142357
637,0.051226723939180374,-0.048677559942007065,0.030780978500843048
638,0.11619310081005096,-0.04425114765763283,0.012790343724191189
639,0.18104371428489685,-0.03840011730790138,-0.001027701422572136
640,0.2457789033651352,-0.031130190938711166,-0.010676338337361813
641,-0.33623793721199036,-0.02184945158660412,0.23089735209941864
642,-0.27071598172187805,-0.025819599628448486,0.18679268658161163
643,-0.2052651345729828,-0.028369180858135223,0.1468382626771927
644,-0.1398874819278717,-0.029493184760212898,0.11103775352239609
645,-0.07459061592817307,-0.029189005494117737,0.07939599454402924
646,-0.009384415112435818,-0.02745566889643669,0.051917776465415955
647,0.055721014738082886,-0.024293480440974236,0.02860756777226925
648,0.12071648240089417,-0.01970386877655983,0.009468859061598778
649,0.18559584021568298,-0.013689860701560974,-0.005497087258845568
650,0.2503596246242523,-0.006256496999412775,-0.016293451189994812
651,-0.33209776878356934,-0.005039128940552473,0.23529307544231415
652,-0.2665497660636902,-0.008844031020998955,0.19004328548908234
653,-0.20107272267341614,-0.011227913200855255,0.14894361793994904
654,-0.13566896319389343,-0.012186340056359768,0.1119975820183754
655,-0.07034624367952347,-0.011717060580849648,0.07920987904071808
656,-0.0051144445315003395,-0.009819284081459045,0.05058540403842926
657,0.06001630425453186,-0.006493295542895794,0.026128681376576424
658,0.1250368356704712,-0.0017404153477400541,0.005843335762619972
659,0.1899411976337433,0.0044367145746946335,-0.010269295424222946
660,0.25473010540008545,0.012033618986606598,-0.022212214767932892
661,-0.3281328082084656,0.00518724974244833,0.23937049508094788
662,-0.26256221532821655,0.0015474352985620499,0.19297753274440765
663,-0.19706283509731293,-0.000671028159558773,0.15073470771312714
664,-0.13163715600967407,-0.0014642057940363884,0.11264529079198837
665,-0.0662928968667984,-0.0008300803601741791,0.07871376723051071
666,-0.0010398542508482933,0.001232026144862175,0.04894499108195305
667,0.06411191821098328,0.004721817094832659,0.023343510925769806
668,0.1291535347700119,0.009638059884309769,0.0019130045548081398
669,0.19407908618450165,0.01597835123538971,-0.01534496434032917
670,0.25888946652412415,0.023738741874694824,-0.0284331813454628
671,-0.32434579730033875,0.00882816780358553,0.24312937259674072
672,-0.25875577330589294,0.005353396758437157,0.1955951601266861
673,-0.1932375729084015,0.0032999180257320404,0.15221117436885834
674,-0.127793550491333,0.002671562135219574,0.11298025399446487
675,-0.062431298196315765,0.0034702401608228683,0.07790669053792953
676,0.0028394702821969986,0.005696551874279976,0.046995267271995544
677,0.06800888478755951,0.009350195527076721,0.020250553265213966
678,0.1330679953098297,0.014430012553930283,-0.0023236069828271866
679,0.19801130890846252,0.020933689549565315,-0.02072559855878353
680,0.2628399431705475,0.028857402503490448,-0.0349578931927681
681,-0.32074204087257385,0.005882417783141136,0.24657133221626282
682,-0.25513535737991333,0.002572186291217804,0.19789767265319824
683,-0.18960097432136536,0.0006830692291259766,0.15337413549423218
684,-0.12414064258337021,0.00021899864077568054,0.11300278455018997
685,-0.05876205861568451,0.0011818986386060715,0.07678799331188202
686,0.006524965167045593,0.0035723689943552017,0.04473473131656647
687,0.07171032577753067,0.00739007443189621,0.016847720369696617
688,0.13678498566150665,0.012633830308914185,-0.00686909444630146
689,0.20174333453178406,0.019301317632198334,-0.02641390636563301
690,0.26658740639686584,0.027388617396354675,-0.041789114475250244
691,-0.31733107566833496,-0.0036512650549411774,0.24970126152038574
692,-0.25170958042144775,-0.0067977942526340485,0.1998896598815918
693,-0.18615932762622833,-0.008523199707269669,0.15422670543193817
694,-0.12068188190460205,-0.008823458105325699,0.11271440982818604
695,-0.055285364389419556,-0.007696613669395447,0.07535769045352936
696,0.01001967303454876,-0.005141958594322205,0.04216191545128822
697,0.0752224400639534,-0.0011598877608776093,0.013132259249687195
698,0.14031338691711426,0.004248332232236862,-0.011727124452590942
699,0.2052864283323288,0.011080173775553703,-0.03241422399878502
700,0.27014386653900146,0.019331660121679306,-0.04893144220113754
701,-0.3967072367668152,-0.18814919888973236,0.21718919277191162
702,-0.3202815353870392,-0.19247972965240479,0.1727769672870636
703,-0.24393215775489807,-0.19539089500904083,0.13251763582229614
704,-0.16765783727169037,-0.19687557220458984,0.09641368687152863
705,-0.09146466851234436,-0.19692976772785187,0.0644698292016983
706,-0.015362098813056946,-0.19555169343948364,0.03669096529483795
707,0.0606396310031414,-0.19274157285690308,0.013081356883049011
708,0.1365320086479187,-0.18850164115428925,-0.006356559693813324
709,0.21231062710285187,-0.18283611536026,-0.021623309701681137
710,0.28797897696495056,-0.17575198411941528,-0.032723452895879745
711,-0.39111849665641785,-0.14389275014400482,0.22394375503063202
712,-0.3146582543849945,-0.14805611968040466,0.17838230729103088
713,-0.23827511072158813,-0.15080049633979797,0.1369742453098297
714,-0.1619681566953659,-0.15211907029151917,0.09972196817398071
715,-0.0857432410120964,-0.15200787782669067,0.06662982702255249
716,-0.009609349071979523,-0.1504652351140976,0.03770248219370842
717,0.06642387807369232,-0.14749138057231903,0.012943970039486885
718,0.14234820008277893,-0.14308840036392212,-0.007643185555934906
719,0.21815967559814453,-0.13726051151752472,-0.024059273302555084
720,0.2938617765903473,-0.13001443445682526,-0.036308590322732925
721,-0.3857215940952301,-0.10622097551822662,0.2303904891014099
722,-0.30922746658325195,-0.11021789163351059,0.18368005752563477
723,-0.23281021416187286,-0.11279582232236862,0.1411227583885193
724,-0.15646958351135254,-0.11394838988780975,0.10272131115198135
725,-0.08021128177642822,-0.11367186903953552,0.06847989559173584
726,-0.004044325090944767,-0.11196460574865341,0.0384032167494297
727,0.07202175259590149,-0.10882683843374252,0.012495329603552818
728,0.14797896146774292,-0.10426066070795059,-0.00924130529165268
729,0.2238233983516693,-0.0982699915766716,-0.026806727051734924
730,0.2995584011077881,-0.09086120128631592,-0.04020514339208603
731,-0.3805081844329834,-0.07513146102428436,0.23652639985084534
732,-0.30398234724998474,-0.07896261662244797,0.18866778910160065
733,-0.22753295302391052,-0.08137451112270355,0.1449621021747589
734,-0.15115992724895477,-0.08236135542392731,0.10541193932294846
735,-0.07486943900585175,-0.0819196030497551,0.07002164423465729
736,0.0013295374810695648,-0.08004772663116455,0.03879598528146744
737,0.07742733508348465,-0.07674597203731537,0.011739041656255722
738,0.15341587364673615,-0.07201632857322693,-0.011146444827318192
739,0.2292914241552353,-0.06586258113384247,-0.029860585927963257
740,0.30505743622779846,-0.05829045549035072,-0.044407617300748825
741,-0.3754745125770569,-0.050623830407857895,0.24234932661056519
742,-0.298919677734375,-0.05428963527083397,0.19334378838539124
743,-0.2224409133195877,-0.05653589591383934,0.1484909951686859
744,-0.14603841304779053,-0.05735723301768303,0.10779345035552979
745,-0.06971842795610428,-0.05675038695335388,0.07125553488731384
746,0.006509756203740835,-0.054713957011699677,0.03888200223445892
747,0.08263640850782394,-0.0512482188642025,0.010677134618163109
748,0.15865352749824524,-0.04635502025485039,-0.013356287032365799
749,0.2345573455095291,-0.04003790393471718,-0.03321821242570877
750,0.31035178899765015,-0.032302167266607285,-0.048912908881902695
751,-0.3706190884113312,-0.03269869461655617,0.24785742163658142
752,-0.2940382659435272,-0.0361994244158268,0.19770652055740356
753,-0.21753345429897308,-0.03828029707074165,0.15170827507972717
754,-0.14110493659973145,-0.038936320692300797,0.10986507683992386
755,-0.06475913524627686,-0.03816452622413635,0.07218118011951447
756,0.01149463839828968,-0.03596365451812744,0.03866136074066162
757,0.08764664083719254,-0.03233395889401436,0.009309953078627586
758,0.16368895769119263,-0.027277197688817978,-0.0158701054751873
759,0.23961783945560455,-0.0207966398447752,-0.03687869757413864
760,0.3154374659061432,-0.012897152453660965,-0.05371988192200661
761,-0.3659425377845764,-0.02135731652379036,0.25304967164993286
762,-0.2893388271331787,-0.024693211540579796,0.20175494253635406
763,-0.2128112018108368,-0.026608891785144806,0.1546129733324051
764,-0.13636015355587006,-0.027099838480353355,0.11162587255239487
765,-0.059992194175720215,-0.026163250207901,0.07279772311449051
766,0.0162835530936718,-0.02379801869392395,0.038133252412080765
767,0.09245742112398148,-0.020004427060484886,0.007636822760105133
768,0.1685214787721634,-0.014784084632992744,-0.018688566982746124
769,0.24447230994701385,-0.00814005546271801,-0.04084257781505585
770,0.3203139305114746,-7.67810270190239e-05,-0.05882902815937996
771,-0.3614475131034851,-0.01660154014825821,0.2579258680343628
772,-0.2848235070705414,-0.01977272890508175,0.20548874139785767
773,-0.20827586948871613,-0.02152355946600437,0.15720459818840027
774,-0.1318052113056183,-0.021849660202860832,0.11307510733604431
775,-0.05541784316301346,-0.020748509094119072,0.07310411334037781
776,0.020877070724964142,-0.018219029530882835,0.03729630261659622
777,0.09706994891166687,-0.014261482283473015,0.005656121298670769
778,0.17315301299095154,-0.008877495303750038,-0.021813444793224335
779,0.24912293255329132,-0.0020698513835668564,-0.04511173069477081
780,0.3249838352203369,0.006157182157039642,-0.06424234062433243
781,-0.35713860392570496,-0.018433358520269394,0.2624870538711548
782,-0.28049618005752563,-0.021440135315060616,0.20890891551971436
783,-0.20393049716949463,-0.023026494309306145,0.15948370099067688
784,-0.12744158506393433,-0.023188192397356033,0.1142125129699707
785,-0.05103600025177002,-0.021922707557678223,0.07309927046298981
786,0.025277018547058105,-0.019228994846343994,0.036148734390735626
787,0.10148778557777405,-0.01510738953948021,0.003365408629179001
788,0.17758837342262268,-0.009559428319334984,-0.025247450917959213
789,0.2535754144191742,-0.00258793868124485,-0.049689166247844696
790,0.32945355772972107,0.005802955478429794,-0.06996312737464905
791,-0.35302355885505676,-0.026855003088712692,0.2667371332645416
792,-0.2763635218143463,-0.029697854071855545,0.21201865375041962
793,-0.19977939128875732,-0.031120266765356064,0.16145220398902893
794,-0.12327121198177338,-0.031117931008338928,0.11503873765468597
795,-0.04684579372406006,-0.02968830242753029,0.07278254628181458
796,0.029487058520317078,-0.02683037891983986,0.03468861058354378
797,0.10571709275245667,-0.022544417530298233,0.0007617399096488953
798,0.18183612823486328,-0.01683206856250763,-0.028994552791118622
799,0.25784048438072205,-0.009696263819932938,-0.05457950010895729
800,0.3337348997592926,-0.0011410824954509735,-0.07599624991416931
801,-0.4338367283344269,-0.22704371809959412,0.22017687559127808
802,-0.3463756740093231,-0.23106862604618073,0.17086286842823029
803,-0.2589937746524811,-0.23367390036582947,0.12570349872112274
804,-0.17168961465358734,-0.23485355079174042,0.08470077812671661
805,-0.08446849882602692,-0.23460358381271362,0.04785895720124245
806,0.0026607122272253036,-0.23292231559753418,0.015182886272668839
807,0.0896885022521019,-0.2298099398612976,-0.013323433697223663
808,0.17660745978355408,-0.22526860237121582,-0.037657998502254486
809,0.2634149193763733,-0.21930241584777832,-0.05782192945480347
810,0.3501156270503998,-0.21191731095314026,-0.07381987571716309
811,-0.427523672580719,-0.18166859447956085,0.2280399203300476
812,-0.3400307297706604,-0.1855272799730301,0.17757800221443176
813,-0.2526172995567322,-0.187966451048851,0.13127084076404572
814,-0.1652822643518448,-0.188980370759964,0.08912043273448944
815,-0.07803073525428772,-0.18856531381607056,0.051130831241607666
816,0.009128736332058907,-0.18671949207782745,0.01730668544769287
817,0.09618687629699707,-0.18344315886497498,-0.012348070740699768
818,0.18313653767108917,-0.17873841524124146,-0.03783145919442177
819,0.2699751853942871,-0.17260928452014923,-0.059144433587789536
820,0.35670754313468933,-0.16506125032901764,-0.07629132270812988
821,-0.4214019775390625,-0.14288043975830078,0.2355942726135254
822,-0.3338770866394043,-0.14657311141490936,0.18398423492908478
823,-0.24643176794052124,-0.14884652197360992,0.1365288496017456
824,-0.15906494855880737,-0.14969505369663239,0.09323009848594666
825,-0.07178188115358353,-0.14911501109600067,0.05409201979637146
826,0.015408940613269806,-0.14710460603237152,0.019119231030344963
827,0.10249830037355423,-0.14366407692432404,-0.01168433204293251
828,0.18947909772396088,-0.13879558444023132,-0.038316622376441956
829,0.2763490080833435,-0.13250306248664856,-0.060778457671403885
830,0.36311301589012146,-0.12479192763566971,-0.07907445728778839
831,-0.4154660701751709,-0.11067594587802887,0.24283841252326965
832,-0.3279106616973877,-0.11420287936925888,0.19008085131645203
833,-0.2404346615076065,-0.11631078273057938,0.14147771894931793
834,-0.1530371755361557,-0.11699411273002625,0.09703100472688675
835,-0.06572337448596954,-0.11624911427497864,0.05674470216035843
836,0.02149798721075058,-0.11407411843538284,0.020623527467250824
837,0.10861766338348389,-0.11046938598155975,-0.011328516528010368
838,0.19562846422195435,-0.1054370105266571,-0.03910927474498749
839,0.28252822160720825,-0.09898089617490768,-0.06271955370903015
840,0.3693225681781769,-0.09110642969608307,-0.08216415345668793
841,-0.4097132086753845,-0.08505377918481827,0.24977125227451324
842,-0.32212942838668823,-0.08841533958911896,0.19586698710918427
843,-0.234624981880188,-0.0903579592704773,0.14611710608005524
844,-0.1471988409757614,-0.09087610989809036,0.10052336752414703
845,-0.05985650047659874,-0.08996625989675522,0.059089768677949905
846,0.02739325910806656,-0.08762674033641815,0.02182108163833618
847,0.11454109102487564,-0.08385781943798065,-0.011278616264462471
848,0.20157980918884277,-0.07866157591342926,-0.040207039564847946
849,0.28850728273391724,-0.07204176485538483,-0.06496493518352509
850,0.3753296136856079,-0.06400371342897415,-0.08555722236633301
851,-0.4041425585746765,-0.06601405888795853,0.25639161467552185
852,-0.3165329098701477,-0.06921064853668213,0.20134177803993225
853,-0.22900249063968658,-0.07098814845085144,0.1504463106393814
854,-0.1415504515171051,-0.07134125381708145,0.10370679199695587
855,-0.054182324558496475,-0.07026661932468414,0.0611271858215332
856,0.03309302777051926,-0.06776264309883118,0.022712193429470062
857,0.12026625126600266,-0.06382962316274643,-0.011534003540873528
858,0.20733027160167694,-0.05846951901912689,-0.04160906746983528
859,0.2942829430103302,-0.051685985177755356,-0.06751354038715363
860,0.38113054633140564,-0.04348406568169594,-0.08925226330757141
861,-0.3987547755241394,-0.05355800315737724,0.26269862055778503
862,-0.3111216723918915,-0.05659003555774689,0.20650431513786316
863,-0.22356779873371124,-0.05820256471633911,0.1544644832611084
864,-0.13609255850315094,-0.058390770107507706,0.10658048838376999
865,-0.048701442778110504,-0.05715139955282211,0.06285616010427475
866,0.03859667479991913,-0.05448306351900101,0.023296155035495758
867,0.12579257786273956,-0.05038600042462349,-0.012095360085368156
868,0.21287918090820312,-0.04486210271716118,-0.04331594705581665
869,0.2998546063899994,-0.037914812564849854,-0.07036599516868591
870,0.3867247402667999,-0.029548779129981995,-0.09324993193149567
871,-0.39355167746543884,-0.04768768697977066,0.26869165897369385
872,-0.3058972656726837,-0.050555430352687836,0.21135400235652924
873,-0.21832211315631866,-0.05200321972370148,0.1581708788871765
874,-0.13082578778266907,-0.052026621997356415,0.10914349555969238
875,-0.04341386258602142,-0.050622694194316864,0.06427548825740814
876,0.04390491545200348,-0.047790057957172394,0.023571478202939034
877,0.13112132251262665,-0.043528951704502106,-0.012964364141225815
878,0.2182285040616989,-0.03784126043319702,-0.04532952606678009
879,0.3052244186401367,-0.03073013387620449,-0.07352422177791595
880,0.3921147882938385,-0.022199859842658043,-0.0975523442029953
881,-0.3885365426540375,-0.048405688256025314,0.2743711769580841
882,-0.3008621335029602,-0.051109302788972855,0.21589094400405884
883,-0.21326696872711182,-0.05239259824156761,0.16156528890132904
884,-0.12575064599514008,-0.05225147679448128,0.11139504611492157
885,-0.03831876069307327,-0.05068308487534523,0.06538383662700653
886,0.04901983588933945,-0.04768616333603859,0.023536276072263718
887,0.1362558901309967,-0.04326101019978523,-0.014143407344818115
888,0.22338247299194336,-0.03740931674838066,-0.04765253886580467
889,0.31039756536483765,-0.03013421967625618,-0.07699121534824371
890,0.3973066508769989,-0.021439623087644577,-0.10216295719146729
891,-0.3837145268917084,-0.0557146891951561,0.27973929047584534
892,-0.2960200905799866,-0.05825428292155266,0.22011665999889374
893,-0.20840443670749664,-0.059373512864112854,0.16464823484420776
894,-0.12086720019578934,-0.059068288654088974,0.1133347675204277
895,-0.033414244651794434,-0.05733572691679001,0.06617990881204605
896,0.05394526571035385,-0.05417453497648239,0.023188410326838493
897,0.14120179414749146,-0.04958498105406761,-0.01563536375761032
898,0.22834821045398712,-0.043568894267082214,-0.05028850585222244
899,0.3153824806213379,-0.03612939640879631,-0.08077099919319153
900,0.40231025218963623,-0.02727041393518448,-0.10708628594875336
901,-0.4659753143787384,-0.2715946137905121,0.21913836896419525
902,-0.3674830198287964,-0.27531495690345764,0.16492429375648499
903,-0.26906996965408325,-0.2776142656803131,0.1148654967546463
904,-0.1707349419593811,-0.2784883677959442,0.06896351277828217
905,-0.07248315215110779,-0.2779339551925659,0.02722267061471939
906,0.025676151737570763,-0.2759494185447693,-0.010351885110139847
907,0.1237330213189125,-0.2725349962711334,-0.0437559075653553
908,0.2216801643371582,-0.2676927149295807,-0.07298754155635834
909,0.31951582431793213,-0.26142603158950806,-0.09804829210042953
910,0.41724494099617004,-0.25373899936676025,-0.11894248425960541
911,-0.45893988013267517,-0.22510240972042084,0.2281104475259781
912,-0.3604177236557007,-0.22865697741508484,0.17274947464466095
913,-0.2619749903678894,-0.230790913105011,0.12154367566108704
914,-0.16361063718795776,-0.23149994015693665,0.07449457049369812
915,-0.06532971560955048,-0.23078075051307678,0.03160642459988594
916,0.03285878896713257,-0.22863167524337769,-0.0071158260107040405
917,0.13094517588615417,-0.22505292296409607,-0.04166801646351814
918,0.22892215847969055,-0.22004669904708862,-0.07204825431108475
919,0.32678791880607605,-0.21361637115478516,-0.09825782477855682
920,0.42454737424850464,-0.20576605200767517,-0.12030097842216492
921,-0.45209354162216187,-0.18519756197929382,0.23677247762680054
922,-0.35354161262512207,-0.1885862797498703,0.18026460707187653
923,-0.25506919622421265,-0.1905549317598343,0.12791156768798828
924,-0.15667514503002167,-0.1910991668701172,0.07971502840518951
925,-0.05836459994316101,-0.19021525979042053,0.035679176449775696
926,0.03985341638326645,-0.18790164589881897,-0.004191011190414429
927,0.13796931505203247,-0.1841585338115692,-0.03989141434431076
928,0.23597589135169983,-0.1789879947900772,-0.07142007350921631
929,0.3338712453842163,-0.17239385843276978,-0.09877818077802658
930,0.431660920381546,-0.16438034176826477,-0.12197041511535645
931,-0.44543424248695374,-0.15187691152095795,0.24512475728988647
932,-0.34685376286506653,-0.1550997793674469,0.1874704211950302
933,-0.24835258722305298,-0.15690337121486664,0.13397052884101868
934,-0.14992950856685638,-0.15728263556957245,0.08462671935558319
935,-0.05158991366624832,-0.1562340408563614,0.03944331407546997
936,0.04665710777044296,-0.15375588834285736,-0.0015746820718050003
937,0.14480188488960266,-0.14984838664531708,-0.03842306137084961
938,0.24283716082572937,-0.14451371133327484,-0.07109978049993515
939,0.3407610058784485,-0.1377556174993515,-0.09960600733757019
940,0.43857958912849426,-0.12957893311977386,-0.12394675612449646
941,-0.4389614164829254,-0.1251390427350998,0.2531675100326538
942,-0.34035372734069824,-0.12819646298885345,0.19436712563037872
943,-0.2418251782655716,-0.12983496487140656,0.1397208869457245
944,-0.1433745175600052,-0.13004936277866364,0.08923040330410004
945,-0.04500726982951164,-0.12883612513542175,0.042899977415800095
946,0.053267303854227066,-0.12619344890117645,0.0007347585633397102
947,0.15143945813179016,-0.12212155759334564,-0.0372609868645668
948,0.24950192868709564,-0.11662276834249496,-0.0710851401090622
949,0.34745272994041443,-0.10970078408718109,-0.10073882341384888
950,0.4452987015247345,-0.10136058181524277,-0.1262272149324417
951,-0.43267539143562317,-0.10498402267694473,0.26090046763420105
952,-0.3340418338775635,-0.10787661373615265,0.20095430314540863
953,-0.2354874461889267,-0.10935028642416,0.14516228437423706
954,-0.13701097667217255,-0.10939989984035492,0.09352585673332214
955,-0.03861800953745842,-0.10802198946475983,0.046049270778894424
956,0.05968216806650162,-0.10521483421325684,0.0027376627549529076
957,0.1578797698020935,-0.10097870230674744,-0.03640463948249817
958,0.2559676170349121,-0.09531579166650772,-0.07137541472911835
959,0.35394376516342163,-0.08822976052761078,-0.10217569768428802
960,0.45181506872177124,-0.07972554117441177,-0.12881051003932953
961,-0.4265766441822052,-0.09141325950622559,0.2683226764202118
962,-0.3279187083244324,-0.0941416546702385,0.20723116397857666
963,-0.22934001684188843,-0.09545072168111801,0.15029391646385193
964,-0.1308394819498062,-0.09533559530973434,0.09751231968402863
965,-0.032422736287117004,-0.09379306435585022,0.048890452831983566
966,0.06590105593204498,-0.09082148969173431,0.00443336833268404
967,0.16412222385406494,-0.0864211842417717,-0.03585462272167206
968,0.2622336149215698,-0.08059418946504593,-0.07197120040655136
969,0.36023348569869995,-0.07334396988153458,-0.10391722619533539
970,0.4581281244754791,-0.0646752119064331,-0.13169726729393005
971,-0.4206661581993103,-0.08442902565002441,0.2754330635070801
972,-0.321985125541687,-0.08699358999729156,0.21319666504859924
973,-0.22338345646858215,-0.08813808858394623,0.15511482954025269
974,-0.12486033141613007,-0.0878584235906601,0.10118874907493591
975,-0.026421235874295235,-0.08615133911371231,0.051422297954559326
976,0.07192473858594894,-0.08301541954278946,0.005820440128445625
977,0.1701679825782776,-0.07845091819763184,-0.03561248630285263
978,0.26830142736434937,-0.07245977222919464,-0.07287411391735077
979,0.36632341146469116,-0.06504543125629425,-0.10596513748168945
980,0.46423983573913574,-0.056211814284324646,-0.13488958775997162
981,-0.41494494676589966,-0.08403380215167999,0.2822307050228119
982,-0.3162418603897095,-0.08643455803394318,0.2188500463962555
983,-0.2176181972026825,-0.0874147117137909,0.1596241593360901
984,-0.11907322704792023,-0.0869705006480217,0.1045539528131485
985,-0.020612357184290886,-0.08509904891252518,0.053643226623535156
986,0.07775528728961945,-0.08179879933595657,0.0068969205021858215
987,0.17601998150348663,-0.07707000523805618,-0.035680558532476425
988,0.27417463064193726,-0.07091476023197174,-0.0740867480635643
989,0.37221765518188477,-0.06333614885807037,-0.10832221806049347
990,0.47015446424484253,-0.05433773621916771,-0.13839052617549896
991,-0.40941449999809265,-0.09022994339466095,0.288715660572052
992,-0.3106895387172699,-0.09246684610843658,0.2241910696029663
993,-0.21204382181167603,-0.09328292310237885,0.16382117569446564
994,-0.11347659677267075,-0.09267456084489822,0.10760676860809326
995,-0.014993464574217796,-0.09063887596130371,0.055551644414663315
996,0.08339615166187286,-0.08717429637908936,0.007660839706659317
997,0.181682288646698,-0.08228112012147903,-0.03606107458472252
998,0.279857873916626,-0.0759613960981369,-0.07561162114143372
999,0.3779214024543762,-0.06821824610233307,-0.11099130660295486
1000,0.47587844729423523,-0.059055160731077194,-0.14220353960990906
