1,-0.16809312999248505,-0.465278685092926,-0.24932163953781128
2,-0.09439493715763092,-0.3963945508003235,-0.21491220593452454
3,-0.027445437386631966,-0.3315737545490265,-0.1790497750043869
4,0.03274887800216675,-0.27077406644821167,-0.14172996580600739
5,0.08619924634695053,-0.21398724615573883,-0.10294845700263977
6,0.1329105943441391,-0.16120891273021698,-0.06270287930965424
7,0.1728857308626175,-0.11243737488985062,-0.020990608260035515
8,0.20612582564353943,-0.06767205148935318,0.022192085161805153
9,0.23263122141361237,-0.026910440996289253,0.06685160100460052
10,0.2523914575576782,0.009843493811786175,0.11299359053373337
11,-0.19395408034324646,-0.4396926462650299,-0.23566102981567383
12,-0.11855459213256836,-0.3769572973251343,-0.20075275003910065
13,-0.04990445822477341,-0.3182758390903473,-0.16438987851142883
14,0.01199252624064684,-0.26361462473869324,-0.12656988203525543
15,0.06714554131031036,-0.21296627819538116,-0.08728879690170288
16,0.11555951088666916,-0.1663266271352768,-0.04654405266046524
17,0.1572374403476715,-0.12369366735219955,-0.0043328553438186646
18,0.19218063354492188,-0.08506672084331512,0.039348430931568146
19,0.22038929164409637,-0.05044383183121681,0.08450490236282349
20,0.24185308814048767,-0.019832514226436615,0.1311442255973816
21,-0.22361215949058533,-0.4154563248157501,-0.22189846634864807
22,-0.14650510251522064,-0.3588571846485138,-0.18648773431777954
23,-0.07615316659212112,-0.30630889534950256,-0.14962376654148102
24,-0.012555214576423168,-0.2577815055847168,-0.11130310595035553
25,0.044298142194747925,-0.2132674604654312,-0.0715220719575882
26,0.09441205114126205,-0.17276249825954437,-0.03027772530913353
27,0.13778984546661377,-0.136264368891716,0.012432985007762909
28,0.17443297803401947,-0.10377231240272522,0.056613847613334656
29,0.20434147119522095,-0.0752851739525795,0.10227027535438538
30,0.22750577330589294,-0.050810933113098145,0.1494121551513672
31,-0.25705912709236145,-0.39252179861068726,-0.20802545547485352
32,-0.1782497763633728,-0.3420614004135132,-0.172113835811615
33,-0.10619774460792542,-0.29564720392227173,-0.13474950194358826
34,-0.04090036824345589,-0.25325343012809753,-0.09592884033918381
35,0.017652098089456558,-0.2148730307817459,-0.05564817786216736
36,0.0694650262594223,-0.18050183355808258,-0.013904551975429058
37,0.11454188078641891,-0.15013761818408966,0.029305240139365196
38,0.15288421511650085,-0.1237797886133194,0.07398510724306107
39,0.18449193239212036,-0.1014275774359703,0.12014065682888031
40,0.20935580134391785,-0.08309037238359451,0.16778215765953064
41,-0.2942962646484375,-0.37088674306869507,-0.19404014945030212
42,-0.21378764510154724,-0.3265664577484131,-0.15762867033481598
43,-0.1400379091501236,-0.2862876355648041,-0.11976484954357147
44,-0.0730431005358696,-0.25002816319465637,-0.08044496178627014
45,-0.012793103232979774,-0.2177816480398178,-0.03966539353132248
46,0.04071758687496185,-0.18954424560070038,0.002576818224042654
47,0.08749253302812576,-0.16531386971473694,0.04628492519259453
48,0.1275332272052765,-0.14509005844593048,0.09146291017532349
49,0.16083955764770508,-0.1288727968931198,0.1381165236234665
50,0.18740227818489075,-0.11667262762784958,0.18625617027282715
51,-0.33532625436782837,-0.35054993629455566,-0.1799418330192566
52,-0.2531205713748932,-0.31237107515335083,-0.14303113520145416
53,-0.1776752769947052,-0.27822867035865784,-0.10466860234737396
54,-0.10898501425981522,-0.2481042891740799,-0.06485024094581604
55,-0.047039151191711426,-0.22199241816997528,-0.02357255294919014
56,0.00816804077476263,-0.19988922774791718,0.019167423248291016
57,0.0566401444375515,-0.18179285526275635,0.06337295472621918
58,0.09837862849235535,-0.1677030771970749,0.10904806852340698
59,0.13338318467140198,-0.15762074291706085,0.15619872510433197
60,0.1616445779800415,-0.15155749022960663,0.20483550429344177
61,-0.38015133142471313,-0.33151137828826904,-0.16572964191436768
62,-0.2962508797645569,-0.2994750142097473,-0.12832029163837433
63,-0.21911239624023438,-0.2714701294898987,-0.08945969492197037
64,-0.14872875809669495,-0.2474820464849472,-0.04914360120892525
65,-0.08508861809968948,-0.2275054007768631,-0.0073685357347130775
66,-0.02818615734577179,-0.2115369588136673,0.035868410021066666
67,0.02198224887251854,-0.19957496225833893,0.08057047426700592
68,0.06541801989078522,-0.19161944091320038,0.1267417073249817
69,0.10212071239948273,-0.18767182528972626,0.1743883490562439
70,0.13208059966564178,-0.18774531781673431,0.22352108359336853
71,-0.4287739098072052,-0.31377121806144714,-0.15140223503112793
72,-0.34318193793296814,-0.28787878155708313,-0.11349514126777649
73,-0.2643532454967499,-0.2660127580165863,-0.07413719594478607
74,-0.19227829575538635,-0.24816186726093292,-0.0333239808678627
75,-0.1269453912973404,-0.2343214601278305,0.008947816677391529
76,-0.0683487206697464,-0.2244885116815567,0.0526810884475708
77,-0.016484763473272324,-0.21866144239902496,0.09787894785404205
78,0.02864784747362137,-0.21684041619300842,0.14454533159732819
79,0.06704854965209961,-0.21902748942375183,0.19268667697906494
80,0.09870648384094238,-0.2252376228570938,0.24231383204460144
81,-0.4812024235725403,-0.2973288595676422,-0.1369577944278717
82,-0.3939231336116791,-0.27758270502090454,-0.09855514764785767
83,-0.313406378030777,-0.26185694336891174,-0.05870030075311661
84,-0.23964153230190277,-0.2501446306705475,-0.017390336841344833
85,-0.17261654138565063,-0.24244169890880585,0.02537797950208187
86,-0.11232598125934601,-0.23874540627002716,0.06960742175579071
87,-0.058766745030879974,-0.2390543520450592,0.11530080437660217
88,-0.011937333270907402,-0.24336859583854675,0.16246184706687927
89,0.028161631897091866,-0.25169047713279724,0.21109677851200104
90,0.061515647917985916,-0.2640378475189209,0.26121607422828674
91,-0.5374636054039001,-0.28218942880630493,-0.12240735441446304
92,-0.44848552346229553,-0.2685891389846802,-0.08350521326065063
93,-0.3662804365158081,-0.259004682302475,-0.04315086826682091
94,-0.29082581400871277,-0.2534332275390625,-0.0013430225662887096
95,-0.2221091389656067,-0.2518705129623413,0.04192274808883667
96,-0.1601254791021347,-0.2543138265609741,0.08664935827255249
97,-0.10487198829650879,-0.26076197624206543,0.13283945620059967
98,-0.05634673312306404,-0.2712147533893585,0.1804964393377304
99,-0.014548380859196186,-0.28567421436309814,0.22962722182273865
100,0.020500242710113525,-0.3041653335094452,0.2802455425262451
101,-0.21942748129367828,-0.42304620146751404,-0.2703971862792969
102,-0.13589243590831757,-0.35296133160591125,-0.23402781784534454
103,-0.05912449210882187,-0.28698956966400146,-0.19619864225387573
104,0.010856644250452518,-0.22507113218307495,-0.15691201388835907
105,0.07406550645828247,-0.16718797385692596,-0.11616023629903793
106,0.1305118054151535,-0.11333111673593521,-0.07393838465213776
107,0.1802014261484146,-0.06349693983793259,-0.0302408579736948
108,0.22313663363456726,-0.01768489181995392,0.014939693734049797
109,0.25931695103645325,0.024108143523335457,0.061612166464328766
110,0.2887125015258789,0.0618622824549675,0.10978297144174576
111,-0.2468688040971756,-0.401889830827713,-0.2546005845069885
112,-0.16161520779132843,-0.3379785120487213,-0.2177247703075409
113,-0.08313040435314178,-0.27816879749298096,-0.1793891042470932
114,-0.011431860737502575,-0.22241093218326569,-0.13959693908691406
115,0.053493842482566833,-0.17068815231323242,-0.09834140539169312
116,0.11165677756071091,-0.12299161404371262,-0.05561695247888565
117,0.16306360065937042,-0.07931725680828094,-0.011417414993047714
118,0.2077171504497528,-0.03966362029314041,0.03426452726125717
119,0.24561640620231628,-0.004029298201203346,0.08143747597932816
120,0.2767326533794403,0.027564188465476036,0.1301087737083435
121,-0.27810490131378174,-0.3821185827255249,-0.2386973351240158
122,-0.19113093614578247,-0.32436782121658325,-0.2013131082057953
123,-0.11093217134475708,-0.27071118354797363,-0.16247108578681946
124,-0.037520408630371094,-0.22110655903816223,-0.12217307835817337
125,0.029117798432707787,-0.17553740739822388,-0.08041291683912277
126,0.08899277448654175,-0.1339949369430542,-0.037184737622737885
127,0.14211159944534302,-0.09647461771965027,0.007517979480326176
128,0.18847721815109253,-0.06297517567873001,0.05370279401540756
129,0.22808775305747986,-0.03349694609642029,0.10137899219989777
130,0.26091691851615906,-0.008059663698077202,0.15055517852306366
131,-0.3131307363510132,-0.36366337537765503,-0.22268418967723846
132,-0.22444218397140503,-0.31207457184791565,-0.18479324877262115
133,-0.14253245294094086,-0.2645720839500427,-0.1454455405473709
134,-0.06741111725568771,-0.2211199551820755,-0.10464265197515488
135,0.0009363188873976469,-0.181703120470047,-0.06237851828336716
136,0.06252052634954453,-0.1463128924369812,-0.018647272139787674
137,0.1173487976193428,-0.11494479328393936,0.026557844132184982
138,0.16542404890060425,-0.08759783208370209,0.07324466109275818
139,0.20674416422843933,-0.06427329033613205,0.12142299860715866
140,0.2412833273410797,-0.044991426169872284,0.1711016446352005
141,-0.3519408106803894,-0.3465106189250946,-0.20655493438243866
142,-0.26154470443725586,-0.30108678340911865,-0.16815967857837677
143,-0.17792977392673492,-0.2597409784793854,-0.1283082216978073
144,-0.10110386461019516,-0.2224431186914444,-0.08700212091207504
145,-0.031051527708768845,-0.1891794502735138,-0.044235698878765106
146,0.03223832696676254,-0.15994173288345337,-3.0817463994026184e-06
147,0.08877309411764145,-0.13472582399845123,0.04570259526371956
148,0.13855551183223724,-0.11353101581335068,0.09288932383060455
149,0.18158307671546936,-0.09635985642671585,0.14156736433506012
150,0.21782976388931274,-0.08323391526937485,0.19174550473690033
151,-0.3945389986038208,-0.3306572139263153,-0.19030781090259552
152,-0.30244091153144836,-0.2914009094238281,-0.1514097899198532
153,-0.21712656319141388,-0.25621458888053894,-0.11105634272098541
154,-0.13860148191452026,-0.2250731736421585,-0.06924896687269211
155,-0.06684884428977966,-0.19796419143676758,-0.025982193648815155
156,-0.0018571354448795319,-0.17488005757331848,0.018749766051769257
157,0.056381113827228546,-0.15581683814525604,0.06495379656553268
158,0.10786847770214081,-0.14077430963516235,0.11263802647590637
159,0.1526019275188446,-0.12975642085075378,0.16181324422359467
160,0.19055472314357758,-0.12278623133897781,0.21248860657215118
161,-0.44093000888824463,-0.31610316038131714,-0.17394085228443146
162,-0.3471358120441437,-0.28301677107810974,-0.1345413774251938
163,-0.2601282000541687,-0.2539927363395691,-0.09368768334388733
164,-0.17990942299365997,-0.22901003062725067,-0.05138082802295685
165,-0.1064610704779625,-0.20805764198303223,-0.007615606300532818
166,-0.039771221578121185,-0.19112840294837952,0.03761366754770279
167,0.020167643204331398,-0.17821867763996124,0.08431383222341537
168,0.07335792481899261,-0.1693287193775177,0.13249315321445465
169,0.11979596316814423,-0.1644638627767563,0.18216292560100555
170,0.159453883767128,-0.16364902257919312,0.23333291709423065
171,-0.491119921207428,-0.30284953117370605,-0.15745197236537933
172,-0.3956378102302551,-0.2759361267089844,-0.11755295097827911
173,-0.30694344639778137,-0.25307697057724,-0.07620058953762054
174,-0.2250361293554306,-0.23425543308258057,-0.03339581936597824
175,-0.14989615976810455,-0.219461590051651,0.010866316966712475
176,-0.08151142299175262,-0.20868882536888123,0.05659133940935135
177,-0.019874462857842445,-0.20193374156951904,0.10378587990999222
178,0.035016875714063644,-0.19919690489768982,0.15245813131332397
179,0.08315813541412354,-0.2004849910736084,0.20261967182159424
180,0.1245194599032402,-0.20582522451877594,0.25428086519241333
181,-0.5451313257217407,-0.29089924693107605,-0.140842467546463
182,-0.44796639680862427,-0.2701616585254669,-0.10044556111097336
183,-0.35758817195892334,-0.25346997380256653,-0.05859510973095894
184,-0.2739955484867096,-0.24081194400787354,-0.015292876400053501
185,-0.19716627895832062,-0.2321789562702179,0.029465753585100174
186,-0.12708830833435059,-0.22756490111351013,0.07568620145320892
187,-0.06375472247600555,-0.22696663439273834,0.12337467074394226
188,-0.007163355126976967,-0.23038449883460999,0.17253901064395905
189,0.04268064722418785,-0.23782630264759064,0.223191499710083
190,0.08574293553829193,-0.24932262301445007,0.2753416895866394
191,-0.6029840111732483,-0.2802593410015106,-0.12412524968385696
192,-0.5041301250457764,-0.26569804549217224,-0.08322759717702866
193,-0.4120706617832184,-0.2551754415035248,-0.04087696969509125
194,-0.32679474353790283,-0.24868395924568176,0.0029241666197776794
195,-0.24827717244625092,-0.24621550738811493,0.048180900514125824
196,-0.17650768160820007,-0.24776439368724823,0.09489872306585312
197,-0.11148012429475784,-0.2533276677131653,0.14308327436447144
198,-0.05319187045097351,-0.2629053592681885,0.19274169206619263
199,-0.001647978089749813,-0.27650588750839233,0.24388720095157623
200,0.04311013221740723,-0.29416608810424805,0.29653191566467285
201,-0.26572707295417786,-0.3786274790763855,-0.2924971282482147
202,-0.1724654734134674,-0.3075067102909088,-0.25421181321144104
203,-0.08595503866672516,-0.24046733975410461,-0.21444332599639893
204,-0.006224822252988815,-0.17748865485191345,-0.17320585250854492
205,0.06672380864620209,-0.11855746805667877,-0.13049627840518951
206,0.13289549946784973,-0.06366715580224991,-0.08631080389022827
207,0.19229340553283691,-0.012815218418836594,-0.04064485430717468
208,0.2449171096086502,0.033997900784015656,0.006506290286779404
209,0.29075953364372253,0.0767703428864479,0.05514441430568695
210,0.32978424429893494,0.11547398567199707,0.10526801645755768
211,-0.29469314217567444,-0.3619886040687561,-0.2745818495750427
212,-0.19969961047172546,-0.2970390319824219,-0.23578201234340668
213,-0.11145960539579391,-0.23616941273212433,-0.19550350308418274
214,-0.03000444918870926,-0.17936086654663086,-0.15375803411006927
215,0.044667117297649384,-0.12659993767738342,-0.11054288595914841
216,0.11256121098995209,-0.07787927985191345,-0.06585332006216049
217,0.17368242144584656,-0.033195611089468,-0.019683945924043655
218,0.22803126275539398,0.0074515268206596375,0.027970723807811737
219,0.275600790977478,0.04405922442674637,0.07711437344551086
220,0.3163563311100006,0.07660508155822754,0.12774229049682617
221,-0.3274534046649933,-0.34670794010162354,-0.2565414309501648
222,-0.23074182868003845,-0.28793326020240784,-0.21723245084285736
223,-0.140781968832016,-0.23323121666908264,-0.1764458417892456
224,-0.05760658532381058,-0.18258914351463318,-0.1341925412416458
225,0.018785003572702408,-0.13599459826946259,-0.09047063440084457
226,0.0883990079164505,-0.09344016760587692,-0.0452754981815815
227,0.15124018490314484,-0.054922256618738174,0.001398533582687378
228,0.2073088139295578,-0.020440636202692986,0.04955722391605377
229,0.25659677386283875,0.010000459849834442,0.09920452535152435
230,0.29907143115997314,0.03638361021876335,0.150332972407341
231,-0.36401715874671936,-0.33275648951530457,-0.23838746547698975
232,-0.2655886113643646,-0.28015565872192383,-0.19857017695903778
233,-0.1739126592874527,-0.23162192106246948,-0.15727585554122925
234,-0.08902165293693542,-0.18714618682861328,-0.11451541632413864
235,-0.01091420091688633,-0.14671730995178223,-0.07028739899396896
236,0.06041599065065384,-0.11032810807228088,-0.024587316438555717
237,0.12497363984584808,-0.07797488570213318,0.022590629756450653
238,0.18275871872901917,-0.04965762794017792,0.07125242799520493
239,0.2337624728679657,-0.025380922481417656,0.12140234559774399
240,0.27795279026031494,-0.005160704255104065,0.17303234338760376
241,-0.40437158942222595,-0.3201151490211487,-0.2201150506734848
242,-0.3042324185371399,-0.273690402507782,-0.17979173362255096
243,-0.21084684133529663,-0.23132772743701935,-0.13799141347408295
244,-0.12424644082784653,-0.1930205225944519,-0.09472563862800598
245,-0.04442886263132095,-0.15875878930091858,-0.04999339208006859
246,0.02861252799630165,-0.12853550910949707,-0.0037903212942183018
247,0.09488244354724884,-0.10234715044498444,0.043889377266168594
248,0.1543804407119751,-0.08019392937421799,0.09305191040039062
249,0.2070970982313156,-0.06208115071058273,0.14370201528072357
250,0.25299936532974243,-0.04802484065294266,0.19583161175251007
251,-0.448515921831131,-0.3087785840034485,-0.20172210037708282
252,-0.34667253494262695,-0.2685324549674988,-0.1608944982290268
253,-0.2515847384929657,-0.23234395682811737,-0.11859025061130524
254,-0.16328208148479462,-0.20020797848701477,-0.0748213678598404
255,-0.08176080137491226,-0.17211541533470154,-0.029587237164378166
256,-0.007013765163719654,-0.1480594277381897,0.017116285860538483
257,0.06096380949020386,-0.1280367076396942,0.0652950331568718
258,0.1221710667014122,-0.11204767972230911,0.11495542526245117
259,0.1765977293252945,-0.10009867697954178,0.16610275208950043
260,0.22420933842658997,-0.09220640361309052,0.2187296599149704
261,-0.49645358324050903,-0.298746258020401,-0.18320730328559875
262,-0.3929133117198944,-0.2646811902523041,-0.14187686145305634
263,-0.2961309254169464,-0.23466983437538147,-0.09907064586877823
264,-0.2061331868171692,-0.208707794547081,-0.05480087175965309
265,-0.12291466444730759,-0.1867865025997162,-0.0090672317892313
266,-0.04646746814250946,-0.16889935731887817,0.03813422471284866
267,0.02321319840848446,-0.1550430804491043,0.08680931478738785
268,0.0861261636018753,-0.14521856606006622,0.13696470856666565
269,0.14226014912128448,-0.1394331455230713,0.18860627710819244
270,0.19157908856868744,-0.13770440220832825,0.24172773957252502
271,-0.54819256067276,-0.2900201082229614,-0.1645708829164505
272,-0.4429638683795929,-0.2621385157108307,-0.12273875623941422
273,-0.34449368715286255,-0.238306924700737,-0.07943226397037506
274,-0.2528071403503418,-0.2185211032629013,-0.03466339781880379
275,-0.16789692640304565,-0.20277296006679535,0.01156789343804121
276,-0.0897543728351593,-0.1910560578107834,0.0592653714120388
277,-0.018374666571617126,-0.18336725234985352,0.1084347516298294
278,0.04624076187610626,-0.1797076165676117,0.15908282995224
279,0.10407953709363937,-0.1800856590270996,0.21121610701084137
280,0.15510384738445282,-0.18451961874961853,0.26482900977134705
281,-0.6037520170211792,-0.28260481357574463,-0.14581872522830963
282,-0.49683889746665955,-0.26090770959854126,-0.10348398983478546
283,-0.3966839909553528,-0.2432575225830078,-0.05967788025736809
284,-0.30331265926361084,-0.2296494096517563,-0.014410605654120445
285,-0.21671417355537415,-0.2200758159160614,0.03231777623295784
286,-0.13687929511070251,-0.21453067660331726,0.08051086962223053
287,-0.06380343437194824,-0.21301081776618958,0.13017407059669495
288,0.00251164473593235,-0.21551743149757385,0.18131425976753235
289,0.062052901834249496,-0.22205984592437744,0.23393888771533966
290,0.1147824227809906,-0.23265598714351654,0.28804248571395874
291,-0.6631107330322266,-0.2764993906021118,-0.12695413827896118
292,-0.5545308589935303,-0.26098906993865967,-0.08412052690982819
293,-0.45269855856895447,-0.24952048063278198,-0.03981723636388779
294,-0.35764551162719727,-0.24209018051624298,0.005948442965745926
295,-0.2693597078323364,-0.23869173228740692,0.053175099194049835
296,-0.1878337562084198,-0.2393195778131485,0.10186566412448883
297,-0.11306452751159668,-0.24397073686122894,0.15202465653419495
298,-0.0450548492372036,-0.2526462972164154,0.20365789532661438
299,0.016179123893380165,-0.2653568983078003,0.2567727863788605
300,0.07060404866933823,-0.2821146547794342,0.3113611042499542
301,-0.3071337342262268,-0.33215275406837463,-0.3157190978527069
302,-0.20416519045829773,-0.2600547671318054,-0.27551430463790894
303,-0.10794320702552795,-0.1920081377029419,-0.2338193953037262
304,-0.018492260947823524,-0.1280151903629303,-0.19064368307590485
305,0.06417708098888397,-0.06807360053062439,-0.14598888158798218
306,0.14006160199642181,-0.012181878089904785,-0.09985364973545074
307,0.2091592252254486,0.03965990990400314,-0.05223625898361206
308,0.2714652717113495,0.08745013922452927,-0.003136076033115387
309,0.32696834206581116,0.13118399679660797,0.04744438827037811
310,0.3756455183029175,0.17084841430187225,0.09949872642755508
311,-0.3375868797302246,-0.3200622797012329,-0.2956746816635132
312,-0.23288391530513763,-0.2541343569755554,-0.25495389103889465
313,-0.13492996990680695,-0.19226086139678955,-0.21274764835834503
314,-0.043752528727054596,-0.13444307446479797,-0.16906364262104034
315,0.04064036160707474,-0.08067719638347626,-0.12390287220478058
316,0.11824772506952286,-0.03096037730574608,-0.0772632285952568
317,0.18906912207603455,0.01470847800374031,-0.029141999781131744
318,0.253101110458374,0.05632837116718292,0.02046271227300167
319,0.3103329539299011,0.0938953310251236,0.07154960930347443
320,0.36074215173721313,0.1274011731147766,0.12410937249660492
321,-0.37185150384902954,-0.30930885672569275,-0.27550262212753296
322,-0.2654288113117218,-0.24955949187278748,-0.23427188396453857
323,-0.16575132310390472,-0.19386078417301178,-0.1915561705827713
324,-0.07285004109144211,-0.14221681654453278,-0.14736348390579224
325,0.013266184367239475,-0.09462469816207886,-0.1016952320933342
326,0.09259670972824097,-0.05108112469315529,-0.054549410939216614
327,0.16514144837856293,-0.011584550142288208,-0.0059229061007499695
328,0.2308967262506485,0.023864153772592545,0.04418652877211571
329,0.28985121846199036,0.05526142567396164,0.09577722102403641
330,0.3419826030731201,0.0826016217470169,0.14883744716644287
331,-0.4099261164665222,-0.2998829185962677,-0.2552099823951721
332,-0.3017873167991638,-0.24631327390670776,-0.21347150206565857
333,-0.20039202272891998,-0.1967911720275879,-0.17024748027324677
334,-0.10577207803726196,-0.15132224559783936,-0.12554696202278137
335,-0.01793651282787323,-0.1099044606089592,-0.0793718546628952
336,0.06311385333538055,-0.07253430038690567,-0.0317203626036644
337,0.1373787522315979,-0.03921008110046387,0.017410578206181526
338,0.20485390722751617,-0.009932678192853928,0.06802336126565933
339,0.2655273675918579,0.015294536016881466,0.12011624127626419
340,0.3193763494491577,0.03646665811538696,0.1736769825220108
341,-0.45180171728134155,-0.29177325963974,-0.23479680716991425
342,-0.3419511914253235,-0.24438488483428955,-0.19255226850509644
343,-0.2388443946838379,-0.20104192197322845,-0.1488216072320938
344,-0.14251235127449036,-0.16175055503845215,-0.10361487418413162
345,-0.05296361446380615,-0.12650883197784424,-0.056934647262096405
346,0.029801173135638237,-0.09531330317258835,-0.008779442869126797
347,0.10578151047229767,-0.06816206872463226,0.040853824466466904
348,0.17497262358665466,-0.04505603760480881,0.09196769446134567
349,0.2373616099357605,-0.02599889039993286,0.14456070959568024
350,0.29292455315589905,-0.010996098630130291,0.19862113893032074
351,-0.4974735379219055,-0.28497427701950073,-0.2142619639635086
352,-0.3859172463417053,-0.24376913905143738,-0.17151296138763428
353,-0.2811063528060913,-0.2066081017255783,-0.12727750837802887
354,-0.18306979537010193,-0.1734970211982727,-0.08156674355268478
355,-0.09181498736143112,-0.14443358778953552,-0.03438377380371094
356,-0.007342107594013214,-0.11941417306661606,0.014272608794271946
357,0.07034830749034882,-0.09843674302101135,0.06440545618534088
358,0.14125099778175354,-0.08150234818458557,0.11601758748292923
359,0.20535197854042053,-0.06861525774002075,0.16910815238952637
360,0.2626255750656128,-0.0597822479903698,0.2236665040254593
361,-0.5469423532485962,-0.2794847786426544,-0.19360558688640594
362,-0.43368738889694214,-0.24446485936641693,-0.15035322308540344
363,-0.3271801471710205,-0.21348831057548523,-0.1056148111820221
364,-0.22744673490524292,-0.18655985593795776,-0.05940217524766922
365,-0.13449299335479736,-0.16367670893669128,-0.011718878522515297
366,-0.048318397253751755,-0.14483478665351868,0.0374361053109169
367,0.031076669692993164,-0.13003192842006683,0.08806584030389786
368,0.10368648916482925,-0.11926934123039246,0.14017340540885925
369,0.16949614882469177,-0.11255199462175369,0.1937587857246399
370,0.22847792506217957,-0.10988826304674149,0.24881277978420258
371,-0.6002143621444702,-0.2753058671951294,-0.1728300154209137
372,-0.48526790738105774,-0.24647261202335358,-0.12907469272613525
373,-0.37707120180130005,-0.2216826230287552,-0.0838346928358078
374,-0.27564752101898193,-0.20093859732151031,-0.03712204098701477
375,-0.1810009926557541,-0.18423700332641602,0.011059668846428394
376,-0.09313015639781952,-0.17157351970672607,0.06071130931377411
377,-0.012035313062369823,-0.16294583678245544,0.11183586716651917
378,0.06227756291627884,-0.15835519134998322,0.16443677246570587
379,0.12979288399219513,-0.1578071415424347,0.21851468086242676
380,0.19048117101192474,-0.16131117939949036,0.2740618884563446
381,-0.6572948694229126,-0.27243876457214355,-0.15194006264209747
382,-0.5406652092933655,-0.24979326128959656,-0.10768165439367294
383,-0.43078505992889404,-0.23119056224822998,-0.061941564083099365
384,-0.3276757001876831,-0.21663138270378113,-0.014730185270309448
385,-0.23134005069732666,-0.20611153542995453,0.0339491106569767
386,-0.14177623391151428,-0.1996268481016159,0.08409686386585236
387,-0.058985162526369095,-0.1971748322248459,0.13571572303771973
388,0.017026718705892563,-0.19875673949718475,0.18880902230739594
389,0.08624380826950073,-0.2043781876564026,0.2433779090642929
390,0.14863739907741547,-0.2140476405620575,0.2994157373905182
391,-0.7181710004806519,-0.2708801031112671,-0.1309398114681244
392,-0.5998787879943848,-0.25442418456077576,-0.08618295192718506
393,-0.4883219301700592,-0.24200785160064697,-0.03994586318731308
394,-0.38352787494659424,-0.2336316704750061,0.007763763889670372
395,-0.2855021059513092,-0.22929222881793976,0.056941717863082886
396,-0.19424478709697723,-0.22898566722869873,0.10758747160434723
397,-0.10975859314203262,-0.2327096313238144,0.1597025841474533
398,-0.03205206245183945,-0.24046534299850464,0.2132892906665802
399,0.03885793313384056,-0.25225773453712463,0.26834744215011597
400,0.10294802486896515,-0.26808857917785645,0.3248681128025055
401,-0.34367960691452026,-0.28371328115463257,-0.3400963246822357
402,-0.23101264238357544,-0.21065782010555267,-0.297965943813324
403,-0.1250941902399063,-0.14163652062416077,-0.2543465495109558
404,-0.025942601263523102,-0.07666100561618805,-0.2092408835887909
405,0.06642859429121017,-0.01573660969734192,-0.1626512110233307
406,0.15201078355312347,0.041133731603622437,-0.11457841098308563
407,0.2307971715927124,0.09394769370555878,-0.06502328813076019
408,0.302779883146286,0.14270305633544922,-0.013987990096211433
409,0.36794883012771606,0.18739719688892365,0.038522765040397644
410,0.42629510164260864,0.22803083062171936,0.09250080585479736
411,-0.37560614943504333,-0.27617964148521423,-0.31791502237319946
412,-0.26120805740356445,-0.2092963457107544,-0.2752707302570343
413,-0.15356063842773438,-0.146450936794281,-0.23114076256752014
414,-0.05268453061580658,-0.0876537412405014,-0.18552735447883606
415,0.041408471763134,-0.03290832042694092,-0.138432115316391
416,0.1287117898464203,0.017783939838409424,-0.0898551344871521
417,0.20922020077705383,0.06442181766033173,-0.03979633376002312
418,0.282927006483078,0.10700393468141556,0.011743202805519104
419,0.3498228192329407,0.1455288529396057,0.06475938856601715
420,0.40989813208580017,0.17999988794326782,0.11924240738153458
421,-0.4113607704639435,-0.26997190713882446,-0.2956100404262543
422,-0.29524174332618713,-0.20926794409751892,-0.2524562180042267
423,-0.1858701854944229,-0.15260100364685059,-0.20781657099723816
424,-0.08326995372772217,-0.09998197108507156,-0.16169463098049164
425,0.012546611949801445,-0.05141456797719002,-0.1140921413898468
426,0.10157328844070435,-0.006899628788232803,-0.06500911712646484
427,0.18380527198314667,0.033562321215867996,-0.01444515772163868
428,0.2592358887195587,0.06997020542621613,0.03759896755218506
429,0.32785549759864807,0.10232364386320114,0.09111883491277695
430,0.3896532952785492,0.13062605261802673,0.14610320329666138
431,-0.45093271136283875,-0.2650879919528961,-0.27318182587623596
432,-0.3330973982810974,-0.21056601405143738,-0.22952093183994293
433,-0.22200757265090942,-0.16007977724075317,-0.18437322974205017
434,-0.11768771708011627,-0.1136406660079956,-0.1377435326576233
435,-0.020150750875473022,-0.07125243544578552,-0.08963419497013092
436,0.070596843957901,-0.0329156219959259,-0.04004552215337753
437,0.15455003082752228,0.0013696122914552689,0.011022890917956829
438,0.23170161247253418,0.031602464616298676,0.0635702982544899
439,0.3020411729812622,0.05778263509273529,0.11759218573570251
440,0.36555707454681396,0.07991316169500351,0.1730773001909256
441,-0.49431362748146057,-0.26152288913726807,-0.2506312429904938
442,-0.3747662603855133,-0.2131844460964203,-0.206464946269989
443,-0.2619641125202179,-0.1688813716173172,-0.16081073880195618
444,-0.15593098104000092,-0.12862467765808105,-0.1136748194694519
445,-0.056679483503103256,-0.09241762012243271,-0.06506020575761795
446,0.03578387200832367,-0.060260407626628876,-0.01496763713657856
447,0.12145376950502396,-0.032152850180864334,0.03660326078534126
448,0.20032238960266113,-0.008095628581941128,0.08965184539556503
449,0.2723782956600189,0.011910649947822094,0.1441739946603775
450,0.33760860562324524,0.027867738157510757,0.20015908777713776
451,-0.5414982438087463,-0.25927284359931946,-0.22795887291431427
452,-0.4202439486980438,-0.21711939573287964,-0.18328842520713806
453,-0.3057362139225006,-0.17900188267230988,-0.13712936639785767
454,-0.1979970633983612,-0.14492997527122498,-0.08948910236358643
455,-0.09703800827264786,-0.11490621417760849,-0.04037139192223549
456,-0.0028651838656514883,-0.08893009275197983,0.010222755372524261
457,0.08451596647500992,-0.06700107455253601,0.06229365989565849
458,0.16509708762168884,-0.04911981523036957,0.11584094911813736
459,0.2388657033443451,-0.03528762608766556,0.17086118459701538
460,0.3058071732521057,-0.02550450712442398,0.2273450344800949
461,-0.5924851298332214,-0.25833603739738464,-0.20516608655452728
462,-0.4695300757884979,-0.22236892580986023,-0.15999232232570648
463,-0.3533239960670471,-0.1904388964176178,-0.1133299320936203
464,-0.24388615787029266,-0.16255389153957367,-0.06518729776144028
465,-0.14122654497623444,-0.1387150138616562,-0.015568709000945091
466,-0.04535064846277237,-0.11892110109329224,0.035524651408195496
467,0.043736156076192856,-0.10317123681306839,0.0880931094288826
468,0.1260252296924591,-0.09146605432033539,0.1421366035938263
469,0.2015029639005661,-0.08380761742591858,0.19765256345272064
470,0.2701529264450073,-0.08019794523715973,0.254633367061615
471,-0.6472761631011963,-0.25871145725250244,-0.1822558343410492
472,-0.5226272940635681,-0.22893190383911133,-0.13657915592193604
473,-0.40472981333732605,-0.2031908631324768,-0.08941479027271271
474,-0.2935997545719147,-0.1814938485622406,-0.04077156260609627
475,-0.1892455518245697,-0.1638406217098236,0.00934608280658722
476,-0.09167203307151794,-0.15022942423820496,0.0609368197619915
477,-0.0008845143020153046,-0.1406589150428772,0.11400094628334045
478,0.0831080973148346,-0.13512969017028809,0.1685386300086975
479,0.16029174625873566,-0.13364432752132416,0.22454816102981567
480,0.2306482344865799,-0.13620638847351074,0.2820236086845398
481,-0.7058729529380798,-0.2603977918624878,-0.15923282504081726
482,-0.5795393586158752,-0.23680680990219116,-0.11305373907089233
483,-0.4599572718143463,-0.21725499629974365,-0.06538902968168259
484,-0.34713923931121826,-0.20174561440944672,-0.016246549785137177
485,-0.2410934865474701,-0.1902776062488556,0.034369319677352905
486,-0.1418251097202301,-0.18284864723682404,0.08645695447921753
487,-0.04934006929397583,-0.1794573962688446,0.14001624286174774
488,0.036352209746837616,-0.18010416626930237,0.19504719972610474
489,0.11523759365081787,-0.18479126691818237,0.25154826045036316
490,0.18729859590530396,-0.19352206587791443,0.3095151484012604
491,-0.7682759761810303,-0.2633916139602661,-0.1361030787229538
492,-0.6402730345726013,-0.24598991870880127,-0.0894249677658081
493,-0.5190103054046631,-0.2326258420944214,-0.041262079030275345
494,-0.40450340509414673,-0.22330164909362793,0.008379332721233368
495,-0.2967635989189148,-0.21801656484603882,0.059494487941265106
496,-0.19579830765724182,-0.2167685478925705,0.11208083480596542
497,-0.10161541402339935,-0.2195560485124588,0.16613724827766418
498,-0.01422586664557457,-0.2263791263103485,0.2216627150774002
499,0.06635565310716629,-0.23723873496055603,0.2786542773246765
500,0.14011502265930176,-0.2521341145038605,0.3371066749095917
501,-0.3753792345523834,-0.2333592176437378,-0.3656429648399353
502,-0.25302091240882874,-0.15935280919075012,-0.32158464193344116
503,-0.13741660118103027,-0.08937342464923859,-0.2760407030582428
504,-0.028578858822584152,-0.023434683680534363,-0.2290094494819641
505,0.07347877323627472,0.038454510271549225,-0.18049222230911255
506,0.16874507069587708,0.0962885394692421,-0.13049077987670898
507,0.2572104334831238,0.15006396174430847,-0.07900746166706085
508,0.33886614441871643,0.19977889955043793,-0.026045847684144974
509,0.41370514035224915,0.24543410539627075,0.02838844805955887
510,0.48172804713249207,0.28703784942626953,0.08428788930177689
511,-0.40877869725227356,-0.23038463294506073,-0.3413226008415222
512,-0.2846938669681549,-0.16255363821983337,-0.2967531383037567
513,-0.16736485064029694,-0.09875275194644928,-0.2507001757621765
514,-0.05680569261312485,-0.03899455815553665,-0.20316220819950104
515,0.04697127640247345,0.01671367883682251,-0.15414002537727356
516,0.14395639300346375,0.06836763769388199,-0.10363484174013138
517,0.23414143919944763,0.115964874625206,-0.051648300141096115
518,0.3175186514854431,0.15950438380241394,0.0018167942762374878
519,0.39408138394355774,0.19898781180381775,0.056755293160676956
520,0.46382948756217957,0.2344244122505188,0.11315874755382538
521,-0.44601529836654663,-0.2287302315235138,-0.316882848739624
522,-0.32021018862724304,-0.16707949340343475,-0.27180513739585876
523,-0.2011585235595703,-0.1094590499997139,-0.2252434343099594
524,-0.08887691795825958,-0.055881477892398834,-0.17719772458076477
525,0.016622090712189674,-0.006353795528411865,-0.12766902148723602
526,0.11532914638519287,0.039120495319366455,-0.07665839791297913
527,0.2072363644838333,0.08053958415985107,-0.024167228490114212
528,0.29233604669570923,0.11790290474891663,0.029801884666085243
529,0.37062156200408936,0.1512128710746765,0.08524367213249207
530,0.4420909881591797,0.18047776818275452,0.14214912056922913
531,-0.4870762526988983,-0.2283972203731537,-0.29232051968574524
532,-0.35955488681793213,-0.17292924225330353,-0.24673661589622498
533,-0.2387852966785431,-0.12149147689342499,-0.1996675282716751
534,-0.12478456646203995,-0.07409629225730896,-0.15111468732357025
535,-0.01756575144827366,-0.030750371515750885,-0.10107968747615814
536,0.08286160230636597,0.008543280884623528,-0.04956386238336563
537,0.17648941278457642,0.0437832772731781,0.0034313928335905075
538,0.2633095979690552,0.07496939599514008,0.057903535664081573
539,0.3433147072792053,0.10210387408733368,0.11384734511375427
540,0.4165017604827881,0.1251940280199051,0.1712539792060852
541,-0.531952977180481,-0.22938407957553864,-0.26763564348220825
542,-0.40271928906440735,-0.18010032176971436,-0.2215469777584076
543,-0.280237078666687,-0.13484735786914825,-0.1739719808101654
544,-0.16452281177043915,-0.09363681077957153,-0.12491331994533539
545,-0.055589236319065094,-0.05647451430559158,-0.07437336444854736
546,0.04655398428440094,-0.02336299978196621,-0.02235378697514534
547,0.14189843833446503,0.00569682102650404,0.03114393539726734
548,0.23043549060821533,0.03070490062236786,0.08611733466386795
549,0.3121567368507385,0.05166297033429146,0.1425616443157196
550,0.3870581090450287,0.06857673078775406,0.20046880841255188
551,-0.5806402564048767,-0.23168842494487762,-0.24282944202423096
552,-0.44969862699508667,-0.18859007954597473,-0.19623708724975586
553,-0.32550978660583496,-0.14952382445335388,-0.14815756678581238
554,-0.20808841288089752,-0.11449994146823883,-0.09859472513198853
555,-0.09744630753993988,-0.08352311700582504,-0.04755161702632904
556,0.006406993139535189,-0.056595057249069214,0.004969715606421232
557,0.10346309095621109,-0.03371620550751686,0.05896779149770737
558,0.1937127411365509,-0.01488663349300623,0.11444038897752762
559,0.2771466374397278,-0.00010528787970542908,0.17138344049453735
560,0.35375916957855225,0.01063151378184557,0.22979006171226501
561,-0.6331352591514587,-0.23530785739421844,-0.2179040014743805
562,-0.5004912614822388,-0.1983959823846817,-0.17080873250961304
563,-0.37460198998451233,-0.16551803052425385,-0.12222599983215332
564,-0.25547999143600464,-0.13668236136436462,-0.07216063141822815
565,-0.14313583076000214,-0.11189229041337967,-0.020616287365555763
566,-0.03757825493812561,-0.09114854037761688,0.03240479528903961
567,0.06118428707122803,-0.07445112615823746,0.08690110594034195
568,0.15314219892024994,-0.061800092458724976,0.14287079870700836
569,0.23828524351119995,-0.05319523811340332,0.20031064748764038
570,0.3166062533855438,-0.048634905368089676,0.25921526551246643
571,-0.6894379258155823,-0.24024012684822083,-0.19286271929740906
572,-0.5550974607467651,-0.20951558649539948,-0.14526493847370148
573,-0.4275142252445221,-0.1828269064426422,-0.09618020057678223
574,-0.3066974878311157,-0.16018015146255493,-0.04561387002468109
575,-0.19265639781951904,-0.14157716929912567,0.006430121138691902
576,-0.08539935946464539,-0.12701793015003204,0.05994938313961029
577,0.01506512239575386,-0.11650195717811584,0.11494237184524536
578,0.10872723907232285,-0.11002925783395767,0.17140741646289825
579,0.1955762505531311,-0.10760009288787842,0.22934208810329437
580,0.2756035029888153,-0.1092146784067154,0.28874272108078003
581,-0.7495497465133667,-0.24648241698741913,-0.1677103191614151
582,-0.613520622253418,-0.2219458818435669,-0.11961066722869873
583,-0.48424917459487915,-0.20144644379615784,-0.07002528756856918
584,-0.3617410361766815,-0.18498796224594116,-0.018959086388349533
585,-0.2460053563117981,-0.17257127165794373,0.033583883196115494
586,-0.13705095648765564,-0.16419583559036255,0.0876009464263916
587,-0.03488699346780777,-0.15986090898513794,0.14309021830558777
588,0.060476239770650864,-0.15956613421440125,0.20004984736442566
589,0.14902769029140472,-0.16331174969673157,0.2584775686264038
590,0.23075920343399048,-0.17109856009483337,0.31837141513824463
591,-0.8134784698486328,-0.25403159856796265,-0.142453134059906
592,-0.6757705211639404,-0.23568302392959595,-0.09385376423597336
593,-0.5448125004768372,-0.2213710993528366,-0.04376896843314171
594,-0.4206109344959259,-0.21109852194786072,0.007797073572874069
595,-0.30317747592926025,-0.20486599206924438,0.06084003299474716
596,-0.19252294301986694,-0.2026728391647339,0.11535651981830597
597,-0.08865812420845032,-0.2045181691646576,0.1713438779115677
598,0.008405439555644989,-0.21040129661560059,0.22879937291145325
599,0.09865632653236389,-0.22032129764556885,0.2877197563648224
600,0.18208831548690796,-0.23427695035934448,0.34810298681259155
601,-0.40224573016166687,-0.1811182200908661,-0.3923678994178772
602,-0.2702021598815918,-0.10616263747215271,-0.3463819622993469
603,-0.14491936564445496,-0.03523284196853638,-0.2989135682582855
604,-0.026405539363622665,0.03165868669748306,-0.24995914101600647
605,0.08532745391130447,0.09450221061706543,-0.1995188593864441
606,0.19026781618595123,0.15329110622406006,-0.14759448170661926
607,0.2884051203727722,0.20802177488803864,-0.09418891370296478
608,0.379731148481369,0.2586934566497803,-0.03930624574422836
609,0.46424195170402527,0.3053092956542969,0.017048146575689316
610,0.5419430732727051,0.34788018465042114,0.07486817985773087
611,-0.43712118268013,-0.1827026605606079,-0.3659089505672455
612,-0.3033558130264282,-0.11392566561698914,-0.31941455602645874
613,-0.17635242640972137,-0.04917661100625992,-0.27143892645835876
614,-0.0561201237142086,0.011532783508300781,-0.2219788134098053
615,0.057329900562763214,0.06819398701190948,-0.17103418707847595
616,0.16398704051971436,0.120801642537117,-0.11860650777816772
617,0.2638419270515442,0.16935288906097412,-0.06469818949699402
618,0.3568868339061737,0.21384736895561218,-0.009312763810157776
619,0.44311821460723877,0.254288911819458,0.04754474386572838
620,0.5225409269332886,0.29068848490715027,0.10586784780025482
621,-0.4758373498916626,-0.18560431897640228,-0.33933407068252563
622,-0.34035319089889526,-0.12300867587327957,-0.29233282804489136
623,-0.21162961423397064,-0.06444143503904343,-0.24384979903697968
624,-0.08967728912830353,-0.009914182126522064,-0.19388312101364136
625,0.0254925899207592,0.040565066039562225,-0.14243292808532715
626,0.13386957347393036,0.08699166029691696,-0.08950058370828629
627,0.23544451594352722,0.1293632835149765,-0.03508833795785904
628,0.3302099108695984,0.167680025100708,0.020800452679395676
629,0.4181619882583618,0.20194602012634277,0.07816080749034882
630,0.49930423498153687,0.23217108845710754,0.13698601722717285
631,-0.5183827877044678,-0.18982592225074768,-0.31263840198516846
632,-0.38118287920951843,-0.13341349363327026,-0.26513180136680603
633,-0.2507424056529999,-0.08102988451719284,-0.216142475605011
634,-0.1270723193883896,-0.032686203718185425,-0.16566963493824005
635,-0.010184111073613167,0.011610027402639389,-0.11371397972106934
636,0.09991166740655899,0.05185466259717941,-0.060277119278907776
637,0.20320570468902588,0.08804582059383392,-0.005361293442547321
638,0.2996901869773865,0.12018390744924545,0.05103017017245293
639,0.38936060667037964,0.14827267825603485,0.10889248549938202
640,0.4722197353839874,0.17232082784175873,0.16821923851966858
641,-0.5647497177124023,-0.19536782801151276,-0.28582125902175903
642,-0.4258374869823456,-0.1451399177312851,-0.23781052231788635
643,-0.2936844825744629,-0.09894157946109772,-0.18831604719161987
644,-0.16830112040042877,-0.05678325146436691,-0.1373380720615387
645,-0.0496986024081707,-0.018671579658985138,-0.08487798273563385
646,0.062112364917993546,0.015389835461974144,-0.030937718227505684
647,0.1671222448348999,0.04539958015084267,0.024480409920215607
648,0.2653227150440216,0.07135814428329468,0.08137323707342148
649,0.3567085564136505,0.09326869249343872,0.13973629474639893
650,0.44128161668777466,0.11113855242729187,0.19956396520137787
651,-0.61493319272995,-0.2022285908460617,-0.25888386368751526
652,-0.47431251406669617,-0.15818600356578827,-0.21036988496780396
653,-0.34045201539993286,-0.11817443370819092,-0.16037137806415558
654,-0.21336063742637634,-0.08220308274030685,-0.10888959467411041
655,-0.09304909408092499,-0.050277404487133026,-0.05592652037739754
656,0.020472239702939987,-0.022400284186005592,-0.00148441968485713
657,0.1271936446428299,0.0014273272827267647,0.05443436652421951
658,0.22710639238357544,0.02120591700077057,0.11182690411806107
659,0.3202044665813446,0.03693792596459389,0.17068931460380554
660,0.4064885377883911,0.04862886294722557,0.23101706802845
661,-0.6689304709434509,-0.2104056477546692,-0.23182857036590576
662,-0.5266056656837463,-0.17254897952079773,-0.18281197547912598
663,-0.3910427689552307,-0.13872531056404114,-0.13231055438518524
664,-0.2622489333152771,-0.10894203186035156,-0.08032626658678055
665,-0.14023366570472717,-0.08320338279008865,-0.026861736550927162
666,-0.02500694803893566,-0.061511192470788956,0.028080588206648827
667,0.08342152833938599,-0.04386604204773903,0.08449835330247879
668,0.18504270911216736,-0.030267443507909775,0.14238891005516052
669,0.27984991669654846,-0.020713789388537407,0.20174920558929443
670,0.36784231662750244,-0.015201559290289879,0.26257583498954773
671,-0.726740300655365,-0.21989557147026062,-0.20465877652168274
672,-0.5827164649963379,-0.18822553753852844,-0.15514011681079865
673,-0.4454563558101654,-0.16059035062789917,-0.10413669049739838
674,-0.31496474146842957,-0.1369955837726593,-0.05165116488933563
675,-0.1912500560283661,-0.11744406819343567,0.002313584089279175
676,-0.07432190328836441,-0.10193683207035065,0.05775491148233414
677,0.035809941589832306,-0.09047403931617737,0.11467041820287704
678,0.13913610577583313,-0.08305519819259644,0.1730576604604721
679,0.23564943671226501,-0.07967925816774368,0.23291423916816711
680,0.32534801959991455,-0.08034449815750122,0.2942381799221039
681,-0.7883649468421936,-0.23069489002227783,-0.17737898230552673
682,-0.6426476240158081,-0.20521187782287598,-0.12735876441001892
683,-0.5036946535110474,-0.18376503884792328,-0.0758543610572815
684,-0.3715077042579651,-0.1663580685853958,-0.022868391126394272
685,-0.24609515070915222,-0.152992844581604,0.03159607946872711
686,-0.12746703624725342,-0.14366987347602844,0.08753614127635956
687,-0.015633631497621536,-0.1383889615535736,0.14494915306568146
688,0.08939528465270996,-0.13714945316314697,0.2038325071334839
689,0.1876121461391449,-0.13995034992694855,0.26418405771255493
690,0.2790152132511139,-0.1467909812927246,0.3260032832622528
691,-0.8538139462471008,-0.24280080199241638,-0.14999479055404663
692,-0.706408679485321,-0.2235044240951538,-0.09947413206100464
693,-0.5657628774642944,-0.20824439823627472,-0.047469377517700195
694,-0.43187838792800903,-0.19702324271202087,0.006017211824655533
695,-0.30476492643356323,-0.18984247744083405,0.060982219874858856
696,-0.18443410098552704,-0.18670246005058289,0.11742229759693146
697,-0.07089747488498688,-0.18760280311107635,0.17533421516418457
698,0.03583437204360962,-0.1925424337387085,0.2347148060798645
699,0.13575340807437897,-0.20151975750923157,0.29556143283843994
700,0.2288587987422943,-0.21453352272510529,0.35787373781204224
701,-0.42429131269454956,-0.1270056813955307,-0.42027807235717773
702,-0.28256770968437195,-0.05110068619251251,-0.3723660409450531
703,-0.14761148393154144,0.020776912569999695,-0.32297396659851074
704,-0.019427388906478882,0.08861658722162247,-0.272097647190094
705,0.1019744724035263,0.1524093747138977,-0.21973660588264465
706,0.2165829986333847,0.21214881539344788,-0.16589227318763733
707,0.3243880867958069,0.2678317129611969,-0.11056756973266602
708,0.4253825545310974,0.3194584548473358,-0.05376645177602768
709,0.519564688205719,0.36703330278396606,0.0045064836740493774
710,0.6069420576095581,0.410567045211792,0.06424672901630402
711,-0.4606465995311737,-0.13314805924892426,-0.3916824460029602
712,-0.3172050416469574,-0.06342437863349915,-0.3432641327381134
713,-0.1805315613746643,0.0022706016898155212,-0.29336634278297424
714,-0.05063148960471153,0.06392699480056763,-0.24198530614376068
715,0.07248566299676895,0.12153669446706772,-0.18912045657634735
716,0.18880945444107056,0.17509417235851288,-0.13477317988872528
717,0.2983304560184479,0.2245967537164688,-0.0789460688829422
718,0.40104180574417114,0.2700449228286743,-0.02164272964000702
719,0.4969419538974762,0.31144317984580994,0.03713248670101166
720,0.5860380530357361,0.3488021194934845,0.09737507998943329
721,-0.5008424520492554,-0.1406058967113495,-0.36297282576560974
722,-0.3556840419769287,-0.0770648941397667,-0.31404903531074524
723,-0.21729294955730438,-0.017552904784679413,-0.26364535093307495
724,-0.08567530661821365,0.03792028874158859,-0.21175898611545563
725,0.03915943205356598,0.08934719115495682,-0.15838953852653503
726,0.1572009176015854,0.13672272861003876,-0.10353834927082062
727,0.26843979954719543,0.18004463613033295,-0.047207966446876526
728,0.3728694021701813,0.21931374073028564,0.010598119348287582
729,0.4704880714416504,0.2545345425605774,0.06987570971250534
730,0.5613018870353699,0.2857166528701782,0.13062024116516113
731,-0.5448703169822693,-0.1493830382823944,-0.3341444134712219
732,-0.39799728989601135,-0.09202584624290466,-0.28471606969833374
733,-0.25789082050323486,-0.03869807720184326,-0.2338072657585144
734,-0.12455709278583527,0.010591007769107819,-0.18141579627990723
735,0.0019941814243793488,0.05583420768380165,-0.12754182517528534
736,0.12175263464450836,0.09702705591917038,-0.07218685746192932
737,0.234708771109581,0.1341676414012909,-0.015353472903370857
738,0.3408556282520294,0.16725683212280273,0.042954958975315094
739,0.44019103050231934,0.19629892706871033,0.10273432731628418
740,0.5327207446098328,0.22130250930786133,0.16398046910762787
741,-0.5927246809005737,-0.159481018781662,-0.3051961362361908
742,-0.4441397190093994,-0.10830839723348618,-0.25526419281959534
743,-0.30232104659080505,-0.06116592884063721,-0.20385101437568665
744,-0.1672745794057846,-0.018062325194478035,-0.15095524489879608
745,-0.03900976851582527,0.02099609188735485,-0.0965774655342102
746,0.0824628621339798,0.05600530654191971,-0.040719520300626755
747,0.19713367521762848,0.08696378022432327,0.016616005450487137
748,0.3049953877925873,0.11387242376804352,0.07542581856250763
749,0.40604519844055176,0.1367349773645401,0.13570614159107208
750,0.5002884268760681,0.1555589884519577,0.19745337963104248
751,-0.6444014310836792,-0.17089878022670746,-0.2761290669441223
752,-0.4941074252128601,-0.12591123580932617,-0.2256941944360733
753,-0.35058051347732544,-0.08495506644248962,-0.1737775057554245
754,-0.21382538974285126,-0.048038043081760406,-0.12037835270166397
755,-0.08385112881660461,-0.01516546867787838,-0.06549785286188126
756,0.039331886917352676,0.013659315183758736,-0.00913806539028883
757,0.15571396052837372,0.03843512386083603,0.048698388040065765
758,0.2652873992919922,0.05916281044483185,0.10800840705633163
759,0.36804893612861633,0.07584553211927414,0.16878871619701385
760,0.4640030562877655,0.0884893536567688,0.23103639483451843
761,-0.6998975872993469,-0.18363350629806519,-0.24694545567035675
762,-0.5478981733322144,-0.1448313444852829,-0.19600825011730194
763,-0.4026668965816498,-0.11006228625774384,-0.1435888707637787
764,-0.2642073333263397,-0.07933251559734344,-0.08968732506036758
765,-0.13252782821655273,-0.05264648050069809,-0.03430520370602608
766,-0.007638309150934219,-0.030006568878889084,0.022555259987711906
767,0.11045143008232117,-0.011413641273975372,0.08089142292737961
768,0.2217334657907486,0.003133036196231842,0.14070045948028564
769,0.32620400190353394,0.01363598182797432,0.2019796222448349
770,0.4238664507865906,0.020099617540836334,0.2647269666194916
771,-0.7592121958732605,-0.1976812481880188,-0.21764853596687317
772,-0.605510950088501,-0.16506487131118774,-0.16620948910713196
773,-0.45857906341552734,-0.13648319244384766,-0.11328811943531036
774,-0.31841862201690674,-0.11194098740816116,-0.05888509750366211
775,-0.18503709137439728,-0.09144139289855957,-0.0030022524297237396
776,-0.058444105088710785,-0.0749862939119339,0.05435800552368164
777,0.06135037541389465,-0.06257618963718414,0.11319302022457123
778,0.17433831095695496,-0.05421027913689613,0.17350004613399506
779,0.2805154025554657,-0.04988666623830795,0.23527702689170837
780,0.37988418340682983,-0.04960255324840546,0.2985229790210724
781,-0.8223467469215393,-0.2130381464958191,-0.18824218213558197
782,-0.6669473648071289,-0.18660768866539001,-0.136301651597023
783,-0.5183177590370178,-0.1642131507396698,-0.08287899196147919
784,-0.3764581084251404,-0.1458578109741211,-0.027975041419267654
785,-0.2413756549358368,-0.1315441131591797,0.02840816043317318
786,-0.11308032274246216,-0.12127327919006348,0.08626799285411835
787,0.008417651057243347,-0.11504551023244858,0.14560164511203766
788,0.12310976535081863,-0.11286008358001709,0.206406369805336
789,0.23099154233932495,-0.11471518874168396,0.26868024468421936
790,0.332065224647522,-0.12060922384262085,0.33242350816726685
791,-0.8893097639083862,-0.22970156371593475,-0.15873070061206818
792,-0.732214629650116,-0.20945660769939423,-0.10628919303417206
793,-0.5818869471549988,-0.19324800372123718,-0.0523654967546463
794,-0.43832600116729736,-0.18107807636260986,0.003039538860321045
795,-0.3015402555465698,-0.17294879257678986,0.05992365628480911
796,-0.17154040932655334,-0.16886122524738312,0.11828392744064331
797,-0.048337630927562714,-0.16881541907787323,0.17811718583106995
798,0.06805919110774994,-0.17281028628349304,0.23942045867443085
799,0.17764517664909363,-0.18084388971328735,0.30219152569770813
800,0.2804226875305176,-0.19291473925113678,0.36643099784851074
801,-0.44152823090553284,-0.07102973759174347,-0.4493798017501831
802,-0.29012879729270935,0.005825504660606384,-0.3995439112186432
803,-0.14550158381462097,0.07865078747272491,-0.34822896122932434
804,-0.007649444043636322,0.14743778109550476,-0.2954311668872833
805,0.12341943383216858,0.21217869222164154,-0.24114981293678284
806,0.24769458174705505,0.27286767959594727,-0.18538624048233032
807,0.36516645550727844,0.32950228452682495,-0.12814320623874664
808,0.4758286476135254,0.38208329677581787,-0.06942432373762131
809,0.579680860042572,0.4306153655052185,-0.00923331081867218
810,0.6767306923866272,0.4751076102256775,0.05242685228586197
811,-0.47936612367630005,-0.0817285031080246,-0.41864973306655884
812,-0.32625189423561096,-0.011056780815124512,-0.36830925941467285
813,-0.17991016805171967,0.05558431148529053,-0.3164898753166199
814,-0.0403437614440918,0.11818709224462509,-0.26318812370300293
815,0.09243926405906677,0.17674437165260315,-0.20840337872505188
816,0.2184288203716278,0.23125097155570984,-0.15213699638843536
817,0.3376155197620392,0.2817046344280243,-0.09439170360565186
818,0.4499933123588562,0.3281060755252838,-0.03517093509435654
819,0.5555616021156311,0.37045976519584656,0.02552175521850586
820,0.6543276906013489,0.40877434611320496,0.08768361806869507
821,-0.5210424661636353,-0.09374178946018219,-0.3878062069416046
822,-0.36621347069740295,-0.029254093766212463,-0.33696138858795166
823,-0.2181566059589386,0.031202949583530426,-0.28463754057884216
824,-0.07687487453222275,0.08762174844741821,-0.23083162307739258
825,0.05762365460395813,0.1399955153465271,-0.1755431890487671
826,0.18532896041870117,0.18831947445869446,-0.11877360939979553
827,0.30623161792755127,0.23259146511554718,-0.06052560359239578
828,0.42032548785209656,0.27281254529953003,-0.0008025765419006348
829,0.5276100635528564,0.30898696184158325,0.06039199233055115
830,0.6280924677848816,0.34112292528152466,0.12305549532175064
831,-0.5665526390075684,-0.10707426071166992,-0.35684531927108765
832,-0.41001036763191223,-0.04877122864127159,-0.3054966926574707
833,-0.2602398097515106,0.005501113831996918,-0.2526687681674957
834,-0.11724378913640976,0.05573533475399017,-0.1983589231967926
835,0.01896953582763672,0.10192496329545975,-0.14256687462329865
836,0.14838995039463043,0.14406564831733704,-0.0852942243218422
837,0.2710079252719879,0.18215546011924744,-0.02654370851814747
838,0.3868171274662018,0.21619541943073273,0.03368131071329117
839,0.49581679701805115,0.24618977308273315,0.09537744522094727
840,0.5980142951011658,0.2721461355686188,0.15854233503341675
841,-0.6158936619758606,-0.12172815203666687,-0.3257661461830139
842,-0.4576401114463806,-0.06961006671190262,-0.2739143371582031
843,-0.30615800619125366,-0.021523110568523407,-0.22058282792568207
844,-0.16144990921020508,0.022525697946548462,-0.16576945781707764
845,-0.023523947224020958,0.06253045052289963,-0.10947427153587341
846,0.10760962218046188,0.09848719090223312,-0.05169905722141266
847,0.2319410741329193,0.13039425015449524,0.007553410716354847
848,0.3494638204574585,0.15825265645980835,0.06827983260154724
849,0.46017682552337646,0.18206632137298584,0.13047702610492706
850,0.5640873908996582,0.20184233784675598,0.1941429078578949
851,-0.6690627336502075,-0.13770286738872528,-0.29456979036331177
852,-0.509100079536438,-0.09176967293024063,-0.24221517145633698
853,-0.3559090197086334,-0.0498686283826828,-0.1883806735277176
854,-0.20949164032936096,-0.012005898170173168,-0.1330643594264984
855,-0.06985587626695633,0.021813318133354187,-0.07626671344041824
856,0.06298806518316269,0.051585592329502106,-0.017989657819271088
857,0.1890304684638977,0.0773095190525055,0.04176401346921921
858,0.30826446413993835,0.09898611158132553,0.10299111902713776
859,0.4206886887550354,0.11661883443593979,0.16568879783153534
860,0.5263102054595947,0.13021385669708252,0.22985541820526123
861,-0.7260574102401733,-0.15499529242515564,-0.26325833797454834
862,-0.564387857913971,-0.11524693667888641,-0.2104014903306961
863,-0.4094903767108917,-0.07953208684921265,-0.1560644805431366
864,-0.26136666536331177,-0.04785577580332756,-0.1002458706498146
865,-0.12002402544021606,-0.020222455263137817,-0.04294645041227341
866,0.014527514576911926,0.0033650994300842285,0.01583172008395195
867,0.14227820932865143,0.022905778139829636,0.07608582824468613
868,0.26322105526924133,0.03840045630931854,0.13781291246414185
869,0.3773544132709503,0.0498521588742733,0.20101048052310944
870,0.4846843183040619,0.05726592242717743,0.26567745208740234
871,-0.78687584400177,-0.1736009418964386,-0.23183470964431763
872,-0.623501718044281,-0.14003752171993256,-0.17847605049610138
873,-0.4669003188610077,-0.11050887405872345,-0.12363699078559875
874,-0.3170725107192993,-0.08501903712749481,-0.0673166811466217
875,-0.1740252673625946,-0.0635714903473854,-0.009516105055809021
876,-0.03776833415031433,-0.04616855829954147,0.04976259917020798
877,0.09168847650289536,-0.03281109780073166,0.11051660776138306
878,0.21433815360069275,-0.023498132824897766,0.17274309694766998
879,0.3301786482334137,-0.01822725683450699,0.23643991351127625
880,0.43921521306037903,-0.01699461042881012,0.30160659551620483
881,-0.8515181541442871,-0.1935155689716339,-0.2003019154071808
882,-0.6864416003227234,-0.16613705456256866,-0.1464417427778244
883,-0.5281379818916321,-0.14279437065124512,-0.09110110998153687
884,-0.376607209444046,-0.12349046021699905,-0.03427949547767639
885,-0.23185613751411438,-0.1082281768321991,0.024021945893764496
886,-0.09389476478099823,-0.09700945019721985,0.08380097150802612
887,0.03726717829704285,-0.08983484655618668,0.14505472779273987
888,0.16162239015102386,-0.08670347929000854,0.2077803760766983
889,0.27916863560676575,-0.08761310577392578,0.2719760537147522
890,0.3899105489253998,-0.09256096184253693,0.33764180541038513
891,-0.9199896454811096,-0.21473661065101624,-0.16866272687911987
892,-0.7532110810279846,-0.19354267418384552,-0.1143011823296547
893,-0.5932047367095947,-0.1763850748538971,-0.05845910310745239
894,-0.43996989727020264,-0.16326604783535004,-0.0011361762881278992
895,-0.2935137450695038,-0.15418800711631775,0.05766630172729492
896,-0.15384680032730103,-0.14915278553962708,0.11794597655534744
897,-0.020979218184947968,-0.14816078543663025,0.17969989776611328
898,0.10508160293102264,-0.1512109786272049,0.24292513728141785
899,0.22433331608772278,-0.15830102562904358,0.30761978030204773
900,0.3367803990840912,-0.16942870616912842,0.37378430366516113
901,-0.45396924018859863,-0.013194113969802856,-0.4796806573867798
902,-0.29289859533309937,0.06461139023303986,-0.4279232919216156
903,-0.1386016309261322,0.13838496804237366,-0.3746858835220337
904,0.0089205801486969,0.20812064409255981,-0.3199656009674072
905,0.1496604084968567,0.2738116681575775,-0.26376211643218994
906,0.2836068272590637,0.335452675819397,-0.20607726275920868
907,0.41074925661087036,0.39304104447364807,-0.1469143033027649
908,0.5310810208320618,0.44657760858535767,-0.08627697825431824
909,0.6446020603179932,0.49606621265411377,-0.02416820079088211
910,0.7513195276260376,0.5415135622024536,0.039410725235939026
911,-0.49329039454460144,-0.02844737470149994,-0.44681811332702637
912,-0.33050742745399475,0.04317290335893631,-0.39455732703208923
913,-0.17449787259101868,0.11076116561889648,-0.3408166170120239
914,-0.02526279166340828,0.17431189119815826,-0.2855932116508484
915,0.11719013750553131,0.23381873965263367,-0.22888687252998352
916,0.2528500258922577,0.28927677869796753,-0.17069947719573975
917,0.3817063271999359,0.3406834006309509,-0.11103436350822449
918,0.5037524700164795,0.38803917169570923,-0.04989519715309143
919,0.6189881563186646,0.43134790658950806,0.012714996933937073
920,0.7274203896522522,0.47061580419540405,0.07679510116577148
921,-0.5364466309547424,-0.045014843344688416,-0.41384097933769226
922,-0.37195172905921936,0.02041982114315033,-0.3610769510269165
923,-0.21422958374023438,0.08182293176651001,-0.30683302879333496
924,-0.06328131258487701,0.13918888568878174,-0.2511066198348999
925,0.08088510483503342,0.1925114095211029,-0.1938975751399994
926,0.21825863420963287,0.24178576469421387,-0.13520771265029907
927,0.34882888197898865,0.28700965642929077,-0.07504040747880936
928,0.4725891053676605,0.3281835615634918,-0.013399362564086914
929,0.5895390510559082,0.3653114438056946,0.049712251871824265
930,0.6996860504150391,0.3983994126319885,0.11429332941770554
931,-0.5834386944770813,-0.06290199607610703,-0.3807468116283417
932,-0.4172331988811493,-0.00365331768989563,-0.32747989892959595
933,-0.2577993869781494,0.051564283668994904,-0.27273306250572205
934,-0.10513854771852493,0.102744922041893,-0.21650376915931702
935,0.0407409705221653,0.14988262951374054,-0.1587919443845749
936,0.17982789874076843,0.19297286868095398,-0.09959966689348221
937,0.31211167573928833,0.23201341927051544,-0.038930244743824005
938,0.43758541345596313,0.26700496673583984,0.023212453350424767
939,0.556248664855957,0.2979513108730316,0.08682524412870407
940,0.6681093573570251,0.324858695268631,0.15190695226192474
941,-0.6342671513557434,-0.08211188018321991,-0.34753552079200745
942,-0.46635162830352783,-0.02904890663921833,-0.29376593232154846
943,-0.305207222700119,0.019982973113656044,-0.2385164201259613
944,-0.1508350521326065,0.0649779662489891,-0.18178439140319824
945,-0.003243648912757635,0.105930395424366,-0.12357000261545181
946,0.13755550980567932,0.14283600449562073,-0.0638754740357399
947,0.2715516984462738,0.1756928265094757,-0.0027042394503951073
948,0.39873772859573364,0.20450153946876526,0.05993988364934921
949,0.5191131234169006,0.22926586866378784,0.1240537166595459
950,0.6326860189437866,0.24999208748340607,0.18963615596294403
951,-0.6889306306838989,-0.10264401137828827,-0.31420862674713135
952,-0.5193057060241699,-0.055765897035598755,-0.2599365711212158
953,-0.35645151138305664,-0.01291959173977375,-0.20418448746204376
954,-0.20036940276622772,0.02588953822851181,-0.14694994688034058
955,-0.051067791879177094,0.060656316578388214,-0.08823330700397491
956,0.09144189208745956,0.09137699753046036,-0.02803690731525421
957,0.2271488457918167,0.11804980784654617,0.03363581746816635
958,0.3560457229614258,0.14067551493644714,0.09678112715482712
959,0.47813186049461365,0.15925747156143188,0.16139604151248932
960,0.5934155583381653,0.17380188405513763,0.22747944295406342
961,-0.747426450252533,-0.12449473887681961,-0.2807686924934387
962,-0.5760924220085144,-0.08380077034235,-0.2259942591190338
963,-0.4115294814109802,-0.04713980108499527,-0.16973978281021118
964,-0.2537389099597931,-0.014516506344079971,-0.11200299859046936
965,-0.10272873938083649,0.014064624905586243,-0.05278443545103073
966,0.04148968681693077,0.038600340485572815,0.007913490757346153
967,0.1789056658744812,0.059089094400405884,0.07008735835552216
968,0.30951184034347534,0.07553169131278992,0.1337336152791977
969,0.4333074390888214,0.08793122321367264,0.19884955883026123
970,0.550300121307373,0.09629323333501816,0.26543426513671875
971,-0.8097509741783142,-0.1476587951183319,-0.24721825122833252
972,-0.6367086172103882,-0.11314861476421356,-0.19194161891937256
973,-0.4704379141330719,-0.08267270028591156,-0.13518498837947845
974,-0.31094011664390564,-0.05623491108417511,-0.07694628834724426
975,-0.15822267532348633,-0.033839114010334015,-0.01722618192434311
976,-0.012296859174966812,-0.015488184988498688,0.04397297650575638
977,0.1268266886472702,-0.0011833161115646362,0.1066478043794632
978,0.2591407001018524,0.009076200425624847,0.17079484462738037
979,0.3846442997455597,0.015293300151824951,0.2364116609096527
980,0.5033445954322815,0.017472729086875916,0.30349764227867126
981,-0.8759011030197144,-0.1721312552690506,-0.2135593146085739
982,-0.7011517286300659,-0.14380478858947754,-0.15778088569641113
983,-0.5331743955612183,-0.11951366066932678,-0.10052243620157242
984,-0.3719697892665863,-0.09926073253154755,-0.04178221523761749
985,-0.2175455391407013,-0.08304957300424576,0.01843920350074768
986,-0.06991282105445862,-0.07088290899991989,0.08013952523469925
987,0.07091741263866425,-0.0627618357539177,0.14331530034542084
988,0.20493802428245544,-0.05868534743785858,0.20796307921409607
989,0.33214837312698364,-0.05865057557821274,0.27408042550086975
990,0.4525549113750458,-0.0626535639166832,0.3416672945022583
991,-0.945877194404602,-0.19790945947170258,-0.17979276180267334
992,-0.769421398639679,-0.17576666176319122,-0.12351271510124207
993,-0.599737286567688,-0.15765953063964844,-0.06575280427932739
994,-0.4368254840373993,-0.1435905396938324,-0.006511412560939789
995,-0.28069403767585754,-0.13356322050094604,0.05421104654669762
996,-0.13135461509227753,-0.12758029997348785,0.11641234159469604
997,0.0111817866563797,-0.1256428360939026,0.1800890862941742
998,0.14690819382667542,-0.12774959206581116,0.24523770809173584
999,0.2758243680000305,-0.1338973045349121,0.3118557333946228
1000,0.39793676137924194,-0.14408236742019653,0.37994319200515747
