1,-3.84806489944458,-1.9397990703582764,0.2012941986322403
2,-3.736628532409668,-2.205764055252075,0.19505161046981812
3,-3.50418758392334,-2.4655895233154297,0.19450749456882477
4,-3.1507861614227295,-2.7192344665527344,0.199655219912529
5,-2.676442861557007,-2.9667186737060547,0.21049284934997559
6,-2.0811574459075928,-3.208052635192871,0.2270207703113556
7,-1.3648946285247803,-3.4432373046875,0.2492407113313675
8,-0.5275722742080688,-3.6722683906555176,0.27715569734573364
9,0.43097859621047974,-3.895159959793091,0.3107732832431793
10,1.5108590126037598,-4.112245559692383,0.3500889539718628
11,-3.270812511444092,-1.4657881259918213,0.19529148936271667
12,-3.1563897132873535,-1.6712000370025635,0.1921217292547226
13,-2.9209156036376953,-1.8704569339752197,0.19464626908302307
14,-2.5645077228546143,-2.0635757446289062,0.20286260545253754
15,-2.087174654006958,-2.2505545616149902,0.21676898002624512
16,-1.4889127016067505,-2.431398868560791,0.23636585474014282
17,-0.7696829438209534,-2.606109380722046,0.26165497303009033
18,0.07059231400489807,-2.7746880054473877,0.2926395833492279
19,1.0320483446121216,-2.9371659755706787,0.3293258249759674
20,2.1148581504821777,-3.09370756149292,0.37171033024787903
21,-2.6875786781311035,-0.9859932065010071,0.19515474140644073
22,-2.570194721221924,-1.1308947801589966,0.1950535923242569
23,-2.3317348957061768,-1.2696465253829956,0.20064491033554077
24,-1.972339153289795,-1.4022761583328247,0.21192796528339386
25,-1.4920272827148438,-1.5287846326828003,0.2289012223482132
26,-0.8907912373542786,-1.6491730213165283,0.2515653073787689
27,-0.1685890406370163,-1.763442873954773,0.27992209792137146
28,0.6746600270271301,-1.8715983629226685,0.31397491693496704
29,1.6391005516052246,-1.9736632108688354,0.3537302613258362
30,2.724973440170288,-2.0697293281555176,0.39918777346611023
31,-2.098405122756958,-0.5004978775978088,0.20087715983390808
32,-1.9780502319335938,-0.5848773717880249,0.20384462177753448
33,-1.7366094589233398,-0.6631333827972412,0.2125026434659958
34,-1.3742339611053467,-0.7352843284606934,0.22685223817825317
35,-0.8909475803375244,-0.8013314604759216,0.24689191579818726
36,-0.2867429852485657,-0.8612746596336365,0.27262240648269653
37,0.43842339515686035,-0.9151140451431274,0.30404576659202576
38,1.2846355438232422,-0.9628524780273438,0.3411655128002167
39,2.2520439624786377,-1.0045020580291748,0.3839884400367737
40,3.3409032821655273,-1.0401113033294678,0.4325155019760132
41,-1.5032187700271606,-0.00922967679798603,0.21245674788951874
42,-1.3798911571502686,-0.033089131116867065,0.21849298477172852
43,-1.135475516319275,-0.050854600965976715,0.23021790385246277
44,-0.7701265811920166,-0.06253162026405334,0.2476339191198349
45,-0.28387415409088135,-0.06812133640050888,0.2707396149635315
46,0.32328808307647705,-0.06762327253818512,0.2995358109474182
47,1.0514039993286133,-0.06103591248393059,0.33402472734451294
48,1.9005595445632935,-0.04835788905620575,0.3742099404335022
49,2.870910406112671,-0.029588311910629272,0.42009878158569336
50,3.9627177715301514,-0.004739790223538876,0.47169336676597595
51,-0.9019837975502014,0.4878581464290619,0.2298939973115921
52,-0.7756789326667786,0.524517834186554,0.2389991581439972
53,-0.5282891392707825,0.5672408938407898,0.25379130244255066
54,-0.1599714756011963,0.6160365343093872,0.2742738127708435
55,0.3292385935783386,0.6709029078483582,0.3004451394081116
56,0.9393457770347595,0.7318407893180847,0.332306444644928
57,1.670393943786621,0.7988533973693848,0.36985981464385986
58,2.5224711894989014,0.8719471096992493,0.41310906410217285
59,3.495739221572876,0.9511370062828064,0.4620622992515564
60,4.590464115142822,1.0364434719085693,0.5167230367660522
61,-0.2946648895740509,0.990809440612793,0.25319063663482666
62,-0.16537587344646454,1.0879896879196167,0.26536497473716736
63,0.08499157428741455,1.1912038326263428,0.28322479128837585
64,0.45627522468566895,1.300473928451538,0.3067738711833954
65,0.9484350681304932,1.415797233581543,0.3360109329223633
66,1.5614746809005737,1.5371752977371216,0.37093663215637207
67,2.295438289642334,1.6646122932434082,0.41155341267585754
68,3.1504132747650146,1.7981194257736206,0.45786532759666443
69,4.1265692710876465,1.9377250671386719,0.5098811984062195
70,5.224178791046143,2.083486318588257,0.5676063895225525
71,0.31878578662872314,1.4996732473373413,0.2823498845100403
72,0.45106425881385803,1.6573766469955444,0.29759377241134644
73,0.7044128775596619,1.8210885524749756,0.31852197647094727
74,1.078660011291504,1.990837812423706,0.34513795375823975
75,1.5737624168395996,2.166621446609497,0.377440482378006
76,2.1897239685058594,2.348442554473877,0.41543033719062805
77,2.9265871047973633,2.5363059043884277,0.45910975337028503
78,3.7844369411468506,2.730224609375,0.5084829330444336
79,4.763445854187012,2.9302382469177246,0.5635591745376587
80,5.863897323608398,3.136448621749878,0.6243466734886169
81,0.9384462833404541,2.0145320892333984,0.3173794448375702
82,1.0737025737762451,2.2327468395233154,0.335691899061203
83,1.3300365209579468,2.4569661617279053,0.359689325094223
84,1.7072455883026123,2.6872050762176514,0.3893730640411377
85,2.205286741256714,2.9234585762023926,0.4247415363788605
86,2.8241655826568604,3.1657328605651855,0.4657957851886749
87,3.563920736312866,3.414031744003296,0.5125377774238586
88,4.424631118774414,3.668365240097046,0.5649714469909668
89,5.406467437744141,3.928781747817993,0.6231064200401306
90,6.509706020355225,4.19545316696167,0.6869540810585022
91,1.5644149780273438,2.5353074073791504,0.35827547311782837
92,1.7026019096374512,2.8140709400177,0.3796568214893341
93,1.9619275331497192,3.098862648010254,0.4067273437976837
94,2.342087984085083,3.389629364013672,0.4394806921482086
95,2.8430612087249756,3.6863865852355957,0.4779167175292969
96,3.464857816696167,3.989147663116455,0.5220370292663574
97,4.207514762878418,4.297916412353516,0.5718435049057007
98,5.071101665496826,4.612695217132568,0.6273393034934998
99,6.055798053741455,4.933516025543213,0.6885342001914978
100,7.161993026733398,5.260735511779785,0.7554534673690796
101,-4.349617004394531,-2.1924173831939697,0.21098020672798157
102,-4.180579662322998,-2.4568428993225098,0.20752555131912231
103,-3.8899381160736084,-2.715010166168213,0.2097827047109604
104,-3.4779257774353027,-2.9669196605682373,0.217747300863266
105,-2.9445409774780273,-3.212542772293091,0.23141616582870483
106,-2.2897791862487793,-3.451890230178833,0.25079044699668884
107,-1.513566017150879,-3.684962511062622,0.27587375044822693
108,-0.6157428622245789,-3.9117584228515625,0.3066720962524414
109,0.4039115011692047,-4.132401943206787,0.3431946933269501
110,1.5455007553100586,-4.347235679626465,0.3854237198829651
111,-3.7120563983917236,-1.6575043201446533,0.2077319622039795
112,-3.5398993492126465,-1.8610608577728271,0.20736584067344666
113,-3.246117353439331,-2.058380603790283,0.2127063125371933
114,-2.830991268157959,-2.249490261077881,0.2237532138824463
115,-2.2945384979248047,-2.4343631267547607,0.2405044436454773
116,-1.6367419958114624,-2.61299729347229,0.2629612386226654
117,-0.8575174808502197,-2.7853925228118896,0.2911275625228882
118,0.04328960180282593,-2.9515650272369385,0.32500964403152466
119,1.0658985376358032,-3.1116161346435547,0.3646157681941986
120,2.2104601860046387,-3.265753984451294,0.4099288284778595
121,-3.0684103965759277,-1.116773247718811,0.21036361157894135
122,-2.8932008743286133,-1.2595194578170776,0.2130807787179947
123,-2.5963568687438965,-1.3960654735565186,0.22150182723999023
124,-2.178161144256592,-1.5264307260513306,0.23562848567962646
125,-1.638658046722412,-1.6506016254425049,0.25545936822891235
126,-0.9778283834457397,-1.76857328414917,0.2809961438179016
127,-0.1955839991569519,-1.8803468942642212,0.3122427761554718
128,0.708234965801239,-1.9859377145767212,0.34920597076416016
129,1.7338683605194092,-2.0854129791259766,0.3918934762477875
130,2.8815176486968994,-2.178919553756714,0.4402923583984375
131,-2.4188597202301025,-0.5704151391983032,0.21887047588825226
132,-2.2406089305877686,-0.6523579359054565,0.22466999292373657
133,-1.940713882446289,-0.7281455993652344,0.23617079854011536
134,-1.5194668769836426,-0.7977869510650635,0.25337639451026917
135,-0.9769274592399597,-0.8612746000289917,0.2762857675552368
136,-0.31308019161224365,-0.9186046123504639,0.30490076541900635
137,0.47216641902923584,-0.9697766304016113,0.3392256796360016
138,1.3789783716201782,-1.014798641204834,0.379267156124115
139,2.407614231109619,-1.0537079572677612,0.42503443360328674
140,3.5582916736602783,-1.0865951776504517,0.4765157103538513
141,-1.7632980346679688,-0.018340321257710457,0.23324936628341675
142,-1.582014799118042,-0.03948880359530449,0.24213121831417084
143,-1.2790809869766235,-0.05452558770775795,0.2567116916179657
144,-0.8548000454902649,-0.06345075368881226,0.27699586749076843
145,-0.30924734473228455,-0.06626269221305847,0.30298271775245667
146,0.3575883209705353,-0.06295891106128693,0.3346741497516632
147,1.1457993984222412,-0.053536172956228256,0.37207481265068054
148,2.0555570125579834,-0.03799258545041084,0.4151916205883026
149,3.0871357917785645,-0.016332972794771194,0.464034765958786
150,4.240760326385498,0.01140730082988739,0.5185944437980652
151,-1.1016544103622437,0.5395453572273254,0.2535015046596527
152,-0.9173346757888794,0.5791873931884766,0.2654658257961273
153,-0.6113672256469727,0.6248984932899475,0.2831263244152069
154,-0.18406790494918823,0.6766870021820068,0.3064887225627899
155,0.36447370052337646,0.7345480918884277,0.3355521261692047
156,1.0342636108398438,0.7984826564788818,0.37031832337379456
157,1.8253945112228394,0.8684966564178467,0.41079196333885193
158,2.7380433082580566,0.9446036219596863,0.45698079466819763
159,3.7724990844726562,1.0268317461013794,0.5088962316513062
160,4.929004669189453,1.1152018308639526,0.5665308833122253
161,-0.4338531196117401,1.103336215019226,0.279630571603775
162,-0.24648472666740417,1.2037732601165771,0.29467788338661194
163,0.06251664459705353,1.3102363348007202,0.3154188394546509
164,0.49282217025756836,1.4227405786514282,0.3418595492839813
165,1.0443289279937744,1.5412758588790894,0.3739987015724182
166,1.7170393466949463,1.6658408641815186,0.41183799505233765
167,2.51104474067688,1.796444296836853,0.4553823173046112
168,3.4265265464782715,1.9331101179122925,0.5046395659446716
169,4.463789939880371,2.075899124145508,0.5596233606338501
170,5.623098850250244,2.2248897552490234,0.6203293800354004
171,0.24019889533519745,1.6731311082839966,0.31164291501045227
172,0.4306257367134094,1.8343733549118042,0.329773873090744
173,0.7426599860191345,2.001596450805664,0.3535959720611572
174,1.1759601831436157,2.1748244762420654,0.3831152021884918
175,1.7304110527038574,2.3540396690368652,0.41832971572875977
176,2.406013011932373,2.5392401218414307,0.45924103260040283
177,3.202854633331299,2.7304351329803467,0.5058538317680359
178,4.121117115020752,2.927656650543213,0.5581766963005066
179,5.161116600036621,3.130995988845825,0.6162247061729431
180,6.323129653930664,3.3405885696411133,0.6799966096878052
181,0.9206193685531616,2.249032735824585,0.3495481312274933
182,1.1140921115875244,2.4710865020751953,0.3707626163959503
183,1.429153561592102,2.699084520339966,0.3976662755012512
184,1.8654388189315796,2.933058023452759,0.4302653670310974
185,2.4228203296661377,3.172971487045288,0.46855589747428894
186,3.1013004779815674,3.4188263416290283,0.5125395655632019
187,3.90096378326416,3.670631170272827,0.5622207522392273
188,4.821981906890869,3.9284164905548096,0.617607593536377
189,5.8646931648254395,4.192312717437744,0.6787187457084656
190,7.029353141784668,4.4625139236450195,0.7455543875694275
191,1.607457160949707,2.8308420181274414,0.39332932233810425
192,1.8039051294326782,3.1137595176696777,0.4176277220249176
193,2.121967315673828,3.4026079177856445,0.44761747121810913
194,2.5612101554870605,3.697380781173706,0.4832991361618042
195,3.1215052604675293,3.9980409145355225,0.5246681571006775
196,3.8028669357299805,4.30460262298584,0.5717267990112305
197,4.605370044708252,4.617071628570557,0.6244791150093079
198,5.529165267944336,4.9354634284973145,0.6829318404197693
199,6.57461404800415,5.259931564331055,0.7471062541007996
200,7.742053508758545,5.590816974639893,0.8170140385627747
201,-4.843316555023193,-2.438770294189453,0.22615845501422882
202,-4.616401672363281,-2.700946807861328,0.22552528977394104
203,-4.267435550689697,-2.9568188190460205,0.2306077927350998
204,-3.7967796325683594,-3.2064688205718994,0.24140587449073792
205,-3.204439401626587,-3.449815273284912,0.25791817903518677
206,-2.490406036376953,-3.6868348121643066,0.28014564514160156
207,-1.6546255350112915,-3.9175221920013428,0.30809125304222107
208,-0.697012186050415,-4.141904354095459,0.34175819158554077
209,0.38245630264282227,-4.360138416290283,0.3811452388763428
210,1.5837230682373047,-4.572168827056885,0.4262317717075348
211,-4.1461896896362305,-1.8433947563171387,0.22569836676120758
212,-3.916027307510376,-2.0445761680603027,0.22815705835819244
213,-3.5639023780822754,-2.23954439163208,0.2363298088312149
214,-3.090099811553955,-2.4283018112182617,0.2502167522907257
215,-2.4946601390838623,-2.6107969284057617,0.26981741189956665
216,-1.777566909790039,-2.787006378173828,0.29513323307037354
217,-0.9387532472610474,-2.9569268226623535,0.326167494058609
218,0.021885693073272705,-3.1205902099609375,0.36292433738708496
219,1.1044306755065918,-3.2781059741973877,0.40540334582328796
220,2.308745861053467,-3.4295401573181152,0.45358145236968994
221,-3.442668914794922,-1.242020845413208,0.23112237453460693
222,-3.209364891052246,-1.3822276592254639,0.23667126893997192
223,-2.8541345596313477,-1.516286849975586,0.2479332983493805
224,-2.3772189617156982,-1.644162654876709,0.2649085521697998
225,-1.7786873579025269,-1.7658206224441528,0.2875969409942627
226,-1.0585294961929321,-1.8812421560287476,0.3160002827644348
227,-0.21667464077472687,-1.99042546749115,0.35012197494506836
228,0.7469891309738159,-2.0933945178985596,0.3899659812450409
229,1.8325543403625488,-2.1902248859405518,0.4355313181877136
230,3.039827346801758,-2.2810192108154297,0.48679468035697937
231,-2.733060121536255,-0.6348644495010376,0.24243012070655823
232,-2.4966633319854736,-0.7141386270523071,0.2510679364204407
233,-2.1383397579193115,-0.7872927188873291,0.26541829109191895
234,-1.6583331823349,-0.854296088218689,0.28548097610473633
235,-1.0567289590835571,-0.9151273965835571,0.31125614047050476
236,-0.33352577686309814,-0.969774603843689,0.34274542331695557
237,0.5113480687141418,-1.018235206604004,0.3799523711204529
238,1.4780113697052002,-1.060523509979248,0.4228808879852295
239,2.566572904586792,-1.0966856479644775,0.47153109312057495
240,3.7768356800079346,-1.1268049478530884,0.525879979133606
241,-2.017354726791382,-0.02193853259086609,0.2596202492713928
242,-1.7778916358947754,-0.04029969871044159,0.27134639024734497
243,-1.4164897203445435,-0.05255269259214401,0.2887845039367676
244,-0.9334137439727783,-0.058686841279268265,0.31193405389785767
245,-0.3287670910358429,-0.05869534611701965,0.34079456329345703
246,0.39744314551353455,-0.052573349326848984,0.37536776065826416
247,1.2452888488769531,-0.04031769558787346,0.4156571328639984
248,2.2148959636688232,-0.021930042654275894,0.4616670608520508
249,3.306391477584839,0.0025753378868103027,0.5133986473083496
250,4.519588470458984,0.033154964447021484,0.5708299279212952
251,-1.2955085039138794,0.5968177318572998,0.2826937735080719
252,-1.0529842376708984,0.6393628120422363,0.29750820994377136
253,-0.6885162591934204,0.6880089640617371,0.3180338144302368
254,-0.20239391922950745,0.7427427172660828,0.34426936507225037
255,0.40526023507118225,0.803554892539978,0.37621384859085083
256,1.1344313621520996,0.8704431653022766,0.41386860609054565
257,1.9851912260055542,0.943411648273468,0.4572373926639557
258,2.957674264907837,1.0224721431732178,0.5063248872756958
259,4.052026748657227,1.1076432466506958,0.5611337423324585
260,5.268088340759277,1.198927879333496,0.6216440796852112
261,-0.5674678087234497,1.2214792966842651,0.3116537034511566
262,-0.32187408208847046,1.3249378204345703,0.32955682277679443
263,0.045651718974113464,1.434484839439392,0.35316991806030273
264,0.534798264503479,1.5500866174697876,0.38249072432518005
265,1.1454253196716309,1.6717188358306885,0.41751766204833984
266,1.8775111436843872,1.7993714809417725,0.45825183391571045
267,2.7311277389526367,1.9330501556396484,0.5046968460083008
268,3.7064177989959717,2.0727787017822266,0.5568581819534302
269,4.803547382354736,2.218608856201172,0.6147400736808777
270,6.0223894119262695,2.37058424949646,0.6783250570297241
271,0.16681957244873047,1.8521097898483276,0.3465035855770111
272,0.4154961407184601,2.0165019035339355,0.36749643087387085
273,0.7860690355300903,2.186953067779541,0.3941967785358429
274,1.2782174348831177,2.363424777984619,0.426602303981781
275,1.8917864561080933,2.5458786487579346,0.46471071243286133
276,2.626749277114868,2.734297752380371,0.5085225701332092
277,3.4831764698028564,2.9286868572235107,0.5580413341522217
278,4.461218357086182,3.1290817260742188,0.613273561000824
279,5.561058521270752,3.3355648517608643,0.6742249131202698
280,6.782585620880127,3.5481979846954346,0.7408788800239563
281,0.9073601961135864,2.488696336746216,0.3872423768043518
282,1.159135103225708,2.7140660285949707,0.41132721304893494
283,1.532731294631958,2.9454240798950195,0.44111400842666626
284,2.027858257293701,3.1827735900878906,0.4766043722629547
285,2.644347667694092,3.426058292388916,0.5177944302558899
286,3.382168769836426,3.6752543449401855,0.5646835565567017
287,4.241389751434326,3.9303669929504395,0.6172754764556885
288,5.222162246704102,4.1914381980896,0.6755769848823547
289,6.32470178604126,4.45858907699585,0.7395977973937988
290,7.548881530761719,4.731842994689941,0.8093181848526001
291,1.654036521911621,3.13100528717041,0.4338497817516327
292,1.9088642597198486,3.417369842529297,0.46102625131607056
293,2.2854037284851074,3.7096269130706787,0.4938983917236328
294,2.783468246459961,4.007865905761719,0.5324744582176208
295,3.402860403060913,4.311995983123779,0.5767468810081482
296,4.143548011779785,4.621993541717529,0.626714825630188
297,5.005583763122559,4.9378581047058105,0.6823813319206238
298,5.989096164703369,5.259627819061279,0.7437517046928406
299,7.094308376312256,5.587470531463623,0.8108389973640442
300,8.3209867477417,5.921283721923828,0.883614718914032
301,-5.330491542816162,-2.67930269241333,0.2469024956226349
302,-5.045251846313477,-2.938838005065918,0.24909815192222595
303,-4.6378889083862305,-3.1921510696411133,0.25701677799224854
304,-4.108578681945801,-3.4392402172088623,0.2706568241119385
305,-3.4573721885681152,-3.680046319961548,0.29001739621162415
306,-2.6842753887176514,-3.914524793624878,0.3150985538959503
307,-1.7892831563949585,-4.142663955688477,0.3459012508392334
308,-0.7724084854125977,-4.364494323730469,0.3824249505996704
309,0.36626648902893066,-4.580077648162842,0.42466455698013306
310,1.6265668869018555,-4.789368152618408,0.47260764241218567
311,-4.573766231536865,-2.0234451293945312,0.24923813343048096
312,-4.2852630615234375,-2.2219576835632324,0.25452637672424316
313,-3.8747305870056152,-2.4143292903900146,0.26553744077682495
314,-3.342285633087158,-2.600494861602783,0.282269150018692
315,-2.6879844665527344,-2.7804043292999268,0.30472061038017273
316,-1.9118307828903198,-2.954021692276001,0.33289238810539246
317,-1.0138033628463745,-3.1213388442993164,0.3667859733104706
318,0.006116807460784912,-3.28238582611084,0.4064018130302429
319,1.1478850841522217,-3.4372239112854004,0.45173564553260803
320,2.4112548828125,-3.5859334468841553,0.5027719736099243
321,-3.8105785846710205,-1.361508846282959,0.25746527314186096
322,-3.5189075469970703,-1.4989993572235107,0.26584601402282715
323,-3.105236530303955,-1.630394458770752,0.2799499034881592
324,-2.5696659088134766,-1.7556177377700806,0.29977402091026306
325,-1.9122607707977295,-1.8746223449707031,0.3253173828125
326,-1.1330325603485107,-1.9873825311660767,0.3565804958343506
327,-0.2319549322128296,-2.0938925743103027,0.393564909696579
328,0.7910017371177673,-2.1941745281219482,0.43627119064331055
329,1.935790777206421,-2.28828763961792,0.4846947491168976
330,3.2021090984344482,-2.3763394355773926,0.5388180613517761
331,-3.0411293506622314,-0.6936531662940979,0.27158233523368835
332,-2.746352434158325,-0.7701597213745117,0.2830546200275421
333,-2.329566478729248,-0.8405749797821045,0.3002510666847229
334,-1.7908880710601807,-0.9048463106155396,0.323167622089386
335,-1.1303966045379639,-0.9629427194595337,0.3518024682998657
336,-0.3481128215789795,-1.0148472785949707,0.386155903339386
337,0.5559887886047363,-1.0605562925338745,0.42622941732406616
338,1.5819437503814697,-1.1000843048095703,0.47202354669570923
339,2.7297089099884033,-1.13347327709198,0.5235339999198914
340,3.9989821910858154,-1.1608078479766846,0.5807435512542725
341,-2.2654833793640137,-0.019942380487918854,0.2915882468223572
342,-1.967634916305542,-0.03548873960971832,0.30615153908729553
343,-1.5477557182312012,-0.04492781311273575,0.326439768075943
344,-1.0059927701950073,-0.048244867473840714,0.35244783759117126
345,-0.342446893453598,-0.04543107748031616,0.38417282700538635
346,0.4428519010543823,-0.036480844020843506,0.42161473631858826
347,1.3499281406402588,-0.021392114460468292,0.46477481722831726
348,2.3788247108459473,-0.00016929954290390015,0.5136538743972778
349,3.5295135974884033,0.027170740067958832,0.5682485103607178
350,4.801716327667236,0.06058799475431442,0.6285426020622253
351,-1.4836453199386597,0.6596283912658691,0.3174833059310913
352,-1.1827389001846313,0.7050344944000244,0.33513709902763367
353,-0.7597833871841431,0.7565692663192749,0.35851672291755676
354,-0.21496394276618958,0.8142063617706299,0.38761523365974426
355,0.4515976011753082,0.8779298067092896,0.422428697347641
356,1.2398616075515747,0.9477329850196838,0.46295657753944397
357,2.1498522758483887,1.0236166715621948,0.5092001557350159
358,3.181622266769409,1.1055874824523926,0.5611605644226074
359,4.335165500640869,1.1936571598052979,0.6188358068466187
360,5.610239505767822,1.2878353595733643,0.6822117567062378
361,-0.695610761642456,1.345084309577942,0.34926837682724
362,-0.39164283871650696,1.4514505863189697,0.3700130879878998
363,0.03437602519989014,1.5639607906341553,0.3964836001396179
364,0.5822242498397827,1.682550072669983,0.4286711812019348
365,1.2517616748809814,1.8071801662445068,0.46657127141952515
366,2.042940616607666,1.9378331899642944,0.5101826190948486
367,2.955786943435669,2.0745081901550293,0.5595065951347351
368,3.9903619289398193,2.2172226905822754,0.6145449876785278
369,5.146684169769287,2.366013526916504,0.6752967238426208
370,6.424557685852051,2.5209364891052246,0.7417504787445068
371,0.09860581159591675,2.0364298820495605,0.3869432508945465
372,0.40565162897109985,2.2037806510925293,0.41078001260757446
373,0.8347212672233582,2.3772692680358887,0.4403409957885742
374,1.3855700492858887,2.5568058490753174,0.47561654448509216
375,2.0580477714538574,2.742337942123413,0.5166015625
376,2.8521015644073486,2.933837413787842,0.5632944107055664
377,3.767756462097168,3.1313023567199707,0.6156963109970093
378,4.805084705352783,3.3347578048706055,0.6738095283508301
379,5.964125156402588,3.5442581176757812,0.7376343607902527
380,7.2447190284729,3.75988507270813,0.807161271572113
381,0.8989338874816895,2.7335972785949707,0.4305027723312378
382,1.2090799808502197,2.961972713470459,0.4574337899684906
383,1.6411728858947754,3.1964340209960938,0.49008452892303467
384,2.1949892044067383,3.43690824508667,0.528447151184082
385,2.8703813552856445,3.683337450027466,0.5725163817405701
386,3.667290687561035,3.935683488845825,0.622289776802063
387,4.585737228393555,4.193941116333008,0.6777682304382324
388,5.625794887542725,4.45814323425293,0.738954484462738
389,6.787512302398682,4.728349208831787,0.805849552154541
390,8.070746421813965,5.004613399505615,0.8784430027008057
391,1.7052191495895386,3.4364163875579834,0.479934424161911
392,2.018439292907715,3.725815773010254,0.5099589824676514
393,2.453481912612915,4.021213531494141,0.5456965565681458
394,3.010225534439087,4.322606086730957,0.5871455073356628
395,3.6885247230529785,4.629926681518555,0.6342993974685669
396,4.488307476043701,4.943124771118164,0.6871546506881714
397,5.409578323364258,5.262189865112305,0.7457106113433838
398,6.452388763427734,5.587156772613525,0.809969961643219
399,7.6167497634887695,5.918079853057861,0.8799317479133606
400,8.902425765991211,6.254883766174316,0.9555776119232178
401,-5.811459064483643,-2.914069175720215,0.27323850989341736
402,-5.467645168304443,-3.1707842350006104,0.2782658338546753
403,-5.001764297485352,-3.4213647842407227,0.2890234887599945
404,-4.413818836212158,-3.665738582611084,0.30550774931907654
405,-3.7038474082946777,-3.9038476943969727,0.3277166187763214
406,-2.871880531311035,-4.135647773742676,0.35564884543418884
407,-1.9179582595825195,-4.361123561859131,0.3893034756183624
408,-0.8421510457992554,-4.580286979675293,0.4286785125732422
409,0.35540807247161865,-4.793166160583496,0.4737694263458252
410,1.6745051145553589,-4.999797821044922,0.5245714783668518
411,-4.995072364807129,-2.1976828575134277,0.2783729135990143
412,-4.648036956787109,-2.393385410308838,0.28649279475212097
413,-4.178997993469238,-2.583003282546997,0.3003433346748352
414,-3.5879387855529785,-2.7664358615875244,0.31992006301879883
415,-2.8748910427093506,-2.9436254501342773,0.3452208340167999
416,-2.039881467819214,-3.1145358085632324,0.376244455575943
417,-1.0829336643218994,-3.279156446456909,0.4129905104637146
418,-0.004091918468475342,-3.4375016689300537,0.45545777678489685
419,1.1965315341949463,-3.5896191596984863,0.5036422610282898
420,2.5186827182769775,-3.73561954498291,0.5575369596481323
421,-4.172264575958252,-1.4752000570297241,0.2894061505794525
422,-3.822077512741089,-1.6098849773406982,0.300618976354599
423,-3.349895477294922,-1.7385029792785645,0.31756332516670227
424,-2.7557146549224854,-1.8609659671783447,0.34023410081863403
425,-2.0395705699920654,-1.9772194623947144,0.3686283528804779
426,-1.2014925479888916,-2.087235927581787,0.4027447998523712
427,-0.24149876832962036,-2.191007614135742,0.4425830543041229
428,0.8403747081756592,-2.2885494232177734,0.4881419539451599
429,2.0440139770507812,-2.3799140453338623,0.5394176244735718
430,3.3691372871398926,-2.46521258354187,0.5964009761810303
431,-3.343118190765381,-0.7467228770256042,0.30633458495140076
432,-2.989835500717163,-0.8204149603843689,0.3206399381160736
433,-2.5145394802093506,-0.888027548789978,0.340678334236145
434,-1.9172513484954834,-0.9495044946670532,0.366443395614624
435,-1.1980223655700684,-1.0048103332519531,0.39793121814727783
436,-0.35689055919647217,-1.0539275407791138,0.43514010310173035
437,0.6061254739761353,-1.0968513488769531,0.47806936502456665
438,1.6909934282302856,-1.1335939168930054,0.5267178416252136
439,2.897603750228882,-1.164194107055664,0.5810818076133728
440,4.225681781768799,-1.1887309551239014,0.641152560710907
441,-2.5077061653137207,-0.0123257115483284,0.3291562497615814
442,-2.1513631343841553,-0.025044605135917664,0.3465534746646881
443,-1.6729764938354492,-0.03165335953235626,0.3696853816509247
444,-1.072605013847351,-0.032138049602508545,0.3985441029071808
445,-0.35032176971435547,-0.026490040123462677,0.4331243634223938
446,0.4938255250453949,-0.01470472663640976,0.4734240174293518
447,1.459816813468933,0.0032187700271606445,0.519442081451416
448,2.5476253032684326,0.027275383472442627,0.5711774230003357
449,3.7571587562561035,0.057449355721473694,0.6286271810531616
450,5.088169097900391,0.0937088131904602,0.691784143447876
451,-1.6660717725753784,0.7279564142227173,0.3578700125217438
452,-1.3066850900650024,0.7762037515640259,0.3783585727214813
453,-0.8252284526824951,0.8305970430374146,0.40458330512046814
454,-0.2218020260334015,0.891105055809021,0.43653443455696106
455,0.5034972429275513,0.9577075242996216,0.4742054343223572
456,1.3506121635437012,1.0303947925567627,0.5175935626029968
457,2.3195221424102783,1.1091638803482056,0.5666975975036621
458,3.410209894180298,1.194018006324768,0.6215168833732605
459,4.622607231140137,1.2849684953689575,0.6820494532585144
460,5.956507682800293,1.3820337057113647,0.7482904195785522
461,-0.818256139755249,1.4741028547286987,0.3924747407436371
462,-0.4558256268501282,1.5833232402801514,0.41605469584465027
463,0.02868589758872986,1.698718786239624,0.44537168741226196
464,0.6351385116577148,1.8202168941497803,0.48041385412216187
465,1.3634140491485596,1.9477694034576416,0.5211737155914307
466,2.2134485244750977,2.0813543796539307,0.5676478147506714
467,3.1852216720581055,2.2209651470184326,0.6198350191116333
468,4.278728008270264,2.366611957550049,0.677734911441803
469,5.493924140930176,2.5183300971984863,0.7413469552993774
470,6.830653190612793,2.6761860847473145,0.8106686472892761
471,0.03568178415298462,2.2260775566101074,0.4329686462879181
472,0.40116870403289795,2.3962910175323486,0.45964086055755615
473,0.8887220025062561,2.5726897716522217,0.4920494854450226
474,1.498171329498291,2.755168914794922,0.5301812291145325
475,2.2293875217437744,2.9436628818511963,0.5740280151367188
476,3.0823020935058594,3.13813853263855,0.6235860586166382
477,4.056896686553955,3.3385863304138184,0.6788539886474609
478,5.153171539306641,3.545020580291748,0.7398315072059631
479,6.37110710144043,3.757490873336792,0.8065192699432373
480,7.710594654083252,3.9760961532592773,0.8789171576499939
481,0.8956418633460999,2.983804225921631,0.4793471097946167
482,1.26420259475708,3.215035915374756,0.5091129541397095
483,1.7547749280929565,3.452432870864868,0.5446127653121948
484,2.367190361022949,3.695875883102417,0.5858328938484192
485,3.1013238430023193,3.945298194885254,0.6327655911445618
486,3.957103967666626,4.200658321380615,0.6854064464569092
487,4.934505462646484,4.461941719055176,0.7437536716461182
488,6.033527374267578,4.729164123535156,0.8078070878982544
489,7.254147529602051,5.002365589141846,0.8775661587715149
490,8.59630012512207,5.28165340423584,0.9530333280563354
491,1.761484980583191,3.7471797466278076,0.5316053032875061
492,2.1331052780151367,4.039423942565918,0.5644638538360596
493,2.626646041870117,4.337779998779297,0.6030523777008057
494,3.2419981956481934,4.6421589851379395,0.6473599672317505
495,3.9790501594543457,4.952495574951172,0.697378933429718
496,4.83772087097168,5.26873779296875,0.7531037926673889
497,5.817968845367432,5.590865612030029,0.8145315647125244
498,6.919769763946533,5.918889045715332,0.8816611170768738
499,8.143061637878418,6.2528276443481445,0.9544895887374878
500,9.487730026245117,6.59271240234375,1.0330145359039307
501,-6.286349296569824,-3.1430845260620117,0.30517393350601196
502,-5.883869171142578,-3.396915912628174,0.3130355477333069
503,-5.359385967254639,-3.644662380218506,0.3266327977180481
504,-4.712815284729004,-3.8862266540527344,0.3459608852863312
505,-3.944166660308838,-4.121548652648926,0.37101638317108154
506,-3.053481101989746,-4.350587844848633,0.40179669857025146
507,-2.040822982788086,-4.5733256340026855,0.43829959630966187
508,-0.9062917232513428,-4.78976583480835,0.48052310943603516
509,0.3499668836593628,-4.999936103820801,0.5284650921821594
510,1.727762222290039,-5.203919410705566,0.5821258425712585
511,-5.410289287567139,-2.3661463260650635,0.31310972571372986
512,-5.004642486572266,-2.5589845180511475,0.32406342029571533
513,-4.4770307540893555,-2.7457618713378906,0.3407534062862396
514,-3.8273701667785645,-2.9263763427734375,0.36317387223243713
515,-3.055665969848633,-3.100766658782959,0.39132121205329895
516,-2.1619534492492676,-3.268900156021118,0.4251929819583893
517,-1.146284818649292,-3.430762767791748,0.46478724479675293
518,-0.008739709854125977,-3.5863637924194336,0.5101025104522705
519,1.2505502700805664,-3.735748052597046,0.561136782169342
520,2.631377696990967,-3.879030704498291,0.6178893446922302
521,-4.527880668640137,-1.5831279754638672,0.3269497752189636
522,-4.119112968444824,-1.7149667739868164,0.3409961760044098
523,-3.588376760482788,-1.8407464027404785,0.36077985167503357
524,-2.9356112480163574,-1.960383653640747,0.38629454374313354
525,-2.1608266830444336,-2.073826313018799,0.4175356924533844
526,-1.2640597820281982,-2.181046962738037,0.4545004665851593
527,-0.245358407497406,-2.2820370197296143,0.4971871078014374
528,0.8952054381370544,-2.3768086433410645,0.5455939769744873
529,2.1575028896331787,-2.4654088020324707,0.5997196435928345
530,3.5413146018981934,-2.547938346862793,0.6595619320869446
531,-3.639124631881714,-0.7940868735313416,0.34668925404548645
532,-3.2272825241088867,-0.8649419546127319,0.363828182220459
533,-2.693446159362793,-0.9297162890434265,0.38670599460601807
534,-2.037585973739624,-0.9883602857589722,0.41531533002853394
535,-1.2597285509109497,-1.0408411026000977,0.4496505558490753
536,-0.3599177300930023,-1.087141513824463,0.4897082448005676
537,0.6617987751960754,-1.1272574663162231,0.5354864597320557
538,1.805351972579956,-1.1611988544464111,0.5869836807250977
539,3.070620059967041,-1.189000129699707,0.6441983580589294
540,4.4573974609375,-1.2107269763946533,0.7071292400360107
541,-2.744077444076538,0.0009093284606933594,0.3723249137401581
542,-2.329190731048584,-0.008975207805633545,0.3925556242465973
543,-1.7922788858413696,-0.01274465024471283,0.4185273051261902
544,-1.133346438407898,-0.010388344526290894,0.4502307176589966
545,-0.35244253277778625,-0.0018995553255081177,0.4876590967178345
546,0.5503795146942139,0.012724891304969788,0.5308084487915039
547,1.5750702619552612,0.03348493576049805,0.5796764492988586
548,2.7215676307678223,0.06037576496601105,0.6342617869377136
549,3.98976469039917,0.09338496625423431,0.6945634484291077
550,5.379486083984375,0.13248994946479797,0.7605817317962646
551,-1.8427996635437012,0.8018053770065308,0.4038540720939636
552,-1.4248851537704468,0.8528863787651062,0.42717620730400085
553,-0.884917676448822,0.9101207256317139,0.4562408924102783
554,-0.22294041514396667,0.9734781384468079,0.4910372793674469
555,0.5609753727912903,1.0429377555847168,0.5315573215484619
556,1.4667662382125854,1.1184873580932617,0.5777963399887085
557,2.49438214302063,1.2001222372055054,0.6297517418861389
558,3.643770694732666,1.2878451347351074,0.6874225735664368
559,4.914848327636719,1.3816670179367065,0.7508087754249573
560,6.307476043701172,1.481611967086792,0.8199129104614258
561,-0.9353570938110352,1.6085528135299683,0.44127461314201355
562,-0.5144189596176147,1.7206037044525146,0.46768808364868164
563,0.02858850359916687,1.8388416767120361,0.49984514713287354
564,0.693583607673645,1.9631969928741455,0.5377330780029297
565,1.480474829673767,2.093622922897339,0.5813429355621338
566,2.3891916275024414,2.230093002319336,0.6306694149971008
567,3.419684648513794,2.3725993633270264,0.6857098340988159
568,4.571911811828613,2.521148681640625,0.7464631795883179
569,5.845815658569336,2.6757752895355225,0.81293123960495
570,7.241302013397217,2.836547613143921,0.8851180076599121
571,-0.02183091640472412,2.4210968017578125,0.4845845103263855
572,0.40213823318481445,2.594130754470825,0.5140896439552307
573,0.9481723308563232,2.773371458053589,0.5493384003639221
574,1.6161590814590454,2.9587159156799316,0.5903165936470032
575,2.405994415283203,3.1500978469848633,0.6370145678520203
576,3.31760311126709,3.3474807739257812,0.689426600933075
577,4.350937366485596,3.550852060317993,0.7475495934486389
578,5.505959987640381,3.760221242904663,0.8113831281661987
579,6.782635688781738,3.975635528564453,0.8809292316436768
580,8.18091869354248,4.197200775146484,0.9561952352523804
581,0.8976764678955078,3.239370822906494,0.5337814688682556
582,1.3246890306472778,3.473403215408325,0.5663788914680481
583,1.8737330436706543,3.7136402130126953,0.6047191619873047
584,2.544687271118164,3.959956645965576,0.6487864851951599
585,3.3374483585357666,4.2122802734375,0.6985714435577393
586,4.251938819885254,4.470566749572754,0.7540680170059204
587,5.288104057312012,4.734799861907959,0.8152727484703064
588,6.445905685424805,5.0049848556518555,0.8821845054626465
589,7.725305080413818,5.281166076660156,0.9548048973083496
590,9.126304626464844,5.563467979431152,1.0331437587738037
591,1.8230609893798828,4.063323020935059,0.5888658165931702
592,2.2531089782714844,4.358348846435547,0.6245552897453308
593,2.8051319122314453,4.659551620483398,0.665985107421875
594,3.4790375232696533,4.966814041137695,0.7131410837173462
595,4.274731636047363,5.280063629150391,0.766013503074646
596,5.192129611968994,5.599250793457031,0.8245956897735596
597,6.231165885925293,5.924350261688232,0.8888832330703735
598,7.39177942276001,6.2553629875183105,0.9588739275932312
599,8.673905372619629,6.592309951782227,1.0345673561096191
600,10.07752799987793,6.935286045074463,1.1159719228744507
601,-6.755273818969727,-3.366381883621216,0.34270939230918884
602,-6.294113636016846,-3.6173148155212402,0.35340774059295654
603,-5.710994243621826,-3.862177848815918,0.3698451817035675
604,-5.005807876586914,-4.1008806228637695,0.3920162320137024
605,-4.178542137145996,-4.333364009857178,0.4199165999889374
606,-3.2292380332946777,-4.55959415435791,0.4535425007343292
607,-2.1579699516296387,-4.779555320739746,0.49289125204086304
608,-0.964839518070221,-4.99324893951416,0.537961483001709
609,0.3500194549560547,-5.200705528259277,0.5887532830238342
610,1.786463975906372,-5.402017593383789,0.6452704668045044
611,-5.8195648193359375,-2.5288877487182617,0.35344913601875305
612,-5.355288028717041,-2.718846559524536,0.36723893880844116
613,-4.769075393676758,-2.902744770050049,0.38676849007606506
614,-4.060822486877441,-3.0804948806762695,0.4120316505432129
615,-3.2305192947387695,-3.2520430088043213,0.4430233836174011
616,-2.278203010559082,-3.4173593521118164,0.4797404408454895
617,-1.2039368152618408,-3.5764319896698,0.5221803188323975
618,-0.007811427116394043,-3.7292680740356445,0.5703417062759399
619,1.310052752494812,-3.875908374786377,0.6242249011993408
620,2.7495076656341553,-4.016453266143799,0.6838333010673523
621,-4.877573013305664,-1.6853458881378174,0.37009647488594055
622,-4.410210609436035,-1.8143255710601807,0.38697847723960876
623,-3.8209004402160645,-1.937237024307251,0.4096013605594635
624,-3.1095662117004395,-2.0540146827697754,0.43795812129974365
625,-2.2762033939361572,-2.1646127700805664,0.47204333543777466
626,-1.320849895477295,-2.2690086364746094,0.511853039264679
627,-0.2435658574104309,-2.3671936988830566,0.557384729385376
628,0.9555640816688538,-2.4591782093048096,0.6086373329162598
629,2.2764244079589844,-2.5450024604797363,0.6656116247177124
630,3.718867063522339,-2.6247458457946777,0.7283102869987488
631,-3.9292619228363037,-0.8357813954353333,0.39264631271362305
632,-3.4588451385498047,-0.9037901759147644,0.4126203954219818
633,-2.866457939147949,-0.9657094478607178,0.4383368194103241
634,-2.1520495414733887,-1.021500587463379,0.46978774666786194
635,-1.3156311511993408,-1.0711365938186646,0.5069666504859924
636,-0.3572470545768738,-1.1146039962768555,0.5498690605163574
637,0.7230417728424072,-1.1518990993499756,0.5984922051429749
638,1.9251556396484375,-1.183030128479004,0.6528352499008179
639,3.2489871978759766,-1.208024024963379,0.712898850440979
640,4.694401741027832,-1.226930856704712,0.7786870002746582
641,-2.9746665954589844,0.019750386476516724,0.42109405994415283
642,-2.5012199878692627,0.012704223394393921,0.4441596269607544
643,-1.905776023864746,0.011778593063354492,0.4729694426059723
644,-1.1883125305175781,0.01698020100593567,0.5075140595436096
645,-0.3488602638244629,0.028313204646110535,0.5477860569953918
646,0.6125278472900391,0.04577888548374176,0.5937800407409668
647,1.6957895755767822,0.06937642395496368,0.6454933881759644
648,2.9008519649505615,0.09910213947296143,0.7029250264167786
649,4.2276201248168945,0.13494762778282166,0.7660764455795288
650,5.675987720489502,0.17689940333366394,0.8349529504776001
651,-2.0138473510742188,0.8811886310577393,0.45543617010116577
652,-1.5373871326446533,0.9351016283035278,0.4815927743911743
653,-0.9389051198959351,0.9951691627502441,0.5134953260421753
654,-0.21841037273406982,1.0613642930984497,0.5511326789855957
655,0.6240463852882385,1.1336674690246582,0.5944961905479431
656,1.588403344154358,1.212066650390625,0.6435803771018982
657,2.6745986938476562,1.2965565919876099,0.6983819007873535
658,3.8825666904449463,1.387139081954956,0.7589002251625061
659,5.212234020233154,1.4838263988494873,0.8251375555992126
660,6.663522720336914,1.5866426229476929,0.8971008658409119
661,-1.0468785762786865,1.7484724521636963,0.4956698417663574
662,-0.5674120783805847,1.8633477687835693,0.5249175429344177
663,0.03409320116043091,1.9844074249267578,0.5599119663238525
664,0.7575951814651489,2.111593246459961,0.6006408333778381
665,1.6030256748199463,2.2448625564575195,0.6470944881439209
666,2.570316791534424,2.3841915130615234,0.6992668509483337
667,3.6594061851501465,2.5295698642730713,0.757154643535614
668,4.870238304138184,2.6810050010681152,0.820757269859314
669,6.202761173248291,2.838527202606201,0.8900783061981201
670,7.656933307647705,3.0021979808807373,0.9651260375976562
671,-0.07384532690048218,2.6215434074401855,0.5417938232421875
672,0.40863001346588135,2.797389030456543,0.57413250207901
673,1.0131454467773438,2.9794387817382812,0.6122182607650757
674,1.7396328449249268,3.167607307434082,0.6560375690460205
675,2.5880119800567627,3.3618338108062744,0.7055798172950745
676,3.5582098960876465,3.562084436416626,0.7608388066291809
677,4.65016508102417,3.7683463096618652,0.8218110799789429
678,5.863826274871826,3.980626344680786,0.8884960412979126
679,7.199161529541016,4.198970317840576,0.9608977437019348
680,8.656167984008789,4.423469543457031,1.0390268564224243
681,0.9051626920700073,3.5003509521484375,0.5938079357147217
682,1.3906536102294922,3.7371745109558105,0.6292382478713989
683,1.9981679916381836,3.9802088737487793,0.670414924621582
684,2.727623462677002,4.22934627532959,0.7173234820365906
685,3.5789380073547363,4.4845170974731445,0.769953727722168
686,4.552035331726074,4.7456817626953125,0.8282986879348755
687,5.646850109100342,5.012822151184082,0.892354428768158
688,6.86332893371582,5.285943508148193,0.9621201753616333
689,8.201440811157227,5.565089702606201,1.0375996828079224
690,9.661225318908691,5.850377559661865,1.1188058853149414
691,1.8900760412216187,4.384877681732178,0.6517159938812256
692,2.378579616546631,4.682676315307617,0.6902377009391785
693,2.9890756607055664,4.986672878265381,0.7345045804977417
694,3.7214932441711426,5.296759605407715,0.7845025658607483
695,4.575752258300781,5.612863540649414,0.8402212858200073
696,5.5517730712890625,5.934937953948975,0.9016529321670532
697,6.649479866027832,6.2629594802856445,0.9687930941581726
698,7.868803977966309,6.596927642822266,1.0416401624679565
699,9.20970344543457,6.936878204345703,1.120197057723999
700,10.672211647033691,7.2829132080078125,1.2044756412506104
701,-7.218349456787109,-3.5840015411376953,0.3858429193496704
702,-6.698529243469238,-3.832042932510376,0.39938032627105713
703,-6.056774139404297,-4.074007987976074,0.41865864396095276
704,-5.2929792404174805,-4.309823989868164,0.4436724781990051
705,-4.407130241394043,-4.539445400238037,0.4744165539741516
706,-3.399263858795166,-4.762845039367676,0.5108863711357117
707,-2.269451379776001,-4.980011940002441,0.5530794262886047
708,-1.0177865028381348,-5.190947532653809,0.6009950041770935
709,0.3556246757507324,-5.3956804275512695,0.654634952545166
710,1.8506884574890137,-5.594288349151611,0.7140051126480103
711,-6.223028182983398,-2.6859638690948486,0.39938884973526
712,-5.700135231018066,-2.873046398162842,0.4160172939300537
713,-5.055317401885986,-3.05405330657959,0.43838703632354736
714,-4.288480281829834,-3.228919506072998,0.46649226546287537
715,-3.3996095657348633,-3.3976058959960938,0.5003274083137512
716,-2.3887405395507812,-3.560087203979492,0.5398882031440735
717,-1.2559388875961304,-3.7163543701171875,0.5851721167564392
718,-0.0012909173965454102,-3.8664166927337646,0.6361783742904663
719,1.3751071691513062,-4.010302543640137,0.6929092407226562
720,2.873162269592285,-4.148087501525879,0.7553703188896179
721,-5.2214741706848145,-1.7819111347198486,0.41884443163871765
722,-4.695525169372559,-1.9080309867858887,0.4385642111301422
723,-4.047641754150391,-2.028066396713257,0.4640267789363861
724,-3.2777488231658936,-2.141969680786133,0.49522489309310913
725,-2.385838508605957,-2.249708652496338,0.5321526527404785
726,-1.371949315071106,-2.3512654304504395,0.5748053789138794
727,-0.23614376783370972,-2.4466352462768555,0.6231806874275208
728,1.0214965343475342,-2.535824775695801,0.6772778630256653
729,2.4008798599243164,-2.618863105773926,0.7370992302894592
730,3.901920795440674,-2.6958060264587402,0.8026508688926697
731,-4.213639259338379,-0.8718478083610535,0.444204181432724
732,-3.6846542358398438,-0.9370087385177612,0.46701550483703613
733,-3.0337166786193848,-0.9960672855377197,0.4955707788467407
734,-2.260772705078125,-1.048996925354004,0.5298622846603394
735,-1.3658275604248047,-1.0957798957824707,0.5698829293251038
736,-0.3489224910736084,-1.1364065408706665,0.6156279444694519
737,0.7898777723312378,-1.1708745956420898,0.6670941710472107
738,2.0504961013793945,-1.199190616607666,0.7242814898490906
739,3.4328486919403076,-1.2213716506958008,0.7871925234794617
740,4.936861515045166,-1.237450361251831,0.8558339476585388
741,-3.1995415687561035,0.04418264329433441,0.475462943315506
742,-2.667539358139038,0.039976611733436584,0.5013652443885803
743,-2.0135645866394043,0.041896671056747437,0.5330132842063904
744,-1.2375853061676025,0.0499454140663147,0.570397675037384
745,-0.3396203815937042,0.06412385404109955,0.6135108470916748
746,0.6802804470062256,0.08443163335323334,0.662347137928009
747,1.8220521211624146,0.11086714267730713,0.7169035077095032
748,3.085622787475586,0.14342820644378662,0.7771797776222229
749,4.470919609069824,0.1821107417345047,0.8431791663169861
750,5.977888584136963,0.2269090861082077,0.9149096608161926
751,-2.179236888885498,0.9661210179328918,0.5126162171363831
752,-1.6442314386367798,1.022868275642395,0.5416095852851868
753,-0.987235426902771,1.0857666730880737,0.5763495564460754
754,-0.20823997259140015,1.154794692993164,0.6168261170387268
755,0.6927210688591003,1.2299354076385498,0.6630305647850037
756,1.7155911922454834,1.3111780881881714,0.714957058429718
757,2.860304832458496,1.39851713180542,0.7726021409034729
758,4.126796722412109,1.491955280303955,0.8359660506248474
759,5.515009880065918,1.5915027856826782,0.9050522446632385
760,7.024911403656006,1.697182059288025,0.9798703789710999
761,-1.1527972221374512,1.893904209136963,0.5556615591049194
762,-0.6147973537445068,2.011606216430664,0.5877456665039062
763,0.04520583152770996,2.135481834411621,0.6255769729614258
764,0.827197790145874,2.265486478805542,0.6691445112228394
765,1.7311310768127441,2.4015865325927734,0.7184392213821411
766,2.7569432258605957,2.5437607765197754,0.7734544277191162
767,3.904569625854492,2.6920008659362793,0.8341867923736572
768,5.173952579498291,2.8463125228881836,0.9006364941596985
769,6.565049171447754,3.006720542907715,0.9728080630302429
770,8.077856063842773,3.1732733249664307,1.050711750984192
771,-0.12030041217803955,2.827476978302002,0.6045981049537659
772,0.4206910729408264,3.0061373710632324,0.6397729516029358
773,1.0836900472640991,3.1909878253936768,0.680695116519928
774,1.8686615228652954,3.381962537765503,0.7273528575897217
775,2.775547504425049,3.579014778137207,0.7797363996505737
776,3.804281711578369,3.7821145057678223,0.8378391265869141
777,4.954799652099609,3.991250991821289,0.9016574621200562
778,6.227047920227051,4.206430912017822,0.9711914658546448
779,7.620999336242676,4.427689552307129,1.0464462041854858
780,9.136677742004395,4.655099868774414,1.1274335384368896
781,0.918182373046875,3.7668023109436035,0.6594277620315552
782,1.4621676206588745,4.006424427032471,0.6976934671401978
783,2.1281538009643555,4.252244472503662,0.7417061924934387
784,2.916093111038208,4.50417947769165,0.79145348072052
785,3.825922727584839,4.762174129486084,0.8469254374504089
786,4.857573509216309,5.026193141937256,0.9081150889396667
787,6.010977745056152,5.296221733093262,0.9750187397003174
788,7.286083221435547,5.572265625,1.0476359128952026
789,8.682866096496582,5.854362487792969,1.1259719133377075
790,10.201379776000977,6.142605781555176,1.2100398540496826
791,1.962609052658081,4.711886405944824,0.720156192779541
792,2.5095882415771484,5.012468338012695,0.761512815952301
793,3.1785550117492676,5.319245338439941,0.808616042137146
794,3.9694607257843018,5.63212776184082,0.8614532351493835
795,4.882242202758789,5.951056480407715,0.9200141429901123
796,5.916827201843262,6.2759904861450195,0.9842914342880249
797,7.073142051696777,6.606911659240723,1.0542806386947632
798,8.35112476348877,6.94382381439209,1.1299813985824585
799,9.750748634338379,7.286757469177246,1.2113981246948242
800,11.272071838378906,7.635809898376465,1.2985442876815796
801,-7.675698280334473,-3.795997142791748,0.43457233905792236
802,-7.097255706787109,-4.04116153717041,0.4509504437446594
803,-6.396876811981201,-4.280228614807129,0.47307059168815613
804,-5.574480056762695,-4.513153076171875,0.5009271502494812
805,-4.630054473876953,-4.73990535736084,0.5345146656036377
806,-3.5636391639709473,-4.960470199584961,0.5738281011581421
807,-2.375300407409668,-5.174840927124023,0.618864893913269
808,-1.0651191473007202,-5.383016586303711,0.6696248650550842
809,0.36682772636413574,-5.585016250610352,0.7261114120483398
810,1.9204885959625244,-5.780888080596924,0.7883307933807373
811,-6.620805740356445,-2.837437152862549,0.4509262442588806
812,-6.039327621459961,-3.0216546058654785,0.4703947901725769
813,-5.335914134979248,-3.1997714042663574,0.4956056475639343
814,-4.510494709014893,-3.371751308441162,0.5265529155731201
815,-3.5630600452423096,-3.537569999694824,0.5632311701774597
816,-2.493647575378418,-3.6972131729125977,0.605635404586792
817,-1.3023223876953125,-3.850675582885742,0.6537629961967468
818,0.010837435722351074,-3.9979605674743652,0.707614004611969
819,1.4457592964172363,-4.139084815979004,0.7671911716461182
820,3.0023975372314453,-4.274089336395264,0.8325013518333435
821,-5.559708595275879,-1.8728833198547363,0.4731907546520233
822,-4.975197792053223,-1.9961508512496948,0.4957500100135803
823,-4.268747329711914,-2.1133110523223877,0.5240526795387268
824,-3.4402976036071777,-2.2243387699127197,0.5580921769142151
825,-2.4898452758789062,-2.3292160034179688,0.597862184047699
826,-1.4174273014068604,-2.4279322624206543,0.6433579325675964
827,-0.22310888767242432,-2.5204849243164062,0.6945765614509583
828,1.0930334329605103,-2.606877326965332,0.7515178918838501
829,2.530931234359741,-2.687124729156494,0.8141853213310242
830,4.090547561645508,-2.761253833770752,0.8825863599777222
831,-4.492358684539795,-0.9023299813270569,0.5013605356216431
832,-3.9048256874084473,-0.9646463990211487,0.5270105600357056
833,-3.195345401763916,-1.0208446979522705,0.558405339717865
834,-2.3638696670532227,-1.0709128379821777,0.5955372452735901
835,-1.4104013442993164,-1.1148418188095093,0.6383993625640869
836,-0.33498215675354004,-1.152626633644104,0.6869865655899048
837,0.8623219728469849,-1.1842665672302246,0.7412958741188049
838,2.181436538696289,-1.209765076637268,0.8013270497322083
839,3.6222996711730957,-1.2291306257247925,0.8670841455459595
840,5.184882164001465,-1.2423754930496216,0.9385753870010376
841,-3.418769121170044,0.07418939471244812,0.5354300737380981
842,-2.8282268047332764,0.07282355427742004,0.564170777797699
843,-2.1157288551330566,0.07758936285972595,0.5986573100090027
844,-1.2812371253967285,0.08848515152931213,0.6388813853263855
845,-0.3247644901275635,0.10550907254219055,0.6848353743553162
846,0.7536420822143555,0.1286589801311493,0.7365136742591858
847,1.9539158344268799,0.15793290734291077,0.7939128875732422
848,3.275987148284912,0.19332975149154663,0.8570333123207092
849,4.7197980880737305,0.23484918475151062,0.9258791208267212
850,6.285336017608643,0.2824937105178833,1.0004596710205078
851,-2.3389925956726074,1.056617259979248,0.5753942131996155
852,-1.745452880859375,1.1162019968032837,0.607225775718689
853,-1.0299485921859741,1.1819322109222412,0.6448038220405579
854,-0.1924554407596588,1.2537927627563477,0.6881192922592163
855,0.7670048475265503,1.3317701816558838,0.7371641993522644
856,1.8483805656433105,1.4158551692962646,0.7919326424598694
857,3.051604986190796,1.5060433149337769,0.8524212837219238
858,4.376612186431885,1.6023354530334473,0.918630063533783
859,5.8233537673950195,1.704740285873413,0.9905636310577393
860,7.391830921173096,1.8132747411727905,1.0682322978973389
861,-1.2530968189239502,2.0448896884918213,0.6212506294250488
862,-0.6565702557563782,2.1654253005981445,0.6561729907989502
863,0.061928510665893555,2.292118549346924,0.696841835975647
864,0.9024083018302917,2.4249415397644043,0.7432480454444885
865,1.8648390769958496,2.5638701915740967,0.7953829765319824
866,2.9491653442382812,2.708888053894043,0.8532407283782959
867,4.15532112121582,2.859988212585449,0.9168174862861633
868,5.483244895935059,3.0171737670898438,0.9861136078834534
869,6.932900905609131,3.180461883544922,1.0611339807510376
870,8.504300117492676,3.3498828411102295,1.1418893337249756
871,-0.16115081310272217,3.038954257965088,0.6729987859725952
872,0.43835628032684326,3.2204408645629883,0.711012065410614
873,1.1598387956619263,3.4080944061279297,0.7547714710235596
874,2.0032923221588135,3.601874351501465,0.8042674660682678
875,2.968679666519165,3.801748514175415,0.8594917058944702
876,4.055942535400391,4.007694721221924,0.9204376935958862
877,5.265015602111816,4.2197041511535645,0.9871018528938293
878,6.595842361450195,4.437780380249023,1.0594844818115234
879,8.048393249511719,4.661945819854736,1.1375905275344849
880,9.622695922851562,4.892245769500732,1.2214306592941284
881,0.9367932081222534,4.038784980773926,0.7306422591209412
882,1.5392779111862183,4.281221389770508,0.7717461585998535
883,2.263737440109253,4.5298309326171875,0.818595826625824
884,3.1101560592651367,4.784560680389404,0.8711814880371094
885,4.078492164611816,5.045372486114502,0.9294943809509277
886,5.16868782043457,5.312242031097412,0.9935281872749329
887,6.380674362182617,5.58515739440918,1.063279151916504
888,7.714395523071289,5.864120960235596,1.1387474536895752
889,9.169830322265625,6.149158000946045,1.219937801361084
890,10.747016906738281,6.440325736999512,1.3068616390228271
891,2.0407159328460693,5.044401168823242,0.7941874265670776
892,2.64617919921875,5.347784042358398,0.8383820056915283
893,3.373615264892578,5.657343864440918,0.8883224129676819
894,4.223001480102539,5.973016738891602,0.9439982771873474
895,5.194293022155762,6.294761657714844,1.005400538444519
896,6.28742790222168,6.622550010681152,1.0725224018096924
897,7.502336502075195,6.956368446350098,1.1453598737716675
898,8.838963508605957,7.296217918395996,1.2239129543304443
899,10.297283172607422,7.642123222351074,1.3081870079040527
900,11.877347946166992,7.994150161743164,1.398193597793579
901,-8.127473831176758,-4.002440452575684,0.4888956844806671
902,-7.490451812744141,-4.244735240936279,0.5081151127815247
903,-6.731460094451904,-4.4809041023254395,0.5330769419670105
904,-5.850446701049805,-4.710934162139893,0.5637767314910889
905,-4.847414016723633,-4.934820175170898,0.600208580493927
906,-3.722409248352051,-5.152559280395508,0.6423670649528503
907,-2.4755091667175293,-5.364148139953613,0.690248966217041
908,-1.1067923307418823,-5.569581031799316,0.7438539266586304
909,0.3836848735809326,-5.768851280212402,0.8031858205795288
910,1.9959111213684082,-5.961969375610352,0.8682512640953064
911,-7.013055801391602,-2.9833903312683105,0.5080580711364746
912,-6.373022556304932,-3.164747953414917,0.5303671360015869
913,-5.611024379730225,-3.339980125427246,0.5584187507629395
914,-4.72701358795166,-3.509079933166504,0.5922083258628845
915,-3.720987558364868,-3.6720387935638428,0.631730318069458
916,-2.5929932594299316,-3.828852891921997,0.6769794225692749
917,-1.3431057929992676,-3.9795193672180176,0.7279524207115173
918,0.02859365940093994,-4.124032974243164,0.7846489548683167
919,1.5220441818237305,-4.262398719787598,0.8470719456672668
920,3.1372385025024414,-4.394618034362793,0.9152281880378723
921,-5.892420768737793,-1.9583463668823242,0.5331315994262695
922,-5.249375343322754,-2.0787625312805176,0.5585304498672485
923,-4.484368324279785,-2.193051338195801,0.5896730422973633
924,-3.5973551273345947,-2.3012115955352783,0.6265535354614258
925,-2.588334560394287,-2.4032349586486816,0.6691665649414062
926,-1.4573509693145752,-2.4991180896759033,0.7175065875053406
927,-0.20447921752929688,-2.5888586044311523,0.7715704441070557
928,1.1701971292495728,-2.6724565029144287,0.831357479095459
929,2.6666150093078613,-2.7499167919158936,0.8968706130981445
930,4.284769058227539,-2.8212361335754395,0.9681175351142883
931,-4.765533447265625,-0.927290141582489,0.5641119480133057
932,-4.119482040405273,-0.9867616891860962,0.5926005244255066
933,-3.3514702320098877,-1.0401020050048828,0.6268340349197388
934,-2.4614551067352295,-1.0873138904571533,0.6668061017990112
935,-1.4494389295578003,-1.128394365310669,0.712510347366333
936,-0.3154681324958801,-1.1633415222167969,0.7639414072036743
937,0.9403817653656006,-1.192155361175537,0.8210958242416382
938,2.318026542663574,-1.2148377895355225,0.8839730024337769
939,3.817401647567749,-1.231391429901123,0.9525758624076843
940,5.438505172729492,-1.241808533668518,1.0269129276275635
941,-3.6324148178100586,0.10974663496017456,0.6009929180145264
942,-2.983365297317505,0.11122116446495056,0.6325715780258179
943,-2.2123560905456543,0.1188318133354187,0.669896125793457
944,-1.3193449974060059,0.13257259130477905,0.7129595279693604
945,-0.3043389916419983,0.15244045853614807,0.7617549896240234
946,0.8326118588447571,0.17843231558799744,0.816277027130127
947,2.091430902481079,0.21054571866989136,0.8765217065811157
948,3.4720346927642822,0.2487793266773224,0.9424884915351868
949,4.974360942840576,0.29313409328460693,1.0141805410385132
950,6.598410129547119,0.34361931681632996,1.0916072130203247
951,-2.493126392364502,1.1526986360549927,0.643769383430481
952,-1.841086506843567,1.21511971950531,0.678438663482666
953,-1.0670878887176514,1.2836815118789673,0.7188541889190674
954,-0.17108899354934692,1.3583762645721436,0.7650085687637329
955,0.8468970656394958,1.439193606376648,0.8168948888778687
956,1.9868173599243164,1.5261253118515015,0.8745073080062866
957,3.2485947608947754,1.6191658973693848,0.9378418922424316
958,4.632148742675781,1.718315601348877,1.0068979263305664
959,6.137423515319824,1.8235799074172974,1.0816789865493774
960,7.764420986175537,1.9349665641784668,1.1621943712234497
961,-1.3477442264556885,2.201489210128784,0.6924381256103516
962,-0.6927224397659302,2.324857711791992,0.7301985621452332
963,0.08425891399383545,2.4543700218200684,0.7737048864364624
964,0.9832360744476318,2.5900168418884277,0.8229498863220215
965,2.0041913986206055,2.731781482696533,0.8779264688491821
966,3.1470704078674316,2.8796510696411133,0.9386286735534668
967,4.411796569824219,3.033618211746216,1.0050525665283203
968,5.798293113708496,3.19368314743042,1.0771973133087158
969,7.306511878967285,3.3598546981811523,1.155066967010498
970,8.936456680297852,3.532141923904419,1.238669991493225
971,-0.19633698463439941,3.25605845451355,0.7469987273216248
972,0.4616599678993225,3.4403727054595947,0.7878507375717163
973,1.2416163682937622,3.630833148956299,0.8344472646713257
974,2.1435623168945312,3.8274264335632324,0.8867824077606201
975,3.1674771308898926,4.030133247375488,0.9448487162590027
976,4.31330680847168,4.238936424255371,1.0086402893066406
977,5.5809760093688965,4.45382833480835,1.0781528949737549
978,6.970409870147705,4.674807071685791,1.1533859968185425
979,8.4815673828125,4.901883125305176,1.2343436479568481
980,10.11445426940918,5.135070323944092,1.321033239364624
981,0.9610573053359985,4.316383361816406,0.8074548840522766
982,1.6220232248306274,4.561640739440918,0.8513979315757751
983,2.4049477577209473,4.813043594360352,0.9010847210884094
984,3.3098530769348145,5.07057523727417,0.9565094113349915
985,4.336722373962402,5.33421516418457,1.0176650285720825
986,5.485500335693359,5.603947639465332,1.084545373916626
987,6.756112098693848,5.879763126373291,1.1571463346481323
988,8.148481369018555,6.161655426025391,1.235467553138733
989,9.662569046020508,6.449634075164795,1.319512128829956
990,11.298388481140137,6.743716239929199,1.4092878103256226
991,2.124445915222168,5.382493495941162,0.8738133311271667
992,2.788379430770874,5.688689231872559,0.9208470582962036
993,3.5742697715759277,6.001029968261719,0.973624587059021
994,4.482133865356445,6.319492340087891,1.0321394205093384
995,5.511955261230469,6.6440582275390625,1.0963844060897827
996,6.663680076599121,6.974714279174805,1.166353464126587
997,7.937234401702881,7.311448574066162,1.2420423030853271
998,9.332539558410645,7.65425443649292,1.3234503269195557
999,10.849553108215332,8.003132820129395,1.4105806350708008
1000,12.488300323486328,8.358108520507812,1.5034420490264893
