1,-0.20629337430000305,-0.2688492238521576,0.42983031272888184
2,-0.19803258776664734,-0.28056538105010986,0.3457708954811096
3,-0.18798723816871643,-0.29040008783340454,0.26537612080574036
4,-0.17626552283763885,-0.29844754934310913,0.18859419226646423
5,-0.16286425292491913,-0.30471092462539673,0.11541736871004105
6,-0.1477881669998169,-0.3091961741447449,0.04584358260035515
7,-0.13103626668453217,-0.3119049668312073,-0.020127275958657265
8,-0.11260169744491577,-0.3128378987312317,-0.0824950635433197
9,-0.09248371422290802,-0.31199732422828674,-0.14126183092594147
10,-0.07057981938123703,-0.30944597721099854,-0.19646169245243073
11,-0.17498518526554108,-0.21636362373828888,0.3495100736618042
12,-0.16588613390922546,-0.2223900854587555,0.2829693853855133
13,-0.1550295352935791,-0.2265436053276062,0.22007445991039276
14,-0.14249975979328156,-0.2289140522480011,0.16079220175743103
15,-0.1282944530248642,-0.22950346767902374,0.10511544346809387
16,-0.11241625249385834,-0.2283165007829666,0.05304209142923355
17,-0.094864122569561,-0.22535499930381775,0.004571883473545313
18,-0.07563324272632599,-0.22062066197395325,-0.04029501974582672
19,-0.05472276359796524,-0.21411830186843872,-0.08156046271324158
20,-0.03205260634422302,-0.2059008628129959,-0.11924415081739426
21,-0.14296528697013855,-0.16151508688926697,0.27275288105010986
22,-0.13303038477897644,-0.16187193989753723,0.22371156513690948
23,-0.1213659942150116,-0.16036617755889893,0.1783067286014557
24,-0.10802976042032242,-0.1570775955915451,0.13651405274868011
25,-0.09302116185426712,-0.15201032161712646,0.09832728654146194
26,-0.07634177058935165,-0.14516852796077728,0.06374435871839523
27,-0.0579904243350029,-0.13655410706996918,0.03276496008038521
28,-0.037963226437568665,-0.1261696070432663,0.005389325320720673
29,-0.016257494688034058,-0.11401951313018799,-0.01838327758014202
30,0.007182285189628601,-0.10015559196472168,-0.03856414556503296
31,-0.11035142838954926,-0.10440721362829208,0.1995062679052353
32,-0.09957989305257797,-0.09909442067146301,0.16796445846557617
33,-0.0871054083108902,-0.09192994236946106,0.14004921913146973
34,-0.07296257466077805,-0.08298493921756744,0.1157442107796669
35,-0.05715072154998779,-0.07226358354091644,0.09504473954439163
36,-0.039670463651418686,-0.05976978316903114,0.07794918864965439
37,-0.02052060142159462,-0.045505475252866745,0.06445752829313278
38,0.00030193477869033813,-0.029473446309566498,0.054570507258176804
39,0.022799834609031677,-0.011677272617816925,0.04828894883394241
40,0.04700635001063347,0.007828881964087486,0.045608870685100555
41,-0.07714586704969406,-0.045033253729343414,0.1297631561756134
42,-0.06553810089826584,-0.0340530127286911,0.11572133004665375
43,-0.05225345119833946,-0.02123166434466839,0.10529612749814987
44,-0.037303946912288666,-0.006632205564528704,0.09847844392061234
45,-0.02068902552127838,0.009741092100739479,0.09526537358760834
46,-0.002408338710665703,0.02788453735411167,0.09565600752830505
47,0.017539361491799355,0.04779629409313202,0.09965076297521591
48,0.0391562357544899,0.06947361677885056,0.10725108534097672
49,0.06244517117738724,0.0929141640663147,0.11845970898866653
50,0.0874176099896431,0.11806023120880127,0.13327959179878235
51,-0.0433540940284729,0.016606496647000313,0.06352169066667557
52,-0.030910147354006767,0.0332532674074173,0.0669802874326706
53,-0.016815483570098877,0.05173036828637123,0.07404562085866928
54,-0.0010595060884952545,0.07198307663202286,0.08471541851758957
55,0.016358191147446632,0.09400685876607895,0.0989886075258255
56,0.035438887774944305,0.1177983507514,0.11686500906944275
57,0.056183844804763794,0.14335589110851288,0.13834549486637115
58,0.07859436422586441,0.17067688703536987,0.16343237459659576
59,0.10267370194196701,0.19976048171520233,0.19213038682937622
60,0.12841123342514038,0.23054520785808563,0.2244495451450348
61,-0.008978743106126785,0.08051548153162003,0.000782025686930865
62,0.004301100969314575,0.10282804816961288,0.021741360425949097
63,0.019205525517463684,0.12696027755737305,0.04629770293831825
64,0.035767607390880585,0.1528652012348175,0.07445540279150009
65,0.05398767441511154,0.18053823709487915,0.10621511191129684
66,0.07386796176433563,0.20997633039951324,0.1415773332118988
67,0.09540975838899612,0.2411780059337616,0.18054330348968506
68,0.11861343681812286,0.27414101362228394,0.22311609983444214
69,0.14348256587982178,0.30886581540107727,0.2693025469779968
70,0.16998466849327087,0.3452877104282379,0.3191201388835907
71,0.025975272059440613,0.14670045673847198,-0.05845548212528229
72,0.04009076952934265,0.17467713356018066,-0.019995080307126045
73,0.05580434948205948,0.20446357131004333,0.02205284684896469
74,0.07317186892032623,0.23601938784122467,0.0676993802189827
75,0.0921938344836235,0.26934006810188293,0.11694660037755966
76,0.11287339776754379,0.30442309379577637,0.1697954684495926
77,0.135211780667305,0.34126710891723633,0.22624744474887848
78,0.1592084765434265,0.3798699676990509,0.2863059937953949
79,0.18486696481704712,0.4202333092689514,0.3499797582626343
80,0.21213260293006897,0.46228936314582825,0.41729456186294556
81,0.0615064799785614,0.2151690274477005,-0.11419250816106796
82,0.07645563036203384,0.24880656599998474,-0.0582304373383522
83,0.09297560900449753,0.28424686193466187,0.0013106884434819221
84,0.11114799976348877,0.3214528560638428,0.06444860249757767
85,0.1309714913368225,0.3604201078414917,0.13118614256381989
86,0.15245024859905243,0.40114709734916687,0.2015245407819748
87,0.17558538913726807,0.4436325132846832,0.2754650115966797
88,0.20037521421909332,0.48787355422973633,0.353010892868042
89,0.22682520747184753,0.5338748097419739,0.4341718554496765
90,0.25485438108444214,0.5815646648406982,0.5189833045005798
91,0.09749467670917511,0.2859383821487427,-0.1664610654115677
92,0.11327983438968658,0.3252250552177429,-0.09298308193683624
93,0.13060921430587769,0.3663114309310913,-0.015938904136419296
94,0.14958705008029938,0.4091568887233734,0.06469990313053131
95,0.1702117770910263,0.45375970005989075,0.14893747866153717
96,0.19248972833156586,0.500119686126709,0.23677511513233185
97,0.2164219319820404,0.5482355952262878,0.3282139003276825
98,0.24200451374053955,0.5981031060218811,0.4232569634914398
99,0.2692440152168274,0.6497260332107544,0.5219142436981201
100,0.29803842306137085,0.7030437588691711,0.6242436170578003
101,-0.5416001677513123,-0.5677087306976318,0.4224904775619507
102,-0.5306638479232788,-0.5391936302185059,0.3392612636089325
103,-0.5178095698356628,-0.5086636543273926,0.2597320079803467
104,-0.5032205581665039,-0.47630399465560913,0.18383990228176117
105,-0.4868997633457184,-0.4421256184577942,0.11156570911407471
106,-0.4688571095466614,-0.40614014863967896,0.04290539771318436
107,-0.44909051060676575,-0.3683515787124634,-0.02214091643691063
108,-0.42758578062057495,-0.32876282930374146,-0.08357255905866623
109,-0.4043353497982025,-0.28739309310913086,-0.14139752089977264
110,-0.3791716694831848,-0.244353249669075,-0.19565483927726746
111,-0.4370179772377014,-0.4868752956390381,0.34297385811805725
112,-0.4251723289489746,-0.4525855779647827,0.2773309350013733
113,-0.41146618127822876,-0.41630464792251587,0.21536757051944733
114,-0.396041601896286,-0.37820273637771606,0.15703922510147095
115,-0.37890225648880005,-0.3382924199104309,0.1023297905921936
116,-0.3600521683692932,-0.2965817451477051,0.05123496800661087
117,-0.33948904275894165,-0.2530742883682251,0.0037545287050306797
118,-0.3172042667865753,-0.20777527987957,-0.040111031383275986
119,-0.2931899428367615,-0.16070395708084106,-0.08036749064922333
120,-0.2673182487487793,-0.1119677871465683,-0.11704044044017792
121,-0.3315730392932892,-0.40355682373046875,0.26705464720726013
122,-0.3188261389732361,-0.36353182792663574,0.218977153301239
123,-0.30427974462509155,-0.3215426802635193,0.17456547915935516
124,-0.2880253195762634,-0.2777342200279236,0.1337861716747284
125,-0.2700690031051636,-0.2321242094039917,0.09662622213363647
126,-0.2504130005836487,-0.1847204864025116,0.06308168172836304
127,-0.22905483841896057,-0.13552701473236084,0.0331522636115551
128,-0.20598763227462769,-0.08455025404691696,0.006838720757514238
129,-0.18120113015174866,-0.031809307634830475,-0.01586173288524151
130,-0.15461529791355133,0.022588558495044708,-0.03496547043323517
131,-0.22550538182258606,-0.31794285774230957,0.1946694552898407
132,-0.21185700595378876,-0.27219146490097046,0.16415536403656006
133,-0.1964632272720337,-0.22449873387813568,0.13729269802570343
134,-0.1793781816959381,-0.17499393224716187,0.11405818164348602
135,-0.16060486435890198,-0.12369468063116074,0.09444233030080795
136,-0.14014390110969543,-0.07060904055833817,0.0784420594573021
137,-0.11799271404743195,-0.015741080045700073,0.06605753302574158
138,-0.09414590150117874,0.040902286767959595,0.057290419936180115
139,-0.06859594583511353,0.09930364787578583,0.052141495048999786
140,-0.0412990003824234,0.15935248136520386,0.05060317739844322
141,-0.11883345246315002,-0.23003464937210083,0.12579943239688873
142,-0.10428643226623535,-0.17856699228286743,0.1128498986363411
143,-0.08804476261138916,-0.1251775473356247,0.10353681445121765
144,-0.07012869417667389,-0.0699838399887085,0.09784648567438126
145,-0.05053875967860222,-0.013003502041101456,0.09577307105064392
146,-0.02927401289343834,0.045755475759506226,0.0973147600889206
147,-0.006331838667392731,0.10628898441791534,0.1024724617600441
148,0.01829173043370247,0.16859039664268494,0.111249178647995
149,0.04460202157497406,0.23264440894126892,0.12364954501390457
150,0.07260972261428833,0.29833582043647766,0.13967517018318176
151,-0.011569496244192123,-0.1398334801197052,0.06044110655784607
152,0.0038751624524593353,-0.08265571296215057,0.06505704671144485
153,0.0209641270339489,-0.023575343191623688,0.07329444587230682
154,0.039710599929094315,0.03730088472366333,0.08514861017465591
155,0.060116298496723175,0.09995532035827637,0.10061728954315186
156,0.08218357712030411,0.16438019275665283,0.11969996988773346
157,0.10591509193181992,0.23057164251804352,0.1423983871936798
158,0.1313135325908661,0.29852375388145447,0.16871705651283264
159,0.15838229656219482,0.36822378635406494,0.1986648589372635
160,0.18709956109523773,0.4395517110824585,0.23225295543670654
161,0.09627974033355713,-0.047332167625427246,-0.0014049271121621132
162,0.11262187361717224,0.015550687909126282,0.020777065306901932
163,0.13055722415447235,0.08031673729419708,0.04656587541103363
164,0.15013286471366882,0.14686940610408783,0.07596530020236969
165,0.17135301232337952,0.21519118547439575,0.10897647589445114
166,0.1942216157913208,0.2852747440338135,0.14560000598430634
167,0.21874132752418518,0.35711681842803955,0.18583834171295166
168,0.24491339921951294,0.4307122528553009,0.22969751060009003
169,0.27273914217948914,0.5060509443283081,0.27719056606292725
170,0.3021637797355652,0.5830079317092896,0.3283390700817108
171,0.20470283925533295,0.04748254269361496,-0.05973745882511139
172,0.22194337844848633,0.11606337875127792,-0.01998901553452015
173,0.2407228648662567,0.18650895357131958,0.023352403193712234
174,0.26112544536590576,0.25873124599456787,0.07029880583286285
175,0.28315845131874084,0.3327130377292633,0.12085415422916412
176,0.3068273663520813,0.40844789147377014,0.17501986026763916
177,0.33213478326797485,0.48593297600746155,0.23279879987239838
178,0.35908043384552,0.5651640295982361,0.29419782757759094
179,0.3876628279685974,0.6461331844329834,0.35923418402671814
180,0.4177906811237335,0.7287070155143738,0.42794010043144226
181,0.3136800527572632,0.1446199268102646,-0.11456340551376343
182,0.33181682229042053,0.2188902199268341,-0.05724593997001648
183,0.3514319360256195,0.29500871896743774,0.00365209998562932
184,0.372659295797348,0.372893363237381,0.0681505873799324
185,0.3955037593841553,0.45252758264541626,0.13625562191009521
186,0.4199725389480591,0.5339063405990601,0.20796896517276764
187,0.4460681080818176,0.6170270442962646,0.2832932472229004
188,0.473788321018219,0.7018854022026062,0.36223554611206055
189,0.5031348466873169,0.7884823083877563,0.44481727480888367
190,0.5339657068252563,0.8766648769378662,0.5310815572738647
191,0.4229676127433777,0.24408547580242157,-0.1659194976091385
192,0.44200611114501953,0.3240199685096741,-0.0910177081823349
193,0.4624660015106201,0.4057888388633728,-0.012550050392746925
194,0.4845214784145355,0.4893128275871277,0.06951407343149185
195,0.5081769227981567,0.5745760798454285,0.15518316626548767
196,0.5334454774856567,0.6615762710571289,0.24445895850658417
197,0.560329258441925,0.7503100633621216,0.3373435139656067
198,0.5888198614120483,0.8407688140869141,0.43384304642677307
199,0.6189205050468445,0.9329578876495361,0.5339828133583069
200,0.6504502296447754,1.026724100112915,0.637826681137085
201,-0.875352144241333,-0.864865779876709,0.41478824615478516
202,-0.8616143465042114,-0.795995831489563,0.3326067328453064
203,-0.8459455966949463,-0.7250726222991943,0.25407347083091736
204,-0.8284910917282104,-0.6522706747055054,0.17917941510677338
205,-0.8092577457427979,-0.5776195526123047,0.1079096570611
206,-0.7882505655288696,-0.501135528087616,0.040261633694171906
207,-0.7654682397842407,-0.42283064126968384,-0.023763321340084076
208,-0.7409040927886963,-0.3427218794822693,-0.08416392654180527
209,-0.7145537734031677,-0.26085662841796875,-0.1409473568201065
210,-0.6862920522689819,-0.1773172914981842,-0.19411484897136688
211,-0.6974721550941467,-0.7556434273719788,0.3362870216369629
212,-0.6827777028083801,-0.6809502243995667,0.27169355750083923
213,-0.6662288904190063,-0.6042430996894836,0.21075250208377838
214,-0.6479175686836243,-0.525669276714325,0.15344969928264618
215,-0.6278530359268188,-0.44526055455207825,0.099772609770298
216,-0.6060362458229065,-0.36302998661994934,0.04971805587410927
217,-0.582465410232544,-0.2789878845214844,0.003286696970462799
218,-0.557137131690979,-0.19315074384212494,-0.03952064365148544
219,-0.5300436019897461,-0.10555979609489441,-0.07870896905660629
220,-0.5011135339736938,-0.016321733593940735,-0.11428585648536682
221,-0.5186662077903748,-0.6438970565795898,0.2613316774368286
222,-0.503032386302948,-0.5634278059005737,0.2143305093050003
223,-0.48560988903045654,-0.4809732437133789,0.17097759246826172
224,-0.46644678711891174,-0.39665651321411133,0.1312604397535324
225,-0.4455520808696747,-0.3105139434337616,0.09516940265893936
226,-0.4229263365268707,-0.22256022691726685,0.06270159035921097
227,-0.39856788516044617,-0.13280628621578217,0.033857472240924835
228,-0.37247347831726074,-0.041269391775131226,0.008638069033622742
229,-0.3446361720561981,0.05200850963592529,-0.012959415093064308
230,-0.3150283694267273,0.1469111293554306,-0.030943769961595535
231,-0.3391675651073456,-0.5297921299934387,0.1899130791425705
232,-0.3226029872894287,-0.4435654282569885,0.16050298511981964
233,-0.3042987883090973,-0.3553731143474579,0.13473568856716156
234,-0.28428155183792114,-0.26532819867134094,0.1126013919711113
235,-0.26255616545677185,-0.17346727848052979,0.09409291297197342
236,-0.23912273347377777,-0.07980667054653168,0.07920791953802109
237,-0.21397948265075684,0.015641890466213226,0.0679469183087349
238,-0.1871238648891449,0.11286067217588425,0.060311444103717804
239,-0.15855279564857483,0.2118089199066162,0.05630097910761833
240,-0.12826001644134521,0.31236934661865234,0.05590809881687164
241,-0.1590377390384674,-0.41335368156433105,0.12201611697673798
242,-0.14154908061027527,-0.32138651609420776,0.11019856482744217
243,-0.12236161530017853,-0.22746741771697998,0.102017343044281
244,-0.10148870199918747,-0.13170628249645233,0.09746570140123367
245,-0.07893270999193192,-0.034140508621931076,0.09653878957033157
246,-0.054693158715963364,0.06521259248256683,0.0992349162697792
247,-0.02876829355955124,0.16634082794189453,0.10555490106344223
248,-0.0011561214923858643,0.26922693848609924,0.11550109088420868
249,0.028144069015979767,0.3738323152065277,0.1290755569934845
250,0.0591253936290741,0.4800402522087097,0.14627370238304138
251,0.021693900227546692,-0.29458844661712646,0.05763853341341019
252,0.04010394960641861,-0.1968933343887329,0.06341438740491867
253,0.06017398089170456,-0.09725873172283173,0.07282011210918427
254,0.08190189301967621,0.004206471145153046,0.0858515128493309
255,0.1052873283624649,0.10746387392282486,0.1025058701634407
256,0.13033120334148407,0.21249553561210632,0.12278217822313309
257,0.15703529119491577,0.31928932666778564,0.14668160676956177
258,0.18540123105049133,0.42782923579216003,0.17420746386051178
259,0.2154279351234436,0.5380792617797852,0.20536482334136963
260,0.24709756672382355,0.6499236822128296,0.24015268683433533
261,0.20300523936748505,-0.17349591851234436,-0.0032179532572627068
262,0.2223375141620636,-0.0700829029083252,0.020151648670434952
263,0.24328838288784027,0.03525602072477341,0.047144997864961624
264,0.2658690810203552,0.14241284132003784,0.07775988429784775
265,0.2900818884372711,0.25134843587875366,0.11199549585580826
266,0.31592831015586853,0.3620448112487793,0.14985139667987823
267,0.3434101343154907,0.4744904935359955,0.1913289576768875
268,0.372528612613678,0.5886709690093994,0.23643259704113007
269,0.40328019857406616,0.7045528888702393,0.28517040610313416
270,0.4356343150138855,0.8220198750495911,0.3375454843044281
271,0.38486626744270325,-0.05007524788379669,-0.0605514757335186
272,0.40512531995773315,0.05904611945152283,-0.019588284194469452
273,0.426952987909317,0.1700773388147354,0.024993516504764557
274,0.4503822326660156,0.2829124927520752,0.07319286465644836
275,0.4754195511341095,0.39751243591308594,0.12501050531864166
276,0.5020670294761658,0.513859748840332,0.1804463118314743
277,0.5303264856338501,0.631943941116333,0.2395017445087433
278,0.5601986050605774,0.751752495765686,0.3021819591522217
279,0.5916761159896851,0.8732544183731079,0.36849838495254517
280,0.6247067451477051,0.9963244199752808,0.43845701217651367
281,0.5672111511230469,0.07565760612487793,-0.1143682599067688
282,0.5884042382240295,0.1904819905757904,-0.055809564888477325
283,0.6110986471176147,0.3071907162666321,0.006363572087138891
284,0.6353719830513,0.42568886280059814,0.07215038686990738
285,0.6612313389778137,0.5459385514259338,0.14155331254005432
286,0.6886789798736572,0.667922854423523,0.21457219123840332
287,0.7177166938781738,0.7916317582130432,0.2912081778049469
288,0.7483450174331665,0.9170550107955933,0.3714669942855835
289,0.7805570363998413,1.0441688299179077,0.45536404848098755
290,0.8142557740211487,1.172823429107666,0.5429056882858276
291,0.7498083710670471,0.20368114113807678,-0.1646694391965866
292,0.7719459533691406,0.32417380809783936,-0.08851947635412216
293,0.7955086827278137,0.44652459025382996,-0.008753434754908085
294,0.8206285834312439,0.5706610679626465,0.07462510466575623
295,0.8473095297813416,0.6965392231941223,0.1616191565990448
296,0.8755572438240051,0.8241415023803711,0.25222769379615784
297,0.9053729176521301,0.9534553289413452,0.3464508056640625
298,0.9367527961730957,1.0844669342041016,0.4442931115627289
299,0.9696925282478333,1.217157006263733,0.5457732081413269
300,1.0040401220321655,1.3513429164886475,0.6508889198303223
301,-1.207751750946045,-1.1605041027069092,0.40703076124191284
302,-1.191052794456482,-1.051140546798706,0.3259565234184265
303,-1.1725019216537476,-0.939772367477417,0.24850313365459442
304,-1.1521426439285278,-0.8264905214309692,0.17467714846134186
305,-1.1299803256988525,-0.7113366723060608,0.10447662323713303
306,-1.106012225151062,-0.594333827495575,0.03790241479873657
307,-1.080238699913025,-0.47550517320632935,-0.0250423364341259
308,-1.0526645183563232,-0.3548831343650818,-0.0843549370765686
309,-1.0232913494110107,-0.23251953721046448,-0.14003491401672363
310,-0.9920899271965027,-0.10848036408424377,-0.1920764446258545
311,-0.9564692378044128,-1.0227752923965454,0.32960256934165955
312,-0.9388116598129272,-0.9075847864151001,0.2661173939704895
313,-0.9193660020828247,-0.7904240489006042,0.20626577734947205
314,-0.89814293384552,-0.6713681221008301,0.15004505217075348
315,-0.875143826007843,-0.5504550933837891,0.0974518284201622
316,-0.8503656387329102,-0.4277060031890869,0.04848574846982956
317,-0.8238083720207214,-0.30314111709594727,0.00314889382570982
318,-0.795475959777832,-0.17678968608379364,-0.03855694830417633
319,-0.7653727531433105,-0.04870125651359558,-0.07663228362798691
320,-0.7335035800933838,0.0810357928276062,-0.1110805794596672
321,-0.7042921185493469,-0.8825672268867493,0.2556934654712677
322,-0.6856929063796997,-0.7615881562232971,0.20981022715568542
323,-0.6653519868850708,-0.638656497001648,0.16756269335746765
324,-0.6432641744613647,-0.5138401985168457,0.12894701957702637
325,-0.6194271445274353,-0.38717788457870483,0.09395995736122131
326,-0.5938387513160706,-0.25869232416152954,0.06260079145431519
327,-0.566498875617981,-0.12840396165847778,0.0348709374666214
328,-0.5374106168746948,0.0036581456661224365,0.01077179703861475
329,-0.5065822601318359,0.1374422311782837,-0.009697568602859974
330,-0.47403594851493835,0.27285271883010864,-0.026543982326984406
331,-0.4513677954673767,-0.7399605512619019,0.18530963361263275
332,-0.43184226751327515,-0.6132171154022217,0.15703165531158447
333,-0.41060394048690796,-0.48452961444854736,0.13238920271396637
334,-0.3876478374004364,-0.35396677255630493,0.11137894541025162
335,-0.36297160387039185,-0.22156894207000732,0.09399785846471786
336,-0.3365740478038788,-0.08736155182123184,0.08024502545595169
337,-0.30845507979393005,0.048633724451065063,0.07012134045362473
338,-0.2786169648170471,0.18638752400875092,0.0636279359459877
339,-0.2470686137676239,0.3258487582206726,0.060763925313949585
340,-0.21383222937583923,0.46692603826522827,0.061521973460912704
341,-0.197779580950737,-0.5949891805648804,0.11844898015260696
342,-0.17733721435070038,-0.46250036358833313,0.10777822881937027
343,-0.15520153939723969,-0.3280714750289917,0.10074200481176376
344,-0.13137531280517578,-0.19177645444869995,0.09733778238296509
345,-0.10585963726043701,-0.05365920066833496,0.09756281226873398
346,-0.07865459471940994,0.08625286817550659,0.10141593962907791
347,-0.04976014792919159,0.22793717682361603,0.10889755189418793
348,-0.019177474081516266,0.3713650405406952,0.12000871449708939
349,0.013087928295135498,0.5164885520935059,0.13474908471107483
350,0.04702141880989075,0.6632235646247864,0.15311256051063538
351,0.05642169713973999,-0.44766679406166077,0.05511235445737839
352,0.07777698338031769,-0.3094485402107239,0.06204972416162491
353,0.10080858319997787,-0.1692933291196823,0.07262059301137924
354,0.12550422549247742,-0.02728204056620598,0.08682289719581604
355,0.1518581509590149,0.11653754115104675,0.1046539917588234
356,0.1798686534166336,0.2621362805366516,0.12611240148544312
357,0.20953579246997833,0.4094914495944977,0.15119808912277222
358,0.2408599555492401,0.5585759878158569,0.17991220951080322
359,0.2738403379917145,0.7093462347984314,0.21225538849830627
360,0.3084719479084015,0.861725926399231,0.2482234537601471
361,0.31119248270988464,-0.2980043888092041,-0.0046968418173491955
362,0.33346256613731384,-0.15406931936740875,0.019848523661494255
363,0.3573886752128601,-0.00820237398147583,0.04802669212222099
364,0.3829510807991028,0.13950848579406738,0.07983549684286118
365,0.41014063358306885,0.2890125513076782,0.1152721419930458
366,0.43895459175109863,0.4402797818183899,0.15433475375175476
367,0.4693929851055145,0.5932880640029907,0.19702289998531342
368,0.5014574527740479,0.7480124235153198,0.24333785474300385
369,0.5351507067680359,0.9044130444526672,0.29328131675720215
370,0.5704755187034607,1.0624197721481323,0.3468514382839203
371,0.5664803385734558,-0.14601916074752808,-0.06097554415464401
372,0.5896727442741394,0.0036236941814422607,-0.018823180347681046
373,0.614490807056427,0.15518787503242493,0.026962123811244965
374,0.6409149169921875,0.3085811138153076,0.07637706398963928
375,0.6689366698265076,0.4637519121170044,0.12941861152648926
376,0.6985523700714111,0.6206703186035156,0.18608435988426208
377,0.7297620177268982,0.7793150544166565,0.24637340009212494
378,0.7625683546066284,0.9396637678146362,0.31028714776039124
379,0.7969738245010376,1.1016788482666016,0.3778282701969147
380,0.832981526851654,1.2652912139892578,0.4489963948726654
381,0.8221989870071411,0.008257478475570679,-0.11372295767068863
382,0.8463268876075745,0.16360068321228027,-0.053965531289577484
383,0.872032105922699,0.32084399461746216,0.009426169097423553
384,0.8993121385574341,0.47990113496780396,0.07644687592983246
385,0.9281626343727112,0.6407225131988525,0.14709310233592987
386,0.9585790038108826,0.8032774925231934,0.22136181592941284
387,0.9905611872673035,0.9675446152687073,0.2992512285709381
388,1.024112582206726,1.1335030794143677,0.3807626962661743
389,1.0592319965362549,1.3011162281036377,0.4658992886543274
390,1.095906376838684,1.4703062772750854,0.554659366607666
391,1.0782010555267334,0.16478264331817627,-0.16293346881866455
392,1.1032748222351074,0.32579711079597473,-0.08558196574449539
393,1.1298625469207764,0.48868945240974426,-0.00458795391023159
394,1.1579960584640503,0.6533920168876648,0.0800374448299408
395,1.1876742839813232,0.8198519945144653,0.16828911006450653
396,1.2188917398452759,0.988034725189209,0.2601623833179474
397,1.2516475915908813,1.1579149961471558,0.35565391182899475
398,1.2859448194503784,1.329469084739685,0.45476335287094116
399,1.3217780590057373,1.5026557445526123,0.5574920177459717
400,1.3590989112854004,1.6773735284805298,0.6638258099555969
401,-1.5386852025985718,-1.4545246362686157,0.39936891198158264
402,-1.5189539194107056,-1.304609775543213,0.31942063570022583
403,-1.4974538087844849,-1.152752161026001,0.24308596551418304
404,-1.4741549491882324,-0.9989757537841797,0.17037156224250793
405,-1.4490464925765991,-0.8433142900466919,0.10128180682659149
406,-1.4221220016479492,-0.6857975721359253,0.03582081198692322
407,-1.3933833837509155,-0.5264579653739929,-0.026006970554590225
408,-1.3628418445587158,-0.3653360903263092,-0.08419729024171829
409,-1.3305156230926514,-0.20248252153396606,-0.13874658942222595
410,-1.296442985534668,-0.03795194625854492,-0.18965211510658264
411,-1.213960886001587,-1.2882359027862549,0.32303178310394287
412,-1.193291187286377,-1.1325116157531738,0.2606787383556366
413,-1.1708961725234985,-0.9748689532279968,0.20195142924785614
414,-1.1467331647872925,-0.815326452255249,0.14684996008872986
415,-1.1207876205444336,-0.6539139747619629,0.09537570178508759
416,-1.0930534601211548,-0.49065908789634705,0.04753102734684944
417,-1.0635321140289307,-0.3255910873413086,0.0033190585672855377
418,-1.0322335958480835,-0.15874701738357544,-0.037257321178913116
419,-0.9991788268089294,0.009822607040405273,-0.07419701665639877
420,-0.9644201397895813,0.18005093932151794,-0.10750371962785721
421,-0.888397216796875,-1.1195268630981445,0.25020691752433777
422,-0.8668034076690674,-0.9580193758010864,0.20546133816242218
423,-0.8435090184211731,-0.7946003675460815,0.16434577107429504
424,-0.8184770941734314,-0.6292941570281982,0.12685924768447876
425,-0.7916913628578186,-0.4621301293373108,0.09300179779529572
426,-0.7631467580795288,-0.293136864900589,0.06277471780776978
427,-0.7328447103500366,-0.12234348058700562,0.03618006035685539
428,-0.7007938623428345,0.050213247537612915,0.013219642452895641
429,-0.6670174598693848,0.2244819700717926,-0.006106942892074585
430,-0.6315633058547974,0.4003939926624298,-0.02180587127804756
431,-0.5620673298835754,-0.9484120607376099,0.1809004545211792
432,-0.5395652651786804,-0.7811444997787476,0.15376785397529602
433,-0.515373706817627,-0.6119654178619385,0.13026724755764008
434,-0.48946934938430786,-0.4409060478210449,0.1103978157043457
435,-0.46184149384498596,-0.2680005133152008,0.09415893256664276
436,-0.4324871897697449,-0.09327976405620575,0.08155089616775513
437,-0.401407927274704,0.08322577178478241,0.07257474958896637
438,-0.3686106204986572,0.26147928833961487,0.06723133474588394
439,-0.33411312103271484,0.4414314031600952,0.06551942974328995
440,-0.2979504466056824,0.6230201721191406,0.06743258982896805
441,-0.2350497990846634,-0.7749157547950745,0.11511658877134323
442,-0.21164989471435547,-0.6019072532653809,0.10559947043657303
443,-0.18656298518180847,-0.42698371410369873,0.09971576184034348
444,-0.15978488326072693,-0.2501864731311798,0.09746493399143219
445,-0.13131442666053772,-0.07155512273311615,0.09884576499462128
446,-0.10115204006433487,0.10887616872787476,0.10385748744010925
447,-0.06929924339056015,0.29107600450515747,0.11250010132789612
448,-0.03575989603996277,0.47500836849212646,0.12477364391088486
449,-0.000542566180229187,0.6606287956237793,0.1406765878200531
450,0.03633664548397064,0.8478858470916748,0.1602034568786621
451,0.09258949011564255,-0.5990573167800903,0.0528593435883522
452,0.11688311398029327,-0.4203242361545563,0.06095852702856064
453,0.14286351203918457,-0.2396726757287979,0.07269256561994553
454,0.17051437497138977,-0.057154737412929535,0.08806094527244568
455,0.19982624053955078,0.12718388438224792,0.10706163942813873
456,0.230794757604599,0.31330639123916626,0.12969279289245605
457,0.2634183168411255,0.5011810660362244,0.15595336258411407
458,0.297696977853775,0.6907739639282227,0.18584267795085907
459,0.3336327075958252,0.8820464611053467,0.2193593978881836
460,0.3712300658226013,1.074958324432373,0.25649964809417725
461,0.42078897356987,-0.4208579361438751,-0.005866745486855507
462,0.44597843289375305,-0.23641328513622284,0.01984833925962448
463,0.47285139560699463,-0.05004949867725372,0.04919993132352829
464,0.5013725757598877,0.13817113637924194,0.08218708634376526
465,0.5315232276916504,0.3281975984573364,0.11880671977996826
466,0.5632957816123962,0.5199916958808899,0.1590559333562851
467,0.5966887474060059,0.7135220170021057,0.20293264091014862
468,0.6317054033279419,0.908757209777832,0.25043559074401855
469,0.6683571338653564,1.1056641340255737,0.30156368017196655
470,0.7066676616668701,1.3042131662368774,0.3563149869441986
471,0.7494815587997437,-0.2403462827205658,-0.06105725094676018
472,0.7755752205848694,-0.05019938945770264,-0.0177280455827713
473,0.8033398389816284,0.14186152815818787,0.029239844530820847
474,0.8327270150184631,0.33576661348342896,0.07984432578086853
475,0.863712728023529,0.5314624905586243,0.134081169962883
476,0.8962876796722412,0.7289103269577026,0.19194631278514862
477,0.9304503202438354,0.9280792474746704,0.25343674421310425
478,0.9662057757377625,1.1289399862289429,0.3185504674911499
479,1.0035710334777832,1.3314634561538696,0.3872864544391632
480,1.0425835847854614,1.535628080368042,0.45964428782463074
481,1.078586459159851,-0.0575622022151947,-0.11270857602357864
482,1.1055978536605835,0.13827821612358093,-0.05176939815282822
483,1.134253740310669,0.3360195755958557,0.012811994180083275
484,1.1645011901855469,0.5355924963951111,0.08103148639202118
485,1.196318507194519,0.7369436025619507,0.15288342535495758
486,1.2296949625015259,0.9400331377983093,0.22836248576641083
487,1.2646286487579346,1.144829273223877,0.3074643015861511
488,1.3011261224746704,1.3513031005859375,0.39018601179122925
489,1.339201807975769,1.559423804283142,0.4765251874923706
490,1.3788992166519165,1.7691755294799805,0.5664812326431274
491,1.4080283641815186,0.12744224071502686,-0.16081808507442474
492,1.4359668493270874,0.3289569616317749,-0.08227931708097458
493,1.4655072689056396,0.5323595404624939,-8.97720456123352e-05
494,1.4966100454330444,0.7375895380973816,0.08574193716049194
495,1.5292567014694214,0.9445922374725342,0.17520764470100403
496,1.5634353160858154,1.1533230543136597,0.26830005645751953
497,1.5991435050964355,1.363746166229248,0.3650130033493042
498,1.6363873481750488,1.575829267501831,0.46534132957458496
499,1.6751770973205566,1.7895350456237793,0.5692787766456604
500,1.7155426740646362,2.0048370361328125,0.676816999912262
501,-1.8680775165557861,-1.7468618154525757,0.39187705516815186
502,-1.8452985286712646,-1.5563862323760986,0.3130645453929901
503,-1.820809006690979,-1.3640185594558716,0.23786699771881104
504,-1.79454505443573,-1.1697443723678589,0.16628846526145935
505,-1.766479730606079,-0.9735846519470215,0.09833461046218872
506,-1.7366029024124146,-0.775570809841156,0.03401079773902893
507,-1.704917550086975,-0.5757403373718262,-0.02667805179953575
508,-1.6714396476745605,-0.37413644790649414,-0.08372737467288971
509,-1.636202335357666,-0.1708061695098877,-0.13713370263576508
510,-1.599273443222046,0.03420877456665039,-0.18689744174480438
511,-1.4699132442474365,-1.552003264427185,0.31664061546325684
512,-1.4462217092514038,-1.3557411432266235,0.2554309368133545
513,-1.4208461046218872,-1.1576026678085327,0.1978454738855362
514,-1.393721580505371,-0.9575739502906799,0.14388439059257507
515,-1.3648210763931274,-0.7556739449501038,0.09355062246322632
516,-1.3341352939605713,-0.5519315600395203,0.046847641468048096
517,-1.3016667366027832,-0.34638160467147827,0.0037789680063724518
518,-1.2674297094345093,-0.13906455039978027,-0.03565234690904617
519,-1.2314573526382446,0.06997376680374146,-0.07144515216350555
520,-1.1938189268112183,0.2806866765022278,-0.10360363125801086
521,-1.070963740348816,-1.354772686958313,0.24491794407367706
522,-1.0463712215423584,-1.1527405977249146,0.2013203650712967
523,-1.0201046466827393,-0.9488327503204346,0.16135117411613464
524,-0.9921139478683472,-0.743045449256897,0.12501005828380585
525,-0.9623745083808899,-0.5353986024856567,0.09229841828346252
526,-0.9308786988258362,-0.32592201232910156,0.06321828067302704
527,-0.8976287841796875,-0.11465004086494446,0.03777194023132324
528,-0.8626376390457153,0.0983777642250061,0.01596110314130783
529,-0.8259357810020447,0.31311607360839844,-0.002214621752500534
530,-0.787579357624054,0.5295200347900391,-0.016760602593421936
531,-0.6712535619735718,-1.1551482677459717,0.17671257257461548
532,-0.6457740068435669,-0.9473651051521301,0.15073251724243164
533,-0.6186197400093079,-0.737701416015625,0.12838329374790192
534,-0.5897600054740906,-0.5261631608009338,0.1096649020910263
535,-0.5591797828674316,-0.3127761483192444,0.09457778185606003
536,-0.5268744230270386,-0.09757265448570251,0.08312269300222397
537,-0.49284616112709045,0.11941193044185638,0.07530064880847931
538,-0.45710527896881104,0.3381385803222656,0.07111217081546783
539,-0.41967305541038513,0.5585650205612183,0.0705559179186821
540,-0.3805869221687317,0.7806546688079834,0.07362673431634903
541,-0.2708469033241272,-0.9531407952308655,0.11203000694513321
542,-0.2444898784160614,-0.7396239638328552,0.10367002338171005
543,-0.2164505273103714,-0.5242193937301636,0.09894299507141113
544,-0.18672135472297668,-0.30694448947906494,0.09784916788339615
545,-0.15529975295066833,-0.08783137798309326,0.10038808733224869
546,-0.12218610942363739,0.13308396935462952,0.10655926913022995
547,-0.087382972240448,0.3557652235031128,0.11636240035295486
548,-0.05089554190635681,0.5801745653152466,0.1297968327999115
549,-0.012733042240142822,0.8062753677368164,0.14686088263988495
550,0.02709031105041504,1.0340423583984375,0.16755038499832153
551,0.13018575310707092,-0.7487704157829285,0.050875451415777206
552,0.15741640329360962,-0.5295353531837463,0.06013628840446472
553,0.18633882701396942,-0.3084060549736023,0.07303223013877869
554,0.2169364094734192,-0.08541116118431091,0.08956357091665268
555,0.24919825792312622,0.13941025733947754,0.1097288504242897
556,0.283118337392807,0.36601904034614563,0.13352620601654053
557,0.31869402527809143,0.5943783521652222,0.16095398366451263
558,0.35592567920684814,0.8244528770446777,0.19201061129570007
559,0.3948175013065338,1.0562125444412231,0.22669421136379242
560,0.4353795051574707,1.2896437644958496,0.2650022506713867
561,0.5317732095718384,-0.5420641899108887,-0.00674615241587162
562,0.5598794221878052,-0.3171236515045166,0.020134922116994858
563,0.5896843075752258,-0.0902848094701767,0.050653353333473206
564,0.6211481690406799,0.13841266930103302,0.08480916917324066
565,0.6542479395866394,0.3689236640930176,0.122599758207798
566,0.6889725923538208,0.6012070178985596,0.16402184963226318
567,0.725319504737854,0.8352258801460266,0.2090725600719452
568,0.7632941007614136,1.0709480047225952,0.25774937868118286
569,0.802912712097168,1.308349370956421,0.310050368309021
570,0.8442089557647705,1.5474284887313843,0.36597487330436707
571,0.9338441491127014,-0.33305639028549194,-0.060830265283584595
572,0.9628335237503052,-0.10241967439651489,-0.016331037506461143
573,0.993520975112915,0.1301143765449524,0.03180813044309616
574,1.0258480310440063,0.36449769139289856,0.08358655869960785
575,1.0597823858261108,0.6006814241409302,0.1390002816915512
576,1.0953099727630615,0.8386229872703552,0.19804468750953674
577,1.132428526878357,1.0782859325408936,0.2607155740261078
578,1.1711459159851074,1.3196396827697754,0.32700949907302856
579,1.2114882469177246,1.562665581703186,0.39692434668540955
580,1.2535083293914795,1.8073724508285522,0.47046104073524475
581,1.3363326787948608,-0.12178993225097656,-0.11137339472770691
582,1.3662171363830566,0.11453533172607422,-0.04926033318042755
583,1.3977885246276855,0.3527514934539795,0.016496213153004646
584,1.4309741258621216,0.5928074717521667,0.085894376039505
585,1.4657398462295532,0.8346530795097351,0.1589285433292389
586,1.5020698308944702,1.0782440900802612,0.23559263348579407
587,1.5399614572525024,1.3235427141189575,0.31588104367256165
588,1.5794241428375244,1.5705182552337646,0.3997887372970581
589,1.6204859018325806,1.8191516399383545,0.48731234669685364
590,1.6632146835327148,2.069462299346924,0.5784536600112915
591,1.7392113208770752,0.09168660640716553,-0.15837587416172028
592,1.769999384880066,0.333689421415329,-0.07865706086158752
593,1.8024486303329468,0.5775772333145142,0.004712283611297607
594,1.8364880084991455,0.8233019113540649,0.0917273685336113
595,1.8720827102661133,1.0708110332489014,0.18238024413585663
596,1.909216046333313,1.3200559616088867,0.2766628861427307
597,1.947884440422058,1.5709956884384155,0.37456780672073364
598,1.9880977869033813,1.8235955238342285,0.4760877788066864
599,2.02988338470459,2.077831983566284,0.5812159776687622
600,2.073307752609253,2.3337228298187256,0.6899498701095581
601,-2.1959099769592285,-2.0374999046325684,0.38459688425064087
602,-2.170092821121216,-1.8064758777618408,0.3069264590740204
603,-2.1425979137420654,-1.5735948085784912,0.23287516832351685
604,-2.113353967666626,-1.3388266563415527,0.1624450385570526
605,-2.0823254585266113,-1.1021814346313477,0.09564090520143509
606,-2.04949951171875,-0.8636884689331055,0.03246765583753586
607,-2.0148792266845703,-0.6233863830566406,-0.0270703062415123
608,-1.9784836769104004,-0.38131725788116455,-0.08296914398670197
609,-1.9403530359268188,-0.13752180337905884,-0.13522647321224213
610,-1.900559663772583,0.10797113180160522,-0.1838441789150238
611,-1.7243256568908691,-1.814082145690918,0.3104674220085144
612,-1.6976207494735718,-1.5772933959960938,0.25040704011917114
613,-1.6692522764205933,-1.3386573791503906,0.19397205114364624
614,-1.6391537189483643,-1.0981463193893433,0.14116236567497253
615,-1.6072931289672852,-0.8557704091072083,0.09198083728551865
616,-1.5736587047576904,-0.6115574240684509,0.046430803835392
617,-1.5382534265518188,-0.3655434846878052,0.004515400156378746
618,-1.5010943412780762,-0.11776822805404663,-0.03376287966966629
619,-1.4622182846069336,0.13172966241836548,-0.06840328127145767
620,-1.421692967414856,0.38292062282562256,-0.09940963983535767
621,-1.2520017623901367,-1.5883259773254395,0.23985590040683746
622,-1.224418044090271,-1.3457820415496826,0.19741179049015045
623,-1.1951724290847778,-1.1013888120651245,0.1585962474346161
624,-1.1642149686813354,-0.8551287651062012,0.1234092265367508
625,-1.131518840789795,-0.6070140600204468,0.09185227751731873
626,-1.09707510471344,-0.3570733666419983,0.06392741203308105
627,-1.0608863830566406,-0.10534235835075378,0.03963656350970268
628,-1.0229671001434326,0.1481403410434723,0.018981073051691055
629,-0.9833491444587708,0.4033379554748535,0.0019603874534368515
630,-0.942084550857544,0.6602247953414917,-0.01142946258187294
631,-0.7789360880851746,-1.3601946830749512,0.17276383936405182
632,-0.7504842877388,-1.1119097471237183,0.14794021844863892
633,-0.7203643321990967,-0.8617693185806274,0.12674738466739655
634,-0.688545823097229,-0.6097655296325684,0.10918555408716202
635,-0.6550127863883972,-0.35591620206832886,0.09525544941425323
636,-0.6197598576545715,-0.10025244951248169,0.08495789766311646
637,-0.5827898979187012,0.15718916058540344,0.07829359918832779
638,-0.5441137552261353,0.41637104749679565,0.07526273280382156
639,-0.5037526488304138,0.677260160446167,0.07586414366960526
640,-0.46173959970474243,0.9398387670516968,0.08009420335292816
641,-0.3051767349243164,-1.1296887397766113,0.1091960072517395
642,-0.27586477994918823,-0.8756774067878723,0.10199499130249023
643,-0.24487309157848358,-0.6198031902313232,0.09842675924301147
644,-0.21219360828399658,-0.3620678186416626,0.0984918400645256
645,-0.17782312631607056,-0.10249566286802292,0.10219009220600128
646,-0.1417621374130249,0.15887850522994995,0.10952112078666687
647,-0.104013592004776,0.4220174551010132,0.12048434466123581
648,-0.06458282470703125,0.6868851184844971,0.13507895171642303
649,-0.023478254675865173,0.9534538388252258,0.153303325176239
650,0.019289210438728333,1.221716284751892,0.1751548945903778
651,0.1692085862159729,-0.8968265652656555,0.04915713518857956
652,0.1993774175643921,-0.6371028423309326,0.05957935005426407
653,0.2312389612197876,-0.37550899386405945,0.07363635301589966
654,0.2647784948348999,-0.11205699294805527,0.09132882207632065
655,0.2999853193759918,0.15322212874889374,0.11265571415424347
656,0.3368528485298157,0.420290470123291,0.13761532306671143
657,0.3753780722618103,0.6891103982925415,0.16620579361915588
658,0.41556164622306824,0.9596482515335083,0.19842535257339478
659,0.4574090242385864,1.2318826913833618,0.234272301197052
660,0.5009320974349976,1.5058170557022095,0.2737453281879425
661,0.6441472172737122,-0.6616365909576416,-0.007348415441811085
662,0.6751745939254761,-0.39621230959892273,0.020696381106972694
663,0.7079054713249207,-0.1289125680923462,0.052378080785274506
664,0.7423033714294434,0.14024046063423157,0.08769721537828445
665,0.7783446311950684,0.41121000051498413,0.12665173411369324
666,0.8160170912742615,0.6839558482170105,0.16923865675926208
667,0.8553178310394287,0.9584403038024902,0.21545487642288208
668,0.8962529897689819,1.2346327304840088,0.26529768109321594
669,0.9388410449028015,1.5125175714492798,0.31876540184020996
670,0.9831159114837646,1.7921090126037598,0.37585824728012085
671,1.1195710897445679,-0.4241541922092438,-0.060316845774650574
672,1.1514631509780884,-0.15303802490234375,-0.014651421457529068
673,1.1850639581680298,0.11995503306388855,0.03465324267745018
674,1.2203179597854614,0.39479488134384155,0.08759720623493195
675,1.2571909427642822,0.671440601348877,0.14417728781700134
676,1.2956671714782715,0.94985032081604,0.2043892741203308
677,1.3357435464859009,1.2299861907958984,0.26822879910469055
678,1.3774299621582031,1.5118192434310913,0.3356921970844269
679,1.420755386352539,1.795339584350586,0.40677762031555176
680,1.465773582458496,2.080571174621582,0.48148679733276367
681,1.595430850982666,-0.18441987037658691,-0.1097458153963089
682,1.6281967163085938,0.09238213300704956,-0.04646322876214981
683,1.6626688241958618,0.37105894088745117,0.02046138606965542
684,1.6987756490707397,0.6515762805938721,0.09102760255336761
685,1.7364779710769653,0.9338903427124023,0.16523076593875885
686,1.7757574319839478,1.217957615852356,0.24306537210941315
687,1.8166106939315796,1.5037391185760498,0.32452571392059326
688,1.8590500354766846,1.7912057638168335,0.40960684418678284
689,1.9031095504760742,2.0803487300872803,0.49830564856529236
690,1.948859453201294,2.3712024688720703,0.5906252861022949
691,2.0717263221740723,0.05752664804458618,-0.15563705563545227
692,2.1053733825683594,0.34000951051712036,-0.07474280893802643
693,2.1407132148742676,0.6243656873703003,0.009798463433980942
694,2.1776692867279053,0.9105604887008667,0.0979846864938736
695,2.2161993980407715,1.19854736328125,0.18980944156646729
696,2.2562828063964844,1.488278865814209,0.2852654755115509
697,2.2979161739349365,1.7797129154205322,0.3843456506729126
698,2.3411126136779785,2.072817802429199,0.4870431423187256
699,2.385909080505371,2.3675832748413086,0.5933524966239929
700,2.4323806762695312,2.6640448570251465,0.7032747864723206
701,-2.522200584411621,-2.326456069946289,0.37755322456359863
702,-2.493364095687866,-2.054903268814087,0.3010289669036865
703,-2.462862968444824,-1.7815155982971191,0.22812849283218384
704,-2.4306318759918213,-1.506258487701416,0.15885235369205475
705,-2.396637201309204,-1.229137659072876,0.09320428967475891
706,-2.36086368560791,-0.9501787424087524,0.03118785098195076
707,-2.323315143585205,-0.6694185137748718,-0.02719375491142273
708,-2.284011125564575,-0.386896014213562,-0.08193796873092651
709,-2.2429895401000977,-0.10264360904693604,-0.1330433040857315
710,-2.20031476020813,0.18332093954086304,-0.180511936545372
711,-1.977222204208374,-2.0744974613189697,0.3045348525047302
712,-1.9475187063217163,-1.7971985340118408,0.24562695622444153
713,-1.9161567687988281,-1.5180696249008179,0.19034633040428162
714,-1.883078932762146,-1.237080454826355,0.13869290053844452
715,-1.8482552766799927,-0.9542366862297058,0.09066891670227051
716,-1.811673879623413,-0.669563889503479,0.046276941895484924
717,-1.7733378410339355,-0.38309693336486816,0.005519229918718338
718,-1.7332642078399658,-0.09487271308898926,-0.031602535396814346
719,-1.691486120223999,0.19507867097854614,-0.06508798152208328
720,-1.64806067943573,0.486741304397583,-0.09493996202945709
721,-1.4315394163131714,-1.8202204704284668,0.2350388765335083
722,-1.4009754657745361,-1.537179946899414,0.19375081360340118
723,-1.3687509298324585,-1.2523072957992554,0.15609222650527954
724,-1.334823489189148,-0.9655799865722656,0.12206313014030457
725,-1.2991693019866943,-0.677006185054779,0.0916648730635643
726,-1.2617793083190918,-0.3866123557090759,0.0648990198969841
727,-1.22265625,-0.09443336725234985,0.041766874492168427
728,-1.181814432144165,0.19949549436569214,0.022269217297434807
729,-1.1392812728881836,0.4951459765434265,0.006405597552657127
730,-1.0950992107391357,0.7925072312355042,-0.005826584994792938
731,-0.8851364254951477,-1.5635862350463867,0.16906562447547913
732,-0.8537197113037109,-1.2748140096664429,0.1454003006219864
733,-0.8206348419189453,-0.9842045307159424,0.12536601722240448
734,-0.785856306552887,-0.6917427778244019,0.10896322876214981
735,-0.7493702173233032,-0.3974417746067047,0.09619255363941193
736,-0.711171567440033,-0.10133017599582672,0.08705459535121918
737,-0.6712633371353149,0.1965564787387848,0.08154966682195663
738,-0.6296557188034058,0.49618402123451233,0.07967763394117355
739,-0.5863664746284485,0.7975280284881592,0.08143764734268188
740,-0.5414214134216309,1.1005845069885254,0.0868276059627533
741,-0.3380492031574249,-1.3045907020568848,0.10661869496107101
742,-0.30578500032424927,-1.0100984573364258,0.1005774661898613
743,-0.271841824054718,-0.7137627601623535,0.09816894680261612
744,-0.23621247708797455,-0.41557636857032776,0.09939374774694443
745,-0.19889430701732635,-0.11555758863687515,0.10425186902284622
746,-0.15988793969154358,0.18626171350479126,0.1127428486943245
747,-0.11919635534286499,0.48984551429748535,0.12486599385738373
748,-0.07682445645332336,0.795161247253418,0.14062035083770752
749,-0.03277871012687683,1.1021889448165894,0.16000477969646454
750,0.012933313846588135,1.410933256149292,0.18301787972450256
751,0.2096613645553589,-1.0432493686676025,0.047701578587293625
752,0.24277040362358093,-0.7430490851402283,0.05928480252623558
753,0.27757057547569275,-0.4409991502761841,0.07450246065855026
754,0.31404995918273926,-0.1371007263660431,0.0933552011847496
755,0.3521992862224579,0.16862264275550842,0.11584227532148361
756,0.39201220870018005,0.4761362373828888,0.1419622302055359
757,0.4334857165813446,0.7854037284851074,0.17171329259872437
758,0.47662049531936646,1.0963947772979736,0.20509374141693115
759,0.5214220285415649,1.4090944528579712,0.24210231006145477
760,0.5679018497467041,1.7235159873962402,0.282738596200943
761,0.7579261660575867,-0.7795899510383606,-0.007682620547711849
762,0.7918813228607178,-0.47369199991226196,0.02152453362941742
763,0.8275378942489624,-0.16593974828720093,0.05436781793832779
764,0.8648659586906433,0.14365777373313904,0.09084784239530563
765,0.9038450121879578,0.4550720453262329,0.1309630572795868
766,0.9444632530212402,0.7682662010192871,0.1747109591960907
767,0.986717700958252,1.0832037925720215,0.2220887541770935
768,1.0306143760681152,1.3998570442199707,0.2730940580368042
769,1.0761702060699463,1.718216061592102,0.32772547006607056
770,1.1234147548675537,2.038301944732666,0.3859836757183075
771,1.3066843748092651,-0.5136457085609436,-0.05953136831521988
772,1.341489553451538,-0.20205813646316528,-0.012701710686087608
773,1.3780030012130737,0.11138629913330078,0.03776578605175018
774,1.4161782264709473,0.42667171359062195,0.09187155216932297
775,1.4559850692749023,0.7437655925750732,0.14961321651935577
776,1.4974076747894287,1.0626293420791626,0.21098726987838745
777,1.540442943572998,1.3832266330718994,0.27598997950553894
778,1.5851012468338013,1.7055308818817139,0.3446180522441864
779,1.63140869140625,2.0295374393463135,0.41686999797821045
780,1.6794122457504272,2.3552746772766113,0.49274778366088867
781,1.855899453163147,-0.24545103311538696,-0.10784320533275604
782,1.8915612697601318,0.07182145118713379,-0.043393515050411224
783,1.9289329051971436,0.3909514546394348,0.024695906788110733
784,1.967952847480774,0.7119178771972656,0.09642541408538818
785,2.0085854530334473,1.0346858501434326,0.17179153859615326
786,2.050812244415283,1.3592147827148438,0.2507897913455963
787,2.0946295261383057,1.6854673624038696,0.33341535925865173
788,2.1400504112243652,2.0134177207946777,0.41966402530670166
789,2.1871070861816406,2.343062400817871,0.5095335245132446
790,2.235861301422119,2.674438714981079,0.6030269861221313
791,2.405586004257202,0.02496469020843506,-0.15262018144130707
792,2.442110061645508,0.3479210138320923,-0.070553719997406
793,2.4803383350372314,0.6727356314659119,0.015155626460909843
794,2.5202016830444336,0.9993852972984314,0.10450726002454758
795,2.561660051345825,1.3278319835662842,0.19749660789966583
796,2.60469126701355,1.6580322980880737,0.2941179573535919
797,2.649292230606079,1.9899464845657349,0.39436548948287964
798,2.6954779624938965,2.323547601699829,0.49823373556137085
799,2.7432849407196045,2.6588315963745117,0.6057189702987671
800,2.79278302192688,2.9958393573760986,0.7168236970901489
801,-2.846991539001465,-2.6137685775756836,0.37076205015182495
802,-2.815155029296875,-2.301708221435547,0.29538676142692566
803,-2.781651735305786,-1.987821340560913,0.2236384153366089
804,-2.746432065963745,-1.672079086303711,0.15551763772964478
805,-2.709468126296997,-1.354485034942627,0.09102693200111389
806,-2.670747756958008,-1.0350641012191772,0.030168630182743073
807,-2.630274534225464,-0.7138510346412659,-0.02705555409193039
808,-2.588064670562744,-0.3908799886703491,-0.08064424991607666
809,-2.544149160385132,-0.06617605686187744,-0.1305966079235077
810,-2.4985761642456055,0.26025354862213135,-0.17691399157047272
811,-2.2286453247070312,-2.33328914642334,0.29885753989219666
812,-2.1959595680236816,-2.0154976844787598,0.24110354483127594
813,-2.161607027053833,-1.6958814859390259,0.18697816133499146
814,-2.1255478858947754,-1.3744151592254639,0.1364818662405014
815,-2.0877585411071777,-1.0511040687561035,0.08961636573076248
816,-2.0482306480407715,-0.7259728908538818,0.046383313834667206
817,-2.0069668292999268,-0.399055540561676,0.006784029304981232
818,-1.963981032371521,-0.07038474082946777,-0.029180634766817093
819,-1.919298768043518,0.26001667976379395,-0.06151053309440613
820,-1.8729591369628906,0.5921444892883301,-0.09020696580410004
821,-1.6096162796020508,-2.0504980087280273,0.2304784506559372
822,-1.5760842561721802,-1.7269766330718994,0.19034741818904877
823,-1.5408834218978882,-1.4016294479370117,0.1538463830947876
824,-1.5039846897125244,-1.0744359493255615,0.1209758073091507
825,-1.4653708934783936,-0.7454034686088562,0.09173689782619476
826,-1.425034761428833,-0.4145575165748596,0.06613065302371979
827,-1.3829792737960815,-0.08193200826644897,0.044157713651657104
828,-1.3392165899276733,0.2524411082267761,0.025818288326263428
829,-1.2937664985656738,0.5885412096977234,0.011112183332443237
830,-1.2466570138931274,0.9263688325881958,3.824010491371155e-05
831,-0.9898844361305237,-1.7653628587722778,0.16562530398368835
832,-0.9555098414421082,-1.4361172914505005,0.14311879873275757
833,-0.9194619655609131,-1.1050440073013306,0.12424348294734955
834,-0.8817232847213745,-0.772126317024231,0.109000064432621
835,-0.8422835469245911,-0.437374472618103,0.09738920629024506
836,-0.8011394739151001,-0.10081622004508972,0.08941115438938141
837,-0.7582939863204956,0.23751404881477356,0.08506583422422409
838,-0.7137553691864014,0.5775852203369141,0.08435288071632385
839,-0.6675369739532471,0.9193795919418335,0.08727166801691055
840,-0.6196547150611877,1.2629038095474243,0.09382150322198868
841,-0.3694768249988556,-1.477879285812378,0.10430057346820831
842,-0.3342631757259369,-1.142918586730957,0.09941926598548889
843,-0.2973693013191223,-0.8061269521713257,0.09817056357860565
844,-0.2587902247905731,-0.4674919843673706,0.10055520385503769
845,-0.21852442622184753,-0.1270281970500946,0.10657323151826859
846,-0.17657291889190674,0.2152346521615982,0.11622419208288193
847,-0.13293872773647308,0.559261679649353,0.12950722873210907
848,-0.08762603998184204,0.9050230979919434,0.14642135798931122
849,-0.04063934087753296,1.2525041103363037,0.16696561872959137
850,0.008017897605895996,1.6017180681228638,0.19113974273204803
851,0.2515508234500885,-1.1880625486373901,0.04650646448135376
852,0.28760209679603577,-0.847396194934845,0.05925043672323227
853,0.32534122467041016,-0.5048954486846924,0.07562854886054993
854,0.3647601306438446,-0.160552978515625,0.09564139693975449
855,0.40585142374038696,0.18561282753944397,0.11928845196962357
856,0.44860947132110596,0.5335700511932373,0.14656847715377808
857,0.49303126335144043,0.8832834362983704,0.1774798184633255
858,0.5391170978546143,1.234724998474121,0.2120208889245987
859,0.5868714451789856,1.587883710861206,0.2501905560493469
860,0.6363037824630737,1.9427779912948608,0.2919888496398926
861,0.8731341361999512,-0.8959386348724365,-0.0077553195878863335
862,0.9100234508514404,-0.5495758056640625,0.022613534703850746
863,0.9486072063446045,-0.20137503743171692,0.05661802366375923
864,0.9888650178909302,0.14866483211517334,0.09425850957632065
865,1.0307806730270386,0.5005220174789429,0.13553395867347717
866,1.0743443965911865,0.8541630506515503,0.18044230341911316
867,1.1195532083511353,1.2095526456832886,0.2289811372756958
868,1.1664115190505981,1.566664457321167,0.28114834427833557
869,1.2149325609207153,1.925491213798523,0.3369426429271698
870,1.2651381492614746,2.286055564880371,0.3963644206523895
871,1.4952179193496704,-0.6015375852584839,-0.05848347023129463
872,1.5329477787017822,-0.2494853138923645,-0.010490596294403076
873,1.5723761320114136,0.10440737009048462,0.0411391407251358
874,1.6134710311889648,0.4601362645626068,0.09640614688396454
875,1.6562095880508423,0.8176762461662292,0.15530864894390106
876,1.7005783319473267,1.176992654800415,0.2178439497947693
877,1.7465741634368896,1.5380504131317139,0.2840089797973633
878,1.7942053079605103,1.9008245468139648,0.3538009822368622
879,1.843491792678833,2.265310764312744,0.42721837759017944
880,1.8944668769836426,2.631535053253174,0.5042624473571777
881,2.1177756786346436,-0.30488598346710205,-0.10567724704742432
882,2.156348943710327,0.05285167694091797,-0.04006186127662659
883,2.196622610092163,0.41243141889572144,0.029191691428422928
884,2.238553524017334,0.7738442420959473,0.10208361595869064
885,2.282113552093506,1.1370627880096436,0.1786116361618042
886,2.327286958694458,1.5020512342453003,0.2587723731994629
887,2.374070644378662,1.8687739372253418,0.3425619900226593
888,2.4224750995635986,2.23720645904541,0.429977148771286
889,2.4725253582000732,2.6073460578918457,0.521016001701355
890,2.524265766143799,2.9792232513427734,0.6156801581382751
891,2.7408273220062256,-0.006002068519592285,-0.14933785796165466
892,2.780247211456299,0.357421875,-0.06610152870416641
893,2.8213672637939453,0.7226895093917847,0.02077457122504711
894,2.864135503768921,1.089788556098938,0.11129026114940643
895,2.908517837524414,1.4586890935897827,0.20544256269931793
896,2.954496383666992,1.8293530941009521,0.3032274544239044
897,3.0020675659179688,2.2017440795898438,0.40464064478874207
898,3.051244020462036,2.575836658477783,0.5096780061721802
899,3.1020569801330566,2.951629877090454,0.6183370351791382
900,3.154559373855591,3.329157829284668,0.7306194305419922
901,-3.1703522205352783,-2.899500608444214,0.36423569917678833
902,-3.1355278491973877,-2.5469512939453125,0.29001086950302124
903,-3.099020481109619,-2.19256854057312,0.21941401064395905
904,-3.0608043670654297,-1.8363332748413086,0.15244647860527039
905,-3.020864725112915,-1.4782536029815674,0.08911051601171494
906,-2.979196071624756,-1.1183583736419678,0.029407568275928497
907,-2.9358019828796387,-0.7566839456558228,-0.026661524549126625
908,-2.890692949295044,-0.393263041973114,-0.07909628748893738
909,-2.843886375427246,-0.028112411499023438,-0.12789615988731384
910,-2.795405864715576,0.3387718200683594,-0.17306111752986908
911,-2.478666067123413,-2.590517520904541,0.29344648122787476
912,-2.443004846572876,-2.232248067855835,0.23684623837471008
913,-2.4056615829467773,-1.872146725654602,0.18387487530708313
914,-2.3666179180145264,-1.5101969242095947,0.13453364372253418
915,-2.325860023498535,-1.1464067697525024,0.0888240709900856
916,-2.283384084701538,-0.7808047533035278,0.04674743860960007
917,-2.2391932010650635,-0.4134267568588257,0.008304428309202194
918,-2.1932969093322754,-0.04430454969406128,-0.026504676789045334
919,-2.1457109451293945,0.3265445828437805,-0.05767984688282013
920,-2.0964527130126953,0.6991269588470459,-0.08522109687328339
921,-1.7862975597381592,-2.279214382171631,0.22618360817432404
922,-1.7498008012771606,-1.915225863456726,0.18720892071723938
923,-1.7116233110427856,-1.5494062900543213,0.15186399221420288
924,-1.6717522144317627,-1.1817407608032227,0.12015020847320557
925,-1.6301766633987427,-0.8122386336326599,0.09206859767436981
926,-1.5868932008743286,-0.4409283995628357,0.06761997938156128
927,-1.5419049263000488,-0.06784564256668091,0.04680461809039116
928,-1.4952208995819092,0.3069777488708496,0.02962234988808632
929,-1.446854591369629,0.6835249662399292,0.01607273705303669
930,-1.3968169689178467,1.0618058443069458,0.006156012415885925
931,-1.0932265520095825,-1.965570092201233,0.16244855523109436
932,-1.055896520614624,-1.5958669185638428,0.14110015332698822
933,-1.0168850421905518,-1.224332571029663,0.12338271737098694
934,-0.9761850833892822,-0.8509529829025269,0.10929745435714722
935,-0.9337903261184692,-0.47573983669281006,0.09884509444236755
936,-0.8896993398666382,-0.09872272610664368,0.09202584624290466
937,-0.8439154028892517,0.28006216883659363,0.08883939683437347
938,-0.7964456081390381,0.6605832576751709,0.0892849862575531
939,-0.7472989559173584,1.0428247451782227,0.09336186200380325
940,-0.6964806318283081,1.426800012588501,0.1010703444480896
941,-0.3994782269001007,-1.6495866775512695,0.10224343836307526
942,-0.36131662130355835,-1.274174451828003,0.09852150827646255
943,-0.3214719295501709,-0.896930456161499,0.09843200445175171
944,-0.27994248270988464,-0.5178413987159729,0.10197598487138748
945,-0.23672781884670258,-0.1369217336177826,0.10915371775627136
946,-0.19182969629764557,0.24579724669456482,0.11996469646692276
947,-0.14525143802165985,0.6302788257598877,0.1344079226255417
948,-0.09699714183807373,1.0164918899536133,0.1524820625782013
949,-0.04707011580467224,1.4044227600097656,0.17418600618839264
950,0.004530072212219238,1.7940877676010132,0.19951988756656647
951,0.2948908507823944,-1.331283450126648,0.04556971788406372
952,0.33388304710388184,-0.9501681923866272,0.05947408080101013
953,0.37456023693084717,-0.5672202706336975,0.0770125761628151
954,0.41691893339157104,-0.18242807686328888,0.0981859341263771
955,0.46095335483551025,0.20419134199619293,0.12299388647079468
956,0.5066580772399902,0.5926051139831543,0.1514352560043335
957,0.5540298223495483,0.9827762246131897,0.18350830674171448
958,0.6030679941177368,1.3746747970581055,0.21921110153198242
959,0.6537754535675049,1.76828932762146,0.2585422694683075
960,0.706157922744751,2.163638114929199,0.30150163173675537
961,0.9898126125335693,-1.0106886625289917,-0.007571922615170479
962,1.0296361446380615,-0.6238762736320496,0.023958513513207436
963,1.071146011352539,-0.23522990942001343,0.059124622493982315
964,1.1143332719802856,0.15525880455970764,0.09792684018611908
965,1.1591864824295044,0.5475706458091736,0.14036446809768677
966,1.2056972980499268,0.9416718482971191,0.18643563985824585
967,1.2538623809814453,1.337525486946106,0.23613795638084412
968,1.3036842346191406,1.7351030111312866,0.2894689738750458
969,1.3551713228225708,2.1343955993652344,0.3464270532131195
970,1.408334732055664,2.535421371459961,0.40701186656951904
971,1.6852315664291382,-0.6878303289413452,-0.05718104913830757
972,1.7258878946304321,-0.29532521963119507,-0.008025037124752998
973,1.7682303190231323,0.09901422262191772,0.04476785287261009
974,1.8122450113296509,0.4951931834220886,0.10119791328907013
975,1.8579156398773193,0.8931912779808044,0.1612640619277954
976,1.9052320718765259,1.2929742336273193,0.22496390342712402
977,1.954190969467163,1.694505214691162,0.2922944128513336
978,2.0047967433929443,2.0977566242218018,0.3632526993751526
979,2.057062864303589,2.5027213096618652,0.4378369152545929
980,2.1110050678253174,2.9094181060791016,0.5160467624664307
981,2.38112473487854,-0.3627263307571411,-0.1032572090625763
982,2.4226150512695312,0.03546708822250366,-0.03647656366229057
983,2.465790271759033,0.4354952573776245,0.0339418463408947
984,2.5106301307678223,0.8373603224754333,0.10799835622310638
985,2.5571165084838867,1.2410413026809692,0.18569150567054749
986,2.605238437652588,1.6465036869049072,0.26701852679252625
987,2.6549925804138184,2.053710460662842,0.3519760072231293
988,2.70638370513916,2.4626331329345703,0.4405604302883148
989,2.759428024291992,2.873265504837036,0.5327696204185486
990,2.8141467571258545,3.285628080368042,0.628603458404541
991,3.0775134563446045,-0.03538084030151367,-0.14580035209655762
992,3.1198394298553467,0.36850059032440186,-0.06139611825346947
993,3.163848876953125,0.7742168307304382,0.026646796613931656
994,3.209514856338501,1.1817677021026611,0.11832842975854874
995,3.2568180561065674,1.5911322832107544,0.21364694833755493
996,3.3057453632354736,2.002274751663208,0.3125994801521301
997,3.3562934398651123,2.415156841278076,0.4151823818683624
998,3.4084692001342773,2.8297507762908936,0.5213919281959534
999,3.462289333343506,3.246049404144287,0.631225049495697
1000,3.5177831649780273,3.664076328277588,0.7446817755699158
