1,-0.06835062056779861,0.144006609916687,-0.1678968220949173
2,-0.05438568815588951,0.14676983654499054,-0.15160377323627472
3,-0.042256105691194534,0.1498292237520218,-0.1376534402370453
4,-0.0319460928440094,0.1531621664762497,-0.1260177344083786
5,-0.023453857749700546,0.1567685455083847,-0.11669360101222992
6,-0.01677865907549858,0.16064782440662384,-0.10967908054590225
7,-0.011920463293790817,0.16479989886283875,-0.10497342050075531
8,-0.008879967033863068,0.16922463476657867,-0.10257668048143387
9,-0.007658090442419052,0.17392213642597198,-0.10248926281929016
10,-0.008272519335150719,0.17890840768814087,-0.1047336757183075
11,-0.04494690150022507,0.11256162077188492,-0.14279189705848694
12,-0.03194457292556763,0.11444385349750519,-0.12563399970531464
13,-0.020773539319634438,0.11661554872989655,-0.11081462353467941
14,-0.011423332616686821,0.11906298249959946,-0.09831122308969498
15,-0.0038918904028832912,0.1217849999666214,-0.08812034130096436
16,0.0018216841854155064,0.1247810423374176,-0.08023981004953384
17,0.00571742607280612,0.1280508041381836,-0.0746687725186348
18,0.007794511038810015,0.1315944790840149,-0.07140754908323288
19,0.008051538839936256,0.13541299104690552,-0.0704573392868042
20,0.006474468391388655,0.1395120471715927,-0.07183369249105453
21,-0.02633766084909439,0.0864148810505867,-0.11884451657533646
22,-0.014295395463705063,0.08741415292024612,-0.10081768780946732
23,-0.004083763808012009,0.0886993482708931,-0.08512859791517258
24,0.004306270740926266,0.0902610793709755,-0.07175681740045547
25,0.010876664891839027,0.09209830313920975,-0.06069861724972725
26,0.015628403052687645,0.09421034902334213,-0.051951631903648376
27,0.01856154575943947,0.09659700095653534,-0.04551495611667633
28,0.01967514492571354,0.09925831854343414,-0.041388921439647675
29,0.01896769180893898,0.10219492763280869,-0.0395747572183609
30,0.016426045447587967,0.10540774464607239,-0.04008468613028526
31,-0.012506697326898575,0.06554590165615082,-0.09602880477905273
32,-0.0014249766245484352,0.06566180288791656,-0.07713382691144943
33,0.007826311513781548,0.06606154143810272,-0.06057612970471382
34,0.015255684033036232,0.06673815101385117,-0.04633643850684166
35,0.02086486667394638,0.06769078224897385,-0.03441113233566284
36,0.024654828011989594,0.0689188688993454,-0.024797821417450905
37,0.026625605300068855,0.07042212784290314,-0.017495548352599144
38,0.02677621692419052,0.07220051437616348,-0.012504556216299534
39,0.025105196982622147,0.07425424456596375,-0.00982578657567501
40,0.021599167957901955,0.07658112049102783,-0.009469586424529552
41,-0.0034502053167670965,0.04994866997003555,-0.07434111833572388
42,0.006670423783361912,0.0491812601685524,-0.054578717797994614
43,0.014960519969463348,0.0486961305141449,-0.03715325891971588
44,0.021428627893328667,0.04848799854516983,-0.022046195343136787
45,0.02607627399265766,0.048556193709373474,-0.00925409235060215
46,0.0289043840020895,0.04890020936727524,0.0012254103785380721
47,0.02991296909749508,0.04951978474855423,0.009393305517733097
48,0.02910100296139717,0.05041464418172836,0.0152494627982378
49,0.026467015966773033,0.05158469080924988,0.01879330724477768
50,0.02199680730700493,0.05302531272172928,0.020015889778733253
51,0.000833258091006428,0.03962003439664841,-0.05377877876162529
52,0.009992358274757862,0.03796937316656113,-0.033149603754282
53,0.01732056215405464,0.0365997776389122,-0.014857053756713867
54,0.02282683365046978,0.035507239401340485,0.001116871484555304
55,0.026512587442994118,0.034691132605075836,0.014775453135371208
56,0.02837875299155712,0.03415101766586304,0.026120979338884354
57,0.0284253116697073,0.03388660401105881,0.03515448421239853
58,0.026651158928871155,0.03389747440814972,0.04187595099210739
59,0.023054709658026695,0.03418329730629921,0.04628516361117363
60,0.017620589584112167,0.0347374826669693,0.04837443679571152
61,0.0003435536054894328,0.034558866173028946,-0.03434024006128311
62,0.008540686219930649,0.03202493488788605,-0.012844832614064217
63,0.014906290918588638,0.02977118268609047,0.006314318161457777
64,0.019450120627880096,0.02779449336230755,0.023154687136411667
65,0.02217360958456993,0.026094164699316025,0.03767945617437363
66,0.02307770773768425,0.024669814854860306,0.049890875816345215
67,0.022162387147545815,0.02352113462984562,0.05978996306657791
68,0.019426431506872177,0.022647615522146225,0.06737682968378067
69,0.014868048951029778,0.02204878069460392,0.07265153527259827
70,0.008470303378999233,0.021716441959142685,0.07560764253139496
71,-0.004921135492622852,0.03476549685001373,-0.016024494543671608
72,0.0023134914226830006,0.03134824335575104,0.006336578167974949
73,0.00771560613065958,0.028210628777742386,0.026361897587776184
74,0.011296295560896397,0.025349963456392288,0.04406840354204178
75,0.013057071715593338,0.02276543155312538,0.05945922061800957
76,0.012998921796679497,0.02045665867626667,0.07253648340702057
77,0.011121806688606739,0.01842334493994713,0.08330119401216507
78,0.007424431852996349,0.016664942726492882,0.09175355732440948
79,0.001904760953038931,0.015180954709649086,0.09789381176233292
80,-0.005456387065351009,0.01396188698709011,0.10171684622764587
81,-0.014964418485760689,0.04024212062358856,0.0011707809753715992
82,-0.008692881092429161,0.03594151511788368,0.02439594455063343
83,-0.0042555066756904125,0.031920354813337326,0.045286986976861954
84,-0.001638730987906456,0.028175856918096542,0.06385961920022964
85,-0.0008411523886024952,0.024707026779651642,0.08011654019355774
86,-0.0018618186004459858,0.02151354029774666,0.09405981749296188
87,-0.004700781311839819,0.01859511435031891,0.10569038987159729
88,-0.009359275922179222,0.01595120131969452,0.1150083914399147
89,-0.015839217230677605,0.013581588864326477,0.12201438844203949
90,-0.02416357398033142,0.01147565245628357,0.1267048716545105
91,-0.029806196689605713,0.05099575221538544,0.0172263216227293
92,-0.02449691668152809,0.04580913111567497,0.04132005199790001
93,-0.021026071161031723,0.040903642773628235,0.0630803182721138
94,-0.01937461458146572,0.03627407178282738,0.0825209766626358
95,-0.01954159513115883,0.0319194495677948,0.09964551031589508
96,-0.02152607962489128,0.02783956564962864,0.11445622146129608
97,-0.025328097864985466,0.02403416484594345,0.12695395946502686
98,-0.030948888510465622,0.020502572879195213,0.13713859021663666
99,-0.03838985040783882,0.01724454201757908,0.14501042664051056
100,-0.047681406140327454,0.014249928295612335,0.1505698263645172
101,-0.05935468152165413,0.11464674025774002,-0.1364971399307251
102,-0.043069735169410706,0.12061150372028351,-0.12162795662879944
103,-0.028642678633332253,0.12689271569252014,-0.10912733525037766
104,-0.016046887263655663,0.13345372676849365,-0.09895686060190201
105,-0.00527515634894371,0.14028874039649963,-0.09110633283853531
106,0.0036747194826602936,0.14739590883255005,-0.08557134121656418
107,0.010802747681736946,0.1547747552394867,-0.08235014230012894
108,0.016106698662042618,0.16242583096027374,-0.08144333213567734
109,0.01958044432103634,0.17035411298274994,-0.0828566625714302
110,0.02118859812617302,0.1785793900489807,-0.08661830425262451
111,-0.03337874263525009,0.08642545342445374,-0.11130470782518387
112,-0.018054764717817307,0.0915096327662468,-0.09556660801172256
113,-0.004585114307701588,0.09690196067094803,-0.08219309151172638
114,0.007051701657474041,0.10257519036531448,-0.07115122675895691
115,0.016862133517861366,0.1085243672132492,-0.06243114173412323
116,0.02484865114092827,0.11474756896495819,-0.056028101593256
117,0.031011346727609634,0.12124434858560562,-0.05194025859236717
118,0.03534784913063049,0.1280154585838318,-0.05016845092177391
119,0.03785223513841629,0.1350645273923874,-0.0507180280983448
120,0.03849291801452637,0.14240103960037231,-0.053610775619745255
121,-0.012232127599418163,0.06354621797800064,-0.0872919112443924
122,0.0021325498819351196,0.06774702668190002,-0.07068031281232834
123,0.014644047245383263,0.07224990427494049,-0.05643158406019211
124,0.025321125984191895,0.07703443616628647,-0.044516514986753464
125,0.03416968509554863,0.08209642767906189,-0.03492540121078491
126,0.041192229837179184,0.08743412047624588,-0.027653252705931664
127,0.046388864517211914,0.09304703027009964,-0.022698139771819115
128,0.049757082015275955,0.09893561899662018,-0.020060887560248375
129,0.05129080265760422,0.10510185360908508,-0.019746050238609314
130,0.050961174070835114,0.11154884845018387,-0.02177106775343418
131,0.004113438073545694,0.04597284644842148,-0.06442463397979736
132,0.017517654225230217,0.049290139228105545,-0.0469404011964798
133,0.029068967327475548,0.052905190736055374,-0.03181790933012962
134,0.03878503665328026,0.056801751255989075,-0.01903017982840538
135,0.04667103663086891,0.06097668781876564,-0.008568145334720612
136,0.052729424089193344,0.06542841345071793,-0.0004268620104994625
137,0.05696023255586624,0.07015646249055862,0.005395704414695501
138,0.059360913932323456,0.07516080886125565,0.008898994885385036
139,0.059925660490989685,0.08044201880693436,0.010079490020871162
140,0.058626048266887665,0.08599860966205597,0.008922590874135494
141,0.015667589381337166,0.03369338810443878,-0.04269280284643173
142,0.028109896928071976,0.036126986145973206,-0.02433733269572258
143,0.03869902715086937,0.03885500133037567,-0.008342579938471317
144,0.047452423721551895,0.04186423495411873,0.005316785536706448
145,0.05437489226460457,0.045152127742767334,0.016649218276143074
146,0.059468723833560944,0.0487174391746521,0.02565949223935604
147,0.06273391842842102,0.05255955085158348,0.03234970197081566
148,0.06416787952184677,0.056678079068660736,0.036719657480716705
149,0.0637647807598114,0.06107248365879059,0.038766779005527496
150,0.06149538978934288,0.06573746353387833,0.03847890347242355
151,0.022433819249272346,0.02670109272003174,-0.022090764716267586
152,0.03391304239630699,0.02825082093477249,-0.0028652921319007874
153,0.04353814199566841,0.03009239211678505,0.014000383205711842
154,0.05132727697491646,0.032214708626270294,0.028530359268188477
155,0.0572851337492466,0.034615613520145416,0.04073256999254227
156,0.06141398102045059,0.037293992936611176,0.05061160773038864
157,0.06371378153562546,0.04024921730160713,0.05816961079835892
158,0.06418180465698242,0.04348057880997658,0.06340669095516205
159,0.06281187385320663,0.04698677733540535,0.0663212239742279
160,0.059573087841272354,0.0507594496011734,0.06690312922000885
161,0.02441178448498249,0.024993479251861572,-0.0026151693891733885
162,0.03492676466703415,0.025659041479229927,0.01747938245534897
163,0.04358600080013275,0.02661454677581787,0.03521488234400749
164,0.0504092238843441,0.027850260958075523,0.050614599138498306
165,0.05540132150053978,0.029364103451371193,0.06368604302406311
166,0.05856470391154289,0.031155025586485863,0.07443366199731827
167,0.059899307787418365,0.03322239965200424,0.0828595757484436
168,0.05940215289592743,0.035565335303545,0.08896416425704956
169,0.05706646293401718,0.03818212077021599,0.09274658560752869
170,0.05285865068435669,0.04106195643544197,0.09419870376586914
171,0.02159710042178631,0.028571467846632004,0.015735751017928123
172,0.031146559864282608,0.028352482244372368,0.036698587238788605
173,0.03883775323629379,0.02842222899198532,0.05530298501253128
174,0.044693175703287125,0.028771504759788513,0.07157184928655624
175,0.04871831089258194,0.029398038983345032,0.08551231026649475
176,0.05091565102338791,0.030300838872790337,0.09712852537631989
177,0.05128512158989906,0.031479258090257645,0.10642260313034058
178,0.04982360824942589,0.03293242305517197,0.1133950874209404
179,0.04652337729930878,0.034658461809158325,0.11804583668708801
180,0.041346728801727295,0.03664460405707359,0.12036837637424469
181,0.01397998258471489,0.037439778447151184,0.03296124190092087
182,0.022562403231859207,0.036335743963718414,0.054791711270809174
183,0.029282618314027786,0.03551984578371048,0.07426457107067108
184,0.03416832908987999,0.034982532262802124,0.09140293300151825
185,0.037225134670734406,0.034721195697784424,0.10621284693479538
186,0.03845561295747757,0.03473484516143799,0.11869829893112183
187,0.037859659641981125,0.035022884607315063,0.128861203789711
188,0.03543415665626526,0.03558451682329178,0.13670219480991364
189,0.031171299517154694,0.03641849756240845,0.14222219586372375
190,0.025025956332683563,0.03750990331172943,0.1454157829284668
191,0.0015208479017019272,0.05161023139953613,0.04903368279337883
192,0.009136350825428963,0.04961762949824333,0.07173733413219452
193,0.014883968979120255,0.04791414737701416,0.09208368510007858
194,0.018797902390360832,0.04648810625076294,0.11009494215250015
195,0.0208841934800148,0.04533620551228523,0.12577705085277557
196,0.021145522594451904,0.044457655400037766,0.1391342282295227
197,0.019581789150834084,0.04385187476873398,0.15016832947731018
198,0.01618967205286026,0.04351778328418732,0.15887947380542755
199,0.010960846208035946,0.043454769998788834,0.16526924073696136
200,0.003841536119580269,0.043647754937410355,0.16933532059192657
201,-0.04120756313204765,0.07856565713882446,-0.11085719615221024
202,-0.022636938840150833,0.08773218095302582,-0.09746290743350983
203,-0.00591687299311161,0.0972130075097084,-0.08642049878835678
204,0.008962497115135193,0.10698556900024414,-0.07771583646535873
205,0.022009937092661858,0.11703889071941376,-0.07133780419826508
206,0.03322815150022507,0.1273690164089203,-0.06728138774633408
207,0.04261654615402222,0.13797470927238464,-0.06554463505744934
208,0.05017106235027313,0.14885705709457397,-0.0661286860704422
209,0.05588048696517944,0.16002219915390015,-0.0690406784415245
210,0.0597207248210907,0.1714726686477661,-0.07428647577762604
211,-0.012716326862573624,0.05363304913043976,-0.08563932776451111
212,0.00489971786737442,0.06191764026880264,-0.07137063890695572
213,0.020661601796746254,0.07051411271095276,-0.05945590138435364
214,0.03458157554268837,0.0794004425406456,-0.049879420548677444
215,0.046667203307151794,0.08856813609600067,-0.042631037533283234
216,0.056921228766441345,0.09801387786865234,-0.03770562633872032
217,0.06534327566623688,0.10773655772209167,-0.035101160407066345
218,0.07192955911159515,0.11773703992366791,-0.03481867164373398
219,0.07667004317045212,0.12801893055438995,-0.03686385601758957
220,0.07953918725252151,0.13858529925346375,-0.04124513640999794
221,0.010949133895337582,0.03404475376009941,-0.061580151319503784
222,0.027606617659330368,0.04144543036818504,-0.046437278389930725
223,0.042410481721162796,0.04915378987789154,-0.03364729881286621
224,0.05537080392241478,0.057151831686496735,-0.02319670282304287
225,0.06649422645568848,0.06543228775262833,-0.015076135285198689
226,0.07578334212303162,0.07399215549230576,-0.009280536323785782
227,0.08323775231838226,0.08283034712076187,-0.005807784851640463
228,0.08885367214679718,0.09194707870483398,-0.004658644553273916
229,0.09262128174304962,0.10134395956993103,-0.005837605334818363
230,0.09451793134212494,0.11102123558521271,-0.00935213640332222
231,0.029800068587064743,0.019776733592152596,-0.038669098168611526
232,0.045497044920921326,0.026294121518731117,-0.02265261486172676
233,0.059340834617614746,0.03311512991786003,-0.008987708948552608
234,0.07134000957012177,0.040224943310022354,0.00233714422211051
235,0.08150018751621246,0.04761765897274017,0.011330237612128258
236,0.08982373774051666,0.05529063940048218,0.01799645647406578
237,0.09631022810935974,0.06324273347854614,0.02233799733221531
238,0.10095591098070145,0.07147353142499924,0.0243544764816761
239,0.10375165939331055,0.0799829512834549,0.02404264360666275
240,0.10467653721570969,0.08876858651638031,0.02139664627611637
241,0.043845679610967636,0.010818218812346458,-0.016897307708859444
242,0.05858029052615166,0.016451936215162277,-8.403401807299815e-06
243,0.07146158814430237,0.02238605171442032,0.01453035231679678
244,0.08249739557504654,0.028607895597815514,0.026728715747594833
245,0.09169284999370575,0.035112518817186356,0.03659408912062645
246,0.09905007481575012,0.041897621005773544,0.04413103684782982
247,0.10456860810518265,0.04896194860339165,0.049341797828674316
248,0.10824477672576904,0.056304655969142914,0.05222645774483681
249,0.11006966233253479,0.06392442435026169,0.05278285592794418
250,0.11002282798290253,0.07181656360626221,0.05100689083337784
251,0.053089242428541183,0.007162606809288263,0.0037404512986540794
252,0.06685999780893326,0.011912044137716293,0.02150079421699047
253,0.07877640426158905,0.016959436237812042,0.03691224008798599
254,0.08884663134813309,0.02229340560734272,0.04998321831226349
255,0.09707571566104889,0.027909543365240097,0.06072041019797325
256,0.10346581041812897,0.033805735409259796,0.06912806630134583
257,0.10801642388105392,0.039980724453926086,0.07520843297243118
258,0.11072376370429993,0.04643335938453674,0.07896199077367783
259,0.11157873272895813,0.05316156893968582,0.08038758486509323
260,0.11056021600961685,0.06015902757644653,0.07948271185159683
261,0.05752981826663017,0.0088068637996912,0.02324719727039337
262,0.07033535838127136,0.012671342119574547,0.04187842458486557
263,0.08128451555967331,0.016832027584314346,0.05816156789660454
264,0.09038682281970978,0.021278083324432373,0.07210437953472137
265,0.09764787554740906,0.026005251333117485,0.08371298015117645
266,0.1030699759721756,0.03101150132715702,0.09299131482839584
267,0.10665267705917358,0.03629562258720398,0.0999416634440422
268,0.10839200764894485,0.04185636341571808,0.10456477105617523
269,0.10827802121639252,0.04769127070903778,0.10686030238866806
270,0.10628781467676163,0.05379301309585571,0.10682707279920578
271,0.05716194957494736,0.01575111597776413,0.04162360727787018
272,0.06900087743997574,0.01873001456260681,0.061125755310058594
273,0.07898011803627014,0.022003939375281334,0.07827985286712646
274,0.08711203932762146,0.025561923161149025,0.09309399873018265
275,0.09340336173772812,0.02939949743449688,0.105573870241642
276,0.09785663336515427,0.03351469337940216,0.1157231330871582
277,0.10047140717506409,0.03790637105703354,0.12354389578104019
278,0.1012435257434845,0.04257337749004364,0.1290372610092163
279,0.10016180574893951,0.047513239085674286,0.13220351934432983
280,0.09719981253147125,0.0527178980410099,0.13304196298122406
281,0.051973115652799606,0.027998076751828194,0.058864858001470566
282,0.06284379959106445,0.03009127452969551,0.07923952490091324
283,0.07185013592243195,0.032478004693984985,0.09726467728614807
284,0.07900960743427277,0.03514727205038071,0.11295068264007568
285,0.08432967960834503,0.03809429705142975,0.12630251049995422
286,0.08781306445598602,0.041317056864500046,0.13732343912124634
287,0.08945934474468231,0.04481448233127594,0.14601552486419678
288,0.08926434814929962,0.048585645854473114,0.15238000452518463
289,0.08721619099378586,0.05262867361307144,0.1564180850982666
290,0.08328258991241455,0.056934259831905365,0.15812799334526062
291,0.041936688125133514,0.04555211588740349,0.07495812326669693
292,0.0518365278840065,0.0467582531273365,0.09620632976293564
293,0.05987011641263962,0.048255063593387604,0.11510434001684189
294,0.06605660915374756,0.05003373324871063,0.13166439533233643
295,0.07040436565876007,0.05208827182650566,0.14589013159275055
296,0.07291638851165771,0.054416459053754807,0.1577846258878708
297,0.07359220087528229,0.057017143815755844,0.1673496961593628
298,0.07242710888385773,0.05988939106464386,0.17458650469779968
299,0.06940792500972748,0.06303220242261887,0.17949751019477844
300,0.06450099498033524,0.06643408536911011,0.18207889795303345
301,-0.01395297423005104,0.03581631928682327,-0.09100565314292908
302,0.006886947900056839,0.04819313809275627,-0.07910070568323135
303,0.02588585391640663,0.06087667867541313,-0.06953402608633041
304,0.04304329678416252,0.07385638356208801,-0.06230248510837555
305,0.05836259573698044,0.08712384104728699,-0.05740039795637131
306,0.07184509187936783,0.10067424178123474,-0.054823726415634155
307,0.083489328622818,0.11450538039207458,-0.05457063764333725
308,0.09329070150852203,0.12861712276935577,-0.05664162337779999
309,0.1012406200170517,0.14301039278507233,-0.0610387921333313
310,0.10732916742563248,0.15768226981163025,-0.06776078790426254
311,0.01702752150595188,0.014205217361450195,-0.06577960401773453
312,0.036914438009262085,0.0256987065076828,-0.052998341619968414
313,0.05495494604110718,0.037498462945222855,-0.042558737099170685
314,0.07115158438682556,0.04959277808666229,-0.0344553105533123
315,0.08550778031349182,0.06197437644004822,-0.028682349249720573
316,0.09802500903606415,0.074639230966568,-0.025235740467905998
317,0.10870210826396942,0.08758542686700821,-0.02411358803510666
318,0.11753484606742859,0.10081258416175842,-0.025316284969449043
319,0.12451513111591339,0.11432114243507385,-0.028845930472016335
320,0.12963102757930756,0.12811020016670227,-0.03470458462834358
321,0.043191391974687576,-0.002071291208267212,-0.041695334017276764
322,0.06211984157562256,0.00853779911994934,-0.028039343655109406
323,0.07920180261135101,0.019450785592198372,-0.016724910587072372
324,0.09443819522857666,0.03065771609544754,-0.007747588213533163
325,0.10783155262470245,0.04215225577354431,-0.0011021505342796445
326,0.11938314139842987,0.05393078923225403,0.0032153089996427298
327,0.12909182906150818,0.06599143892526627,0.005206754896789789
328,0.13695363700389862,0.07833334803581238,0.004872114397585392
329,0.14296114444732666,0.09095580875873566,0.0022097101900726557
330,0.14710423350334167,0.10385653376579285,-0.002782535972073674
331,0.06453754007816315,-0.013021422550082207,-0.01875302568078041
332,0.08250453323125839,-0.0032965037971735,-0.0042233578860759735
333,0.0986260250210762,0.0067294444888830185,0.007965992204844952
334,0.11290085315704346,0.017048412933945656,0.017817730084061623
335,0.12533029913902283,0.027655107900500298,0.02533622272312641
336,0.13591545820236206,0.038546182215213776,0.030525099486112595
337,0.14465510845184326,0.049719683825969696,0.03338637575507164
338,0.1515454351902008,0.06117430701851845,0.033920321613550186
339,0.15658004581928253,0.07290817052125931,0.03212602064013481
340,0.15975110232830048,0.08491739630699158,0.02800258994102478
341,0.08106888830661774,-0.018652092665433884,0.003050354076549411
342,0.09807242453098297,-0.009811760857701302,0.018452834337949753
343,0.1132308691740036,-0.0006727287545800209,0.03151644766330719
344,0.12654173374176025,0.008758166804909706,0.04224230721592903
345,0.13800568878650665,0.018476270139217377,0.050633929669857025
346,0.14762336015701294,0.02847854048013687,0.056694574654102325
347,0.15539366006851196,0.038762982934713364,0.06042623892426491
348,0.16131290793418884,0.049327924847602844,0.0618295855820179
349,0.16537539660930634,0.060170728713274,0.06090458855032921
350,0.16757455468177795,0.07128642499446869,0.057651761919260025
351,0.09278666973114014,-0.018968310207128525,0.02371779829263687
352,0.1088252067565918,-0.011013463139533997,0.03999253734946251
353,0.12301813066005707,-0.002761499024927616,0.053929660469293594
354,0.13536256551742554,0.005781073123216629,0.06552913039922714
355,0.14585904777050018,0.014609837904572487,0.07479369640350342
356,0.15450820326805115,0.023721933364868164,0.08172629773616791
357,0.16130892932415009,0.03311539068818092,0.08632887899875641
358,0.16625763475894928,0.04278834909200668,0.08860248327255249
359,0.16934868693351746,0.05273790284991264,0.08854778856039047
360,0.17057564854621887,0.06295862793922424,0.08616673201322556
361,0.09968914091587067,-0.013973282650113106,0.04325109347701073
362,0.11476144939661026,-0.0069048479199409485,0.06039799377322197
363,0.127986341714859,0.00045979395508766174,0.07520807534456253
364,0.13936181366443634,0.008113696239888668,0.0876806378364563
365,0.14888887107372284,0.01605234295129776,0.09781797230243683
366,0.1565684825181961,0.02427290752530098,0.10562266409397125
367,0.162399560213089,0.03277350589632988,0.11109668016433716
368,0.16637830436229706,0.041552361100912094,0.11424127221107483
369,0.16849860548973083,0.05060664564371109,0.11505773663520813
370,0.1687530279159546,0.05993112176656723,0.11354894191026688
371,0.10177125036716461,-0.0036687031388282776,0.0616501159965992
372,0.11587598919868469,0.0025128591805696487,0.07966969162225723
373,0.12813027203083038,0.0089899692684412,0.09535244852304459
374,0.138534277677536,0.015754781663417816,0.10869782418012619
375,0.14709018170833588,0.022802462801337242,0.11970792710781097
376,0.15379925072193146,0.03013019822537899,0.1283850520849228
377,0.15866047143936157,0.03773621469736099,0.13473103940486908
378,0.16166996955871582,0.04561895132064819,0.13874734938144684
379,0.1628204733133316,0.05377599596977234,0.140435591340065
380,0.16210225224494934,0.06220261752605438,0.13979913294315338
381,0.09902426600456238,0.01194448210299015,0.07891195267438889
382,0.11215968430042267,0.01723937690258026,0.09780540317296982
383,0.12344129383563995,0.022828401997685432,0.11436096578836441
384,0.13287216424942017,0.028703365474939346,0.12857931852340698
385,0.14045575261116028,0.034859172999858856,0.14046257734298706
386,0.14619344472885132,0.04129289835691452,0.15001268684864044
387,0.15008433163166046,0.048002827912569046,0.1572314202785492
388,0.15212439000606537,0.05498766899108887,0.1621202826499939
389,0.15230531990528107,0.062245432287454605,0.16468098759651184
390,0.1506146788597107,0.06977175921201706,0.1649162769317627
391,0.09143857657909393,0.032863348722457886,0.0950326919555664
392,0.10360144078731537,0.03727167844772339,0.11479929834604263
393,0.11391043663024902,0.041970714926719666,0.13222770392894745
394,0.12236873805522919,0.046954475343227386,0.14731986820697784
395,0.12898007035255432,0.05221741646528244,0.16007733345031738
396,0.13374590873718262,0.05775623023509979,0.1705015003681183
397,0.13666509091854095,0.06356903910636902,0.1785939335823059
398,0.13773344457149506,0.0696546658873558,0.18435628712177277
399,0.1369420439004898,0.07601127028465271,0.18779048323631287
400,0.13427945971488953,0.08263319730758667,0.18889722228050232
401,0.022381450980901718,-0.01355966180562973,-0.07698092609643936
402,0.04548196867108345,0.002033054828643799,-0.06656423956155777
403,0.06674861907958984,0.01792413741350174,-0.058479975908994675
404,0.08617562800645828,0.034111857414245605,-0.052727557718753815
405,0.10376134514808655,0.050591468811035156,-0.0493045337498188
406,0.11950439214706421,0.06735903769731522,-0.04820835962891579
407,0.13340261578559875,0.08441157639026642,-0.04943732172250748
408,0.14545264840126038,0.10174664109945297,-0.052990738302469254
409,0.15565066039562225,0.1193614974617958,-0.05886814370751381
410,0.16399678587913513,0.13725104928016663,-0.06706853955984116
411,0.05583805963397026,-0.03183354437351227,-0.05174631625413895
412,0.07798349857330322,-0.017125293612480164,-0.0404537059366703
413,0.09829078614711761,-0.002118930220603943,-0.0314960852265358
414,0.11675560474395752,0.013182908296585083,-0.024871520698070526
415,0.1333768367767334,0.02877599000930786,-0.020577089861035347
416,0.14815357327461243,0.044656723737716675,-0.018610145896673203
417,0.1610838919878006,0.06082247197628021,-0.018968963995575905
418,0.17216472327709198,0.07727102935314178,-0.02165294997394085
419,0.18139228224754333,0.09399999678134918,-0.02666228637099266
420,0.18876583874225616,0.11100555956363678,-0.0339980311691761
421,0.08448529243469238,-0.0447833314538002,-0.027645668014883995
422,0.10567118227481842,-0.0309600792825222,-0.015478447079658508
423,0.1250186413526535,-0.016839899122714996,-0.005646311677992344
424,0.14252212643623352,-0.0024251267313957214,0.0018518785946071148
425,0.1581796258687973,0.012280765920877457,0.0070188166573643684
426,0.17198999226093292,0.02727452665567398,0.009857111610472202
427,0.1839514970779419,0.042553603649139404,0.010368455201387405
428,0.19406133890151978,0.058115579187870026,0.008553571067750454
429,0.2023167759180069,0.07395746558904648,0.004412198439240456
430,0.20871809124946594,0.0900748074054718,-0.0020564428996294737
431,0.10831543803215027,-0.05240583419799805,-0.004681424703449011
432,0.12853869795799255,-0.03946780040860176,0.008359376341104507
433,0.146924689412117,-0.02623457834124565,0.019066032022237778
434,0.1634657382965088,-0.012707546353340149,0.027438398450613022
435,0.17815865576267242,0.0011103525757789612,0.03347849100828171
436,0.19100195169448853,0.015216151252388954,0.03718864917755127
437,0.2019938826560974,0.029607247561216354,0.038570601493120193
438,0.21113203465938568,0.044280920177698135,0.0376252643764019
439,0.21841475367546082,0.05923355370759964,0.034352857619524
440,0.22384434938430786,0.07445976138114929,0.02875358797609806
441,0.1273258775472641,-0.05470333248376846,0.017146220430731773
442,0.1465844213962555,-0.04265110194683075,0.031059958040714264
443,0.1640065610408783,-0.030305083841085434,0.042640816420316696
444,0.17958301305770874,-0.01766626164317131,0.051887352019548416
445,0.1933097094297409,-0.004737203009426594,0.0588008388876915
446,0.20518486201763153,0.008479217067360878,0.06338328868150711
447,0.21520674228668213,0.021980393677949905,0.06563646346330643
448,0.22337323427200317,0.03576348349452019,0.06556142121553421
449,0.22968357801437378,0.04982448369264603,0.06315913051366806
450,0.23414161801338196,0.064157634973526,0.05843091383576393
451,0.14151480793952942,-0.051678985357284546,0.037838079035282135
452,0.1598072648048401,-0.04051358997821808,0.052624501287937164
453,0.17626315355300903,-0.029055166989564896,0.06507919728755951
454,0.19087257981300354,-0.01730501651763916,0.07519970089197159
455,0.20363116264343262,-0.005265769083052874,0.08298664540052414
456,0.21453702449798584,0.007059759460389614,0.08844176679849625
457,0.2235884964466095,0.01966901496052742,0.09156670421361923
458,0.230783611536026,0.032559189945459366,0.09236279875040054
459,0.2361219823360443,0.045726384967565536,0.09083161503076553
460,0.2396080642938614,0.05916503816843033,0.08697552978992462
461,0.15087983012199402,-0.043336138129234314,0.05739477649331093
462,0.16820506751537323,-0.0330585278570652,0.07305405288934708
463,0.18369247019290924,-0.022488128393888474,0.08638232946395874
464,0.1973324418067932,-0.011627167463302612,0.09737660735845566
465,0.209120973944664,-0.00047868862748146057,0.10603705793619156
466,0.21905647218227386,0.010954491794109344,0.11236511915922165
467,0.2271372377872467,0.022669916972517967,0.1163623258471489
468,0.2333614081144333,0.03466500714421272,0.11803027242422104
469,0.2377282828092575,0.04693634808063507,0.11737094819545746
470,0.24024182558059692,0.059479184448719025,0.11438756436109543
471,0.15541771054267883,-0.029678311198949814,0.07581611722707748
472,0.1717744916677475,-0.02028883621096611,0.09234872460365295
473,0.1862911880016327,-0.010606788098812103,0.10655056685209274
474,0.19895954430103302,-0.0006355568766593933,0.11841844767332077
475,0.20977644622325897,0.009621284902095795,0.12795239686965942
476,0.21874059736728668,0.020160846412181854,0.13515368103981018
477,0.22585052251815796,0.030980803072452545,0.14002373814582825
478,0.23110410571098328,0.0420788936316967,0.14256420731544495
479,0.2344999760389328,0.05345243588089943,0.142777219414711
480,0.2360408902168274,0.06509780883789062,0.14066654443740845
481,0.15512517094612122,-0.010709822177886963,0.09310093522071838
482,0.1705118715763092,-0.002208203077316284,0.11050740629434586
483,0.18405665457248688,0.006585013121366501,0.125582754611969
484,0.19575221836566925,0.015665873885154724,0.13832420110702515
485,0.2055966556072235,0.025030385702848434,0.14873184263706207
486,0.21358895301818848,0.03467550501227379,0.15680670738220215
487,0.21972765028476715,0.044598937034606934,0.162550151348114
488,0.22401045262813568,0.05479870364069939,0.16596372425556183
489,0.22643500566482544,0.06527261435985565,0.1670495867729187
490,0.2270035594701767,0.07601822912693024,0.1658111959695816
491,0.15000438690185547,0.013561524450778961,0.10924794524908066
492,0.16441865265369415,0.021175961941480637,0.12752757966518402
493,0.17699119448661804,0.029079563915729523,0.1434759497642517
494,0.18771478533744812,0.037269361317157745,0.15709111094474792
495,0.19658751785755157,0.045741237699985504,0.16837285459041595
496,0.20360806584358215,0.05449187010526657,0.17732177674770355
497,0.20877483487129211,0.06351879984140396,0.1839391142129898
498,0.21208563446998596,0.0728200301527977,0.18822641670703888
499,0.21353794634342194,0.08239336311817169,0.19018562138080597
500,0.2131350040435791,0.09223620593547821,0.18981914222240448
501,0.06777488440275192,-0.06953626871109009,-0.06880173087120056
502,0.09313122928142548,-0.05072517693042755,-0.05986979231238365
503,0.1166582778096199,-0.03162310644984245,-0.053268637508153915
504,0.1383477747440338,-0.012226097285747528,-0.048997581005096436
505,0.15819448232650757,0.007464669644832611,-0.047055166214704514
506,0.176194965839386,0.0274464413523674,-0.04743963107466698
507,0.1923466920852661,0.047715798020362854,-0.05014939606189728
508,0.20664796233177185,0.06826868653297424,-0.055183302611112595
509,0.21909919381141663,0.08910015225410461,-0.06254065036773682
510,0.22970667481422424,0.11020389199256897,-0.07222212851047516
511,0.10370078682899475,-0.08446645736694336,-0.04355504736304283
512,0.12809866666793823,-0.06654073297977448,-0.03374817967414856
513,0.1506645530462265,-0.04832439497113228,-0.026273665949702263
514,0.1713903248310089,-0.02981403097510338,-0.021130193024873734
515,0.19027139246463776,-0.011010706424713135,-0.018315941095352173
516,0.2073046863079071,0.008083105087280273,-0.017828993499279022
517,0.2224878966808319,0.02746427059173584,-0.01966783031821251
518,0.23581954836845398,0.047129176557064056,-0.02383149042725563
519,0.2473001778125763,0.06707331538200378,-0.030319884419441223
520,0.2569359540939331,0.08729109168052673,-0.03913474455475807
521,0.13482160866260529,-0.09408020228147507,-0.01943998597562313
522,0.1582580804824829,-0.0770401656627655,-0.00875901710242033
523,0.17986245453357697,-0.05971018597483635,-0.0004104411054868251
524,0.19962559640407562,-0.042087044566869736,0.005606405902653933
525,0.21754193305969238,-0.024171261116862297,0.009293207898736
526,0.233608216047287,-0.0059651583433151245,0.010651851072907448
527,0.24782231450080872,0.012528300285339355,0.00968383438885212
528,0.2601831257343292,0.03130544722080231,0.0063900575041770935
529,0.27069228887557983,0.050361573696136475,0.0007705570897087455
530,0.2793566584587097,0.06969068199396133,-0.00717603974044323
531,0.16112694144248962,-0.09836838394403458,0.0035416772589087486
532,0.1835993230342865,-0.08221448957920074,0.015096006914973259
533,0.20424094796180725,-0.0657716765999794,0.024318665266036987
534,0.22304055094718933,-0.04903630167245865,0.0312093086540699
535,0.2399914562702179,-0.03200872242450714,0.03576917573809624
536,0.2550901472568512,-0.014691082760691643,0.0379999540746212
537,0.26833459734916687,0.0029136594384908676,0.03790312260389328
538,0.27972397208213806,0.020801730453968048,0.03547964617609978
539,0.2892609238624573,0.03896808624267578,0.03072991780936718
540,0.29695433378219604,0.057406291365623474,0.023653380572795868
541,0.18261028826236725,-0.09732931107282639,0.025388946756720543
542,0.20411688089370728,-0.08206239342689514,0.03781621903181076
543,0.22379367053508759,-0.06650716811418533,0.047912802547216415
544,0.24162784218788147,-0.05066019296646118,0.05567740648984909
545,0.257612019777298,-0.03452172502875328,0.06111067160964012
546,0.27174219489097595,-0.01809385046362877,0.06421402841806412
547,0.28401628136634827,-0.0013795075938105583,0.06498890370130539
548,0.2944340407848358,0.015617451630532742,0.06343647837638855
549,0.30299896001815796,0.03289200738072395,0.05955752730369568
550,0.3097212314605713,0.05043767765164375,0.05335243046283722
551,0.19926764070987701,-0.09096456319093704,0.046101510524749756
552,0.21980714797973633,-0.07658562064170837,0.059401705861091614
553,0.23851709067821503,-0.06191859021782875,0.0703720971941948
554,0.25538378953933716,-0.046960607171058655,0.07901067286729813
555,0.27039939165115356,-0.031712230294942856,0.08531757444143295
556,0.2835598886013031,-0.016175592318177223,0.08929388970136642
557,0.2948632538318634,-0.00035356078296899796,0.09094106405973434
558,0.3043094575405121,0.01575019583106041,0.0902603417634964
559,0.3119024634361267,0.03213095664978027,0.08725307136774063
560,0.31765317916870117,0.04878281429409981,0.08192038536071777
561,0.21109625697135925,-0.07927746325731277,0.06567931175231934
562,0.23066776990890503,-0.0657874122262001,0.0798526331782341
563,0.24840888381004333,-0.052009083330631256,0.0916968360543251
564,0.264305979013443,-0.03794073313474655,0.10120940208435059
565,0.278351366519928,-0.02358340285718441,0.10839002579450607
566,0.2905411422252655,-0.008939391002058983,0.11323966830968857
567,0.30087342858314514,0.00598854199051857,0.11575963348150253
568,0.3093482553958893,0.021197110414505005,0.11595126986503601
569,0.31596946716308594,0.03668220341205597,0.11381630599498749
570,0.32074809074401855,0.05243898183107376,0.10935657471418381
571,0.21809478104114532,-0.062272801995277405,0.08412204682826996
572,0.23669731616973877,-0.04967203736305237,0.09916882961988449
573,0.2534678876399994,-0.03678278625011444,0.11188685148954391
574,0.2683936655521393,-0.0236046239733696,0.12227334082126617
575,0.2814674973487854,-0.010139182209968567,0.13032780587673187
576,0.29268577694892883,0.0036110877990722656,0.13605104386806488
577,0.3020467162132263,0.017643509432673454,0.1394442468881607
578,0.30955028533935547,0.03195522353053093,0.14050878584384918
579,0.3152000308036804,0.0465429350733757,0.13924653828144073
580,0.31900614500045776,0.06140313297510147,0.1356598138809204
581,0.22026470303535461,-0.039957329630851746,0.10142902284860611
582,0.2378970980644226,-0.02824556827545166,0.1173495501279831
583,0.25369635224342346,-0.016245760023593903,0.13094130158424377
584,0.26764994859695435,-0.003958210349082947,0.14220158755779266
585,0.279751718044281,0.008614867925643921,0.15112991631031036
586,0.2899981737136841,0.02147085964679718,0.1577269434928894
587,0.2983876168727875,0.034607116132974625,0.16199368238449097
588,0.30491986870765686,0.04802102595567703,0.16393157839775085
589,0.3095976412296295,0.061709918081760406,0.16354233026504517
590,0.3124314844608307,0.07567168772220612,0.16082842648029327
591,0.21761462092399597,-0.012340977787971497,0.11759945750236511
592,0.2342754751443863,-0.0015174299478530884,0.13439315557479858
593,0.24910330772399902,0.009592771530151367,0.14885814487934113
594,0.2620857357978821,0.02098948508501053,0.16099201142787933
595,0.2732163369655609,0.032670337706804276,0.1707942634820938
596,0.28249141573905945,0.04463249072432518,0.17826522886753082
597,0.28990912437438965,0.0568731427192688,0.1834057718515396
598,0.2954693138599396,0.06938963383436203,0.1862173229455948
599,0.2991750240325928,0.08217936754226685,0.18670141696929932
600,0.3010372519493103,0.09524070471525192,0.18485984206199646
601,0.1222105622291565,-0.13209807872772217,-0.06647569686174393
602,0.1498209536075592,-0.11006875336170197,-0.05902573838829994
603,0.17560432851314545,-0.08775399625301361,-0.053906600922346115
604,0.199551522731781,-0.06514689326286316,-0.0511169359087944
605,0.22165553271770477,-0.042245808988809586,-0.05065537244081497
606,0.24191121757030487,-0.019052214920520782,-0.05252031236886978
607,0.26031607389450073,0.004430457949638367,-0.05671032518148422
608,0.27687016129493713,0.028197243809700012,-0.0632244199514389
609,0.29157698154449463,0.05224186182022095,-0.07206244766712189
610,0.30444568395614624,0.07655759900808334,-0.08322648704051971
611,0.16060292720794678,-0.1436830759048462,-0.04121403396129608
612,0.18725132942199707,-0.12253978848457336,-0.03289010003209114
613,0.21207129955291748,-0.10111159831285477,-0.026897821575403214
614,0.2350534200668335,-0.07939182966947556,-0.023235633969306946
615,0.25619056820869446,-0.057378821074962616,-0.02190188691020012
616,0.275478333234787,-0.03507406264543533,-0.0228949673473835
617,0.2929145097732544,-0.012480698525905609,-0.026213513687253
618,0.3084988594055176,0.010396815836429596,-0.031856682151556015
619,0.3222353756427765,0.03355267643928528,-0.03982475399971008
620,0.33413365483283997,0.056980401277542114,-0.050120316445827484
621,0.19419202208518982,-0.1499561220407486,-0.017084214836359024
622,0.2198767364025116,-0.1296992301940918,-0.007886742241680622
623,0.24373359978199005,-0.10915790498256683,-0.001020889962092042
624,0.265751451253891,-0.08832565695047379,0.003514385549351573
625,0.2859228253364563,-0.06720071285963058,0.005720676388591528
626,0.30424314737319946,-0.045784346759319305,0.005599538795650005
627,0.3207099735736847,-0.024079596623778343,0.0031523413490504026
628,0.33532387018203735,-0.00209088996052742,-0.0016202146653085947
629,0.3480894863605499,0.02017601579427719,-0.008718441240489483
630,0.3590172827243805,0.04271434620022774,-0.01814453676342964
631,0.222966730594635,-0.15090608596801758,0.0059133428148925304
632,0.24768605828285217,-0.13153612613677979,0.015983879566192627
633,0.2705785632133484,-0.111882284283638,0.02372334524989128
634,0.29163169860839844,-0.0919380784034729,0.029132051393389702
635,0.3108370006084442,-0.07170166820287704,0.03221122920513153
636,0.32818925380706787,-0.05117424577474594,0.0329623818397522
637,0.3436863422393799,-0.030358802527189255,0.031386781483888626
638,0.35732924938201904,-0.009259814396500587,0.027485208585858345
639,0.3691233694553375,0.01211681216955185,0.02125752717256546
640,0.3790808618068695,0.03376428037881851,0.012702169828116894
641,0.24691873788833618,-0.14652875065803528,0.02777787670493126
642,0.2706710994243622,-0.12804655730724335,0.03872136399149895
643,0.29259783029556274,-0.10928083211183548,0.047334425151348114
644,0.3126848638057709,-0.09022527188062668,0.05361674353480339
645,0.33092281222343445,-0.07087821513414383,0.05756918340921402
646,0.3473062515258789,-0.05124082416296005,0.05919302627444267
647,0.36183303594589233,-0.0313161164522171,0.05848952755331993
648,0.37450456619262695,-0.01110849715769291,0.055459532886743546
649,0.38532713055610657,0.009376296773552895,0.050103191286325455
650,0.394314169883728,0.03013158217072487,0.042419593781232834
651,0.26604247093200684,-0.13682430982589722,0.04850894585251808
652,0.2888270914554596,-0.1192309632897377,0.060325395315885544
653,0.3097863793373108,-0.1013539656996727,0.0698121190071106
654,0.32890546321868896,-0.08318772166967392,0.0769682303071022
655,0.34617459774017334,-0.0647309347987175,0.08179422467947006
656,0.3615882694721222,-0.0459849014878273,0.08429115265607834
657,0.3751443028450012,-0.026952555403113365,0.08446025103330612
658,0.3868443965911865,-0.007638094946742058,0.08230243623256683
659,0.3966952860355377,0.011953195556998253,0.07781817764043808
660,0.40471118688583374,0.03181526064872742,0.07100719213485718
661,0.2803351581096649,-0.12179591506719589,0.06810609251260757
662,0.3021514117717743,-0.10509238392114639,0.08079574257135391
663,0.3221416473388672,-0.08810463547706604,0.09115619957447052
664,0.3402910828590393,-0.07082836329936981,0.0991862490773201
665,0.35659000277519226,-0.053262755274772644,0.1048860251903534
666,0.3710329830646515,-0.035409316420555115,0.10825641453266144
667,0.38361790776252747,-0.01727088913321495,0.10929853469133377
668,0.3943466246128082,0.0011487379670143127,0.10801342129707336
669,0.4032258689403534,0.019844919443130493,0.10440175235271454
670,0.4102698266506195,0.03881271183490753,0.09846390038728714
671,0.28979727625846863,-0.1014491617679596,0.08656879514455795
672,0.3106442987918854,-0.08563580363988876,0.10013196617364883
673,0.329664409160614,-0.06953781098127365,0.11136623471975327
674,0.3468429148197174,-0.053152017295360565,0.12027023732662201
675,0.36217057704925537,-0.03647831082344055,0.1268438994884491
676,0.3756421208381653,-0.019518405199050903,0.131087988615036
677,0.38725581765174866,-0.0022750310599803925,0.13300345838069916
678,0.39701300859451294,0.015248402953147888,0.13259141147136688
679,0.4049205482006073,0.033048115670681,0.12985284626483917
680,0.410992294549942,0.05112035199999809,0.12478823214769363
681,0.29443344473838806,-0.07579195499420166,0.10389634221792221
682,0.31431064009666443,-0.06086859852075577,0.1183331236243248
683,0.3323599100112915,-0.04566056281328201,0.1304411143064499
684,0.3485671281814575,-0.03016560524702072,0.14021892845630646
685,0.36292317509651184,-0.01438409835100174,0.14766642451286316
686,0.37542322278022766,0.0016819611191749573,0.1527843177318573
687,0.38606536388397217,0.018029868602752686,0.15557341277599335
688,0.3948509395122528,0.03465653210878372,0.15603481233119965
689,0.40178656578063965,0.05155870318412781,0.15416942536830902
690,0.4068859815597534,0.06873404234647751,0.14997786283493042
691,0.2942548394203186,-0.04483436793088913,0.12008769810199738
692,0.3131617307662964,-0.030800387263298035,0.13539768755435944
693,0.3302405774593353,-0.01648227870464325,0.14837898313999176
694,0.3454773426055908,-0.0018780827522277832,0.15903031826019287
695,0.3588629961013794,0.013011433184146881,0.16735152900218964
696,0.3703920245170593,0.028184257447719574,0.17334310710430145
697,0.380062460899353,0.04363752529025078,0.17700594663619995
698,0.38787615299224854,0.05936799570918083,0.17834092676639557
699,0.39383962750434875,0.07537272572517395,0.17734883725643158
700,0.3979668915271759,0.09165004640817642,0.17403019964694977
701,0.185675710439682,-0.20123685896396637,-0.07000502198934555
702,0.2155401110649109,-0.17599113285541534,-0.0640355572104454
703,0.24357835948467255,-0.15046364068984985,-0.06039736047387123
704,0.26978108286857605,-0.1246461495757103,-0.05908854305744171
705,0.29414013028144836,-0.09853529185056686,-0.060107532888650894
706,0.31664973497390747,-0.07213133573532104,-0.06345272809267044
707,0.3373074531555176,-0.04543750733137131,-0.06912285089492798
708,0.3561146855354309,-0.018459200859069824,-0.07711728662252426
709,0.3730770945549011,0.008796781301498413,-0.08743651956319809
710,0.3882049322128296,0.0363236665725708,-0.1000833734869957
711,0.2265341728925705,-0.20947781205177307,-0.044726911932229996
712,0.25543347001075745,-0.18511861562728882,-0.0378841869533062
713,0.2825060784816742,-0.16047817468643188,-0.03337304666638374
714,0.3077421486377716,-0.13554847240447998,-0.03119165077805519
715,0.3311334550380707,-0.11032610386610031,-0.03133825957775116
716,0.3526746332645416,-0.08481159061193466,-0.033811304718256
717,0.3723635673522949,-0.0590079203248024,-0.038609579205513
718,0.3902015686035156,-0.03291994705796242,-0.045732531696558
719,0.4061942994594574,-0.006554126739501953,-0.05518096685409546
720,0.4203528165817261,0.020082980394363403,-0.06695783138275146
721,0.2625894546508789,-0.2124089002609253,-0.020581604912877083
722,0.2905229330062866,-0.18893659114837646,-0.012865804135799408
723,0.3166305422782898,-0.16518357396125793,-0.007481577806174755
724,0.34090083837509155,-0.14114171266555786,-0.004427346866577864
725,0.36332547664642334,-0.11680791527032852,-0.0037014407571405172
726,0.38389867544174194,-0.09218239039182663,-0.0053023393265903
727,0.40261828899383545,-0.06726808845996857,-0.009228846989572048
728,0.41948622465133667,-0.042069923132658005,-0.015480550937354565
729,0.43450868129730225,-0.016593974083662033,-0.024058207869529724
730,0.4476977586746216,0.009152844548225403,-0.03496458753943443
731,0.2938307821750641,-0.21001893281936646,0.0024315949995070696
732,0.3207974135875702,-0.18743418157100677,0.011020232923328876
733,0.3459392189979553,-0.16456902027130127,0.017277667298913002
734,0.3692437410354614,-0.14141559600830078,0.021204914897680283
735,0.3907012939453125,-0.11797066777944565,0.02280356176197529
736,0.4103061556816101,-0.09423456341028214,0.02207506261765957
737,0.42805618047714233,-0.07021015882492065,0.01902053691446781
738,0.44395333528518677,-0.04590224474668503,0.013640431687235832
739,0.4580051004886627,-0.021317075937986374,0.005933976732194424
740,0.47022461891174316,0.00353863462805748,-0.004101059399545193
741,0.3202490210533142,-0.20230263471603394,0.024312535300850868
742,0.3462478518486023,-0.18060623109340668,0.033774081617593765
743,0.37042301893234253,-0.1586296111345291,0.04090476781129837
744,0.3927604556083679,-0.13636517524719238,0.04570535942912102
745,0.41325026750564575,-0.11380986124277115,0.048177048563957214
746,0.4318860173225403,-0.09096402674913406,0.048321276903152466
747,0.4486658573150635,-0.06783057004213333,0.04613911733031273
748,0.46359217166900635,-0.04441419243812561,0.04163103550672531
749,0.4766727685928345,-0.020720889791846275,0.03479647636413574
750,0.4879223704338074,0.0032428205013275146,0.025633424520492554
751,0.34183788299560547,-0.18925917148590088,0.045060962438583374
752,0.36686837673187256,-0.1684522181749344,0.05539552867412567
753,0.3900756239891052,-0.1473648101091385,0.06339965015649796
754,0.4114448130130768,-0.12598995864391327,0.06907377392053604
755,0.4309656023979187,-0.1043250784277916,0.07241886854171753
756,0.4486316442489624,-0.08237063139677048,0.07343621551990509
757,0.46444079279899597,-0.06012944132089615,0.07212686538696289
758,0.478395938873291,-0.03760598599910736,0.06849128752946854
759,0.4905053377151489,-0.014805847778916359,0.06252913177013397
760,0.5007840394973755,0.008265085518360138,0.05423877388238907
761,0.358594685792923,-0.17089144885540009,0.06467636674642563
762,0.3826567232608795,-0.15097488462924957,0.0758841335773468
763,0.4048948585987091,-0.1307772696018219,0.08476188033819199
764,0.42529451847076416,-0.1102927029132843,0.09130971133708954
765,0.44384515285491943,-0.08951900899410248,0.0955285131931305
766,0.46054065227508545,-0.0684569701552391,0.09741927683353424
767,0.4753789007663727,-0.04710930585861206,0.09698310494422913
768,0.48836269974708557,-0.025480099022388458,0.09422043710947037
769,0.4995006322860718,-0.0035743676126003265,0.089131198823452
770,0.5088075399398804,0.018602978438138962,0.08171407878398895
771,0.3705214262008667,-0.14720532298088074,0.0831579640507698
772,0.3936144709587097,-0.128179669380188,0.09523919224739075
773,0.41488274931907654,-0.10887232422828674,0.10499060899019241
774,0.4343118965625763,-0.0892784595489502,0.11241231113672256
775,0.45189177989959717,-0.06939662247896194,0.11750490963459015
776,0.46761608123779297,-0.04922771453857422,0.12026937305927277
777,0.4814830720424652,-0.028774432837963104,0.12070662528276443
778,0.49349552392959595,-0.008040539920330048,0.11881720274686813
779,0.5036616921424866,0.012969784438610077,0.11460119485855103
780,0.5119963884353638,0.03425263613462448,0.10805744677782059
781,0.37762439250946045,-0.1182088851928711,0.10050475597381592
782,0.39974817633628845,-0.10007405281066895,0.11345943808555603
783,0.42004629969596863,-0.08165719360113144,0.12408450990915298
784,0.4385048747062683,-0.06295441091060638,0.1323799043893814
785,0.45511364936828613,-0.043964654207229614,0.13834628462791443
786,0.4698668420314789,-0.02468910813331604,0.1419844627380371
787,0.48276248574256897,-0.005130454897880554,0.1432953029870987
788,0.4938032925128937,0.014707863330841064,0.14227941632270813
789,0.5029973983764648,0.034822091460227966,0.13893672823905945
790,0.5103595852851868,0.055209532380104065,0.13326647877693176
791,0.3799155056476593,-0.08391135931015015,0.11671539396047592
792,0.40107014775276184,-0.06666702777147293,0.1305433213710785
793,0.4203989505767822,-0.04914064705371857,0.1420416533946991
794,0.43788787722587585,-0.03132890164852142,0.1512104868888855
795,0.4535268247127533,-0.01323099434375763,0.15805025398731232
796,0.46730923652648926,0.0051517486572265625,0.16256199777126312
797,0.4792332649230957,0.023816585540771484,0.16474655270576477
798,0.4893019199371338,0.04276001453399658,0.16460421681404114
799,0.4975236654281616,0.06197848916053772,0.16213500499725342
800,0.5039131045341492,0.08147002756595612,0.15733805298805237
801,0.25816068053245544,-0.27694982290267944,-0.07939010113477707
802,0.2902800738811493,-0.2484901249408722,-0.07490068674087524
803,0.3205733895301819,-0.2197505533695221,-0.07274264842271805
804,0.3490312099456787,-0.19072262942790985,-0.07291409373283386
805,0.37564486265182495,-0.16140200197696686,-0.07541327178478241
806,0.40040796995162964,-0.13178810477256775,-0.08023862540721893
807,0.42331838607788086,-0.1018839031457901,-0.08738905191421509
808,0.4443786144256592,-0.07169496268033981,-0.09686414152383804
809,0.46359536051750183,-0.041228167712688446,-0.10866488516330719
810,0.48097941279411316,-0.010490231215953827,-0.122794009745121
811,0.301486074924469,-0.2818489670753479,-0.054095178842544556
812,0.3326377868652344,-0.2542763352394104,-0.04873303696513176
813,0.36196327209472656,-0.2264239639043808,-0.04570223018527031
814,0.3894526958465576,-0.19828373193740845,-0.04500104486942291
815,0.4150976538658142,-0.16985177993774414,-0.0466277115046978
816,0.4388921856880188,-0.14112769067287445,-0.050580721348524094
817,0.4608340263366699,-0.11211429536342621,-0.05685899406671524
818,0.4809257984161377,-0.08281683921813965,-0.06546223908662796
819,0.49917393922805786,-0.0532415509223938,-0.07639152556657791
820,0.5155895948410034,-0.023394793272018433,-0.08964948356151581
821,0.34000760316848755,-0.28143852949142456,-0.02993382327258587
822,0.37019145488739014,-0.254753053188324,-0.02369890920817852
823,0.398549884557724,-0.22778847813606262,-0.019795406609773636
824,0.4250722825527191,-0.20053662359714508,-0.018221652135252953
825,0.4497494697570801,-0.17299355566501617,-0.01897592470049858
826,0.4725756049156189,-0.1451590210199356,-0.02205660566687584
827,0.4935483932495117,-0.11703577637672424,-0.02746269851922989
828,0.5126703381538391,-0.0886288434267044,-0.035194043070077896
829,0.5299490094184875,-0.059944458305835724,-0.04525172710418701
830,0.5453962683677673,-0.030988924205303192,-0.05763840675354004
831,0.37371504306793213,-0.27570831775665283,-0.006904711946845055
832,0.40293043851852417,-0.2499106377363205,0.0002029894822044298
833,0.4303218722343445,-0.22383445501327515,0.004979263991117477
834,0.4558771252632141,-0.19747145473957062,0.007425766438245773
835,0.47958654165267944,-0.17081767320632935,0.007544174324721098
836,0.5014438033103943,-0.14387300610542297,0.005335974972695112
837,0.5214470624923706,-0.11664018034934998,0.0008021631510928273
838,0.5395988821983337,-0.08912404626607895,-0.0060570575296878815
839,0.5559073090553284,-0.06133086606860161,-0.015242785215377808
840,0.5703858733177185,-0.03326701372861862,-0.026757845655083656
841,0.40259891748428345,-0.2646527588367462,0.014992685988545418
842,0.430845707654953,-0.23974379897117615,0.02297326922416687
843,0.45726943016052246,-0.21455660462379456,0.028622552752494812
844,0.4818568825721741,-0.18908293545246124,0.03194204345345497
845,0.5045979022979736,-0.16331908106803894,0.03293336182832718
846,0.5254859924316406,-0.1372649371623993,0.03159797564148903
847,0.5445191264152527,-0.11092325299978256,0.02793680690228939
848,0.5617004632949829,-0.08429882675409317,0.02194998227059841
849,0.5770383477210999,-0.05739762261509895,0.013636572286486626
850,0.590547502040863,-0.030225805938243866,0.0029937345534563065
851,0.42665258049964905,-0.24827054142951965,0.03575825318694115
852,0.45393070578575134,-0.224251389503479,0.04461188614368439
853,0.47938603162765503,-0.1999538093805313,0.05113442242145538
854,0.5030049085617065,-0.17537006735801697,0.05532721057534218
855,0.5247767567634583,-0.15049681067466736,0.05719180032610893
856,0.5446950197219849,-0.12533405423164368,0.05672949180006981
857,0.5627577900886536,-0.0998845025897026,0.053941309452056885
858,0.5789681077003479,-0.07415273040533066,0.048827290534973145
859,0.5933350920677185,-0.04814436659216881,0.041386574506759644
860,0.6058735251426697,-0.021865032613277435,0.03161652013659477
861,0.4458734691143036,-0.22656424343585968,0.05539143458008766
862,0.47218334674835205,-0.20343594253063202,0.06511834263801575
863,0.4966697096824646,-0.18002855777740479,0.07251431047916412
864,0.5193191170692444,-0.15633538365364075,0.07758064568042755
865,0.5401209592819214,-0.13235336542129517,0.08031872659921646
866,0.5590687990188599,-0.10808277875185013,0.08072984963655472
867,0.576160728931427,-0.08352625370025635,0.07881490886211395
868,0.5914000868797302,-0.05868810415267944,0.07457409799098969
869,0.6047956347465515,-0.033573392778635025,0.0680064707994461
870,0.6163622736930847,-0.008187033236026764,0.0591096505522728
871,0.46026456356048584,-0.1995396763086319,0.0738912895321846
872,0.4856061637401581,-0.17730288207530975,0.0844915360212326
873,0.5091229677200317,-0.15478621423244476,0.09276106208562851
874,0.530802309513092,-0.13198398053646088,0.09870103746652603
875,0.5506337285041809,-0.1088937520980835,0.10231282562017441
876,0.5686108469963074,-0.08551590144634247,0.10359755903482437
877,0.5847316980361938,-0.06185305118560791,0.10255614668130875
878,0.5989997982978821,-0.03790917992591858,0.09918873012065887
879,0.6114237308502197,-0.013688839972019196,0.0934944599866867
880,0.6220176219940186,0.01080401986837387,0.08547129482030869
881,0.4698333442211151,-0.1672045737504959,0.0912565216422081
882,0.4942064881324768,-0.1458594650030136,0.10273005068302155
883,0.5167539715766907,-0.12423382699489594,0.11187312752008438
884,0.5374631881713867,-0.10232291370630264,0.11868670582771301
885,0.5563242435455322,-0.08012472838163376,0.12317207455635071
886,0.5733304619789124,-0.05763981491327286,0.12533046305179596
887,0.5884800553321838,-0.0348706915974617,0.12516267597675323
888,0.6017765402793884,-0.011821247637271881,0.1226688101887703
889,0.6132283210754395,0.011504478752613068,0.11784806102514267
890,0.6228491067886353,0.03510332107543945,0.11069871485233307
891,0.47459128499031067,-0.12956707179546356,0.10748564451932907
892,0.4979962408542633,-0.10911330580711365,0.11983233690261841
893,0.5195754766464233,-0.08837893605232239,0.12984852492809296
894,0.5393162369728088,-0.06735965609550476,0.13753528892993927
895,0.5572078824043274,-0.046053528785705566,0.1428939551115036
896,0.5732435584068298,-0.024461105465888977,0.145925834774971
897,0.5874213576316833,-0.0025850534439086914,0.14663165807724
898,0.5997450947761536,0.01957077533006668,0.14501163363456726
899,0.6102238893508911,0.042002372443675995,0.14106464385986328
900,0.6188716292381287,0.06470705568790436,0.13478893041610718
901,0.33965885639190674,-0.3592393100261688,-0.09463131427764893
902,0.37403419613838196,-0.32756808400154114,-0.09162189811468124
903,0.40658313035964966,-0.29561668634414673,-0.09094338864088058
904,0.43729692697525024,-0.26337742805480957,-0.09259438514709473
905,0.46616610884666443,-0.23084577918052673,-0.09657350182533264
906,0.4931836426258087,-0.19802075624465942,-0.10287925601005554
907,0.5183475017547607,-0.16490542888641357,-0.11151063442230225
908,0.5416606664657593,-0.13150575757026672,-0.12246734648942947
909,0.5631309151649475,-0.09782850742340088,-0.13575007021427155
910,0.5827683210372925,-0.06387960910797119,-0.15136083960533142
911,0.385452002286911,-0.36079880595207214,-0.06932008266448975
912,0.4188571572303772,-0.33001458644866943,-0.06543806195259094
913,0.4504358768463135,-0.2989501953125,-0.06388697028160095
914,0.4801792502403259,-0.2675984501838684,-0.06466548889875412
915,0.5080784559249878,-0.2359553575515747,-0.06777200102806091
916,0.5341269969940186,-0.20402050018310547,-0.07320524752140045
917,0.5583231449127197,-0.17179685831069946,-0.08096423000097275
918,0.580669105052948,-0.1392897367477417,-0.09104858338832855
919,0.601172149181366,-0.10650528967380524,-0.10345928370952606
920,0.6198424696922302,-0.07344897091388702,-0.11819823086261749
921,0.4264405071735382,-0.3570472002029419,-0.04514230042695999
922,0.45887553691864014,-0.3271503448486328,-0.04038770869374275
923,0.4894852936267853,-0.2969740927219391,-0.03796415403485298
924,0.5182597637176514,-0.2665109932422638,-0.03787025064229965
925,0.5451899170875549,-0.23575720191001892,-0.040104351937770844
926,0.5702696442604065,-0.20471252501010895,-0.044665075838565826
927,0.5934967994689941,-0.1733798384666443,-0.051551468670368195
928,0.614874005317688,-0.14176422357559204,-0.06076335161924362
929,0.6344083547592163,-0.10987169295549393,-0.0723017230629921
930,0.6521113514900208,-0.07770778238773346,-0.08616886287927628
931,0.46261516213417053,-0.3479764461517334,-0.022096464410424232
932,0.49407991766929626,-0.3189675807952881,-0.016469134017825127
933,0.5237208008766174,-0.2896801233291626,-0.01317298412322998
934,0.5515266060829163,-0.26010623574256897,-0.012206515297293663
935,0.5774879455566406,-0.23024219274520874,-0.013567970134317875
936,0.6015985608100891,-0.20008790493011475,-0.017256006598472595
937,0.6238564252853394,-0.1696462333202362,-0.023269742727279663
938,0.6442639231681824,-0.13892214000225067,-0.03160896152257919
939,0.6628289222717285,-0.10792157053947449,-0.04227491840720177
940,0.6795641183853149,-0.07665015757083893,-0.05526995286345482
941,0.4939657151699066,-0.33358094096183777,-0.00018178223399445415
942,0.5244607329368591,-0.3054611086845398,0.006318496540188789
943,0.5531327128410339,-0.2770630717277527,0.010487445630133152
944,0.5799697041511536,-0.2483789473772049,0.012326786294579506
945,0.6049621105194092,-0.21940520405769348,0.011838139966130257
946,0.6281031966209412,-0.19014175236225128,0.009023010730743408
947,0.6493910551071167,-0.1605914980173111,0.0038822274655103683
948,0.6688284873962402,-0.13075929880142212,-0.003584184916689992
949,0.6864235401153564,-0.10065097361803055,-0.013377336785197258
950,0.7021899223327637,-0.0702720656991005,-0.025500088930130005
951,0.520484983921051,-0.3138591945171356,0.020601637661457062
952,0.550011157989502,-0.28662949800491333,0.02797495201230049
953,0.577714204788208,-0.2591215968132019,0.03301694244146347
954,0.6035822629928589,-0.2313278317451477,0.03572942689061165
955,0.6276051998138428,-0.2032449096441269,0.036113981157541275
956,0.6497764587402344,-0.17487291991710663,0.03417201712727547
957,0.6700938940048218,-0.14621466398239136,0.029904400929808617
958,0.6885607242584229,-0.11727489531040192,0.023311102762818336
959,0.7051851749420166,-0.08805906027555466,0.01439099945127964
960,0.7199811339378357,-0.05857240408658981,0.0031411529053002596
961,0.5421706438064575,-0.2888137698173523,0.04025297239422798
962,0.5707289576530457,-0.2624754011631012,0.04849943891167641
963,0.5974633097648621,-0.23585818707942963,0.05441468209028244
964,0.622361958026886,-0.208955317735672,0.05800051614642143
965,0.6454150080680847,-0.18176376819610596,0.05925855040550232
966,0.6666159629821777,-0.15428376197814941,0.05819001793861389
967,0.6859628558158875,-0.1265181005001068,0.054795753210783005
968,0.7034586668014526,-0.09847119450569153,0.04907585680484772
969,0.7191118001937866,-0.07014814019203186,0.04102905094623566
970,0.7329356074333191,-0.04155362769961357,0.03065268136560917
971,0.5590260028839111,-0.25845059752464294,0.05877086892724037
972,0.586617112159729,-0.23300416767597198,0.06789054721593857
973,0.6123826503753662,-0.20727819204330444,0.0746791809797287
974,0.6363118886947632,-0.18126673996448517,0.07913849502801895
975,0.6583948731422424,-0.15496701002120972,0.0812700018286705
976,0.6786253452301025,-0.12837938964366913,0.08107504993677139
977,0.6970012187957764,-0.10150657594203949,0.0785544291138649
978,0.7135255932807922,-0.07435277849435806,0.07370809465646744
979,0.7282069325447083,-0.04692278802394867,0.06653489917516708
980,0.7410573959350586,-0.019220590591430664,0.05703229457139969
981,0.5710594058036804,-0.22277694940567017,0.0761539489030838
982,0.5976832509040833,-0.1982227861881256,0.0861467719078064
983,0.6224804520606995,-0.1733885407447815,0.09380865097045898
984,0.6454404592514038,-0.148268923163414,0.09914126247167587
985,0.6665537357330322,-0.12286141514778137,0.1021461933851242
986,0.6858136653900146,-0.09716624021530151,0.1028248518705368
987,0.7032181620597839,-0.0711861103773117,0.10117795318365097
988,0.7187706828117371,-0.04492538422346115,0.09720543026924133
989,0.7324795126914978,-0.018388427793979645,0.09090608358383179
990,0.7443562150001526,0.008421234786510468,0.08227750658988953
991,0.5782814621925354,-0.1817992776632309,0.0924009457230568
992,0.6039384603500366,-0.1581374704837799,0.10326666384935379
993,0.6277685165405273,-0.13419556617736816,0.11180142313241959
994,0.6497611403465271,-0.10996860265731812,0.11800676584243774
995,0.6699059009552002,-0.08545365929603577,0.12188465893268585
996,0.6881954073905945,-0.060650721192359924,0.12343671172857285
997,0.7046276926994324,-0.03556269407272339,0.12266376614570618
998,0.7192066311836243,-0.010194003582000732,0.1195654645562172
999,0.7319415807723999,0.015450477600097656,0.11414021998643875
1000,0.7428443431854248,0.04136765003204346,0.10638582706451416
