1,0.003280411474406719,0.10215574502944946,-0.08796535432338715
2,0.005229951348155737,0.09363527595996857,-0.09407777339220047
3,0.007999608293175697,0.08826307207345963,-0.09398535639047623
4,0.011577626690268517,0.08601362258195877,-0.0876842737197876
5,0.015962915495038033,0.08688534796237946,-0.07517773658037186
6,0.021155187860131264,0.0908772200345993,-0.05646719038486481
7,0.027154138311743736,0.0979895368218422,-0.03155224397778511
8,0.033958759158849716,0.1082242950797081,-0.00043015985284000635
9,0.041569821536540985,0.12158431857824326,0.03690559044480324
10,0.04996619001030922,0.138111412525177,0.08046779036521912
11,-0.011908316984772682,0.07455363869667053,-0.04560166224837303
12,-0.009741522371768951,0.06520820409059525,-0.054810550063848495
13,-0.006756809074431658,0.059004783630371094,-0.057808488607406616
14,-0.0029626372270286083,0.05592581629753113,-0.05459947884082794
15,0.001639566500671208,0.05596902593970299,-0.0451858714222908
16,0.007049298845231533,0.05913326516747475,-0.02956893853843212
17,0.013266235589981079,0.06541884690523148,-0.007748234551399946
18,0.020289622247219086,0.0748278796672821,0.020278817042708397
19,0.0281201358884573,0.08736390620470047,0.05451749637722969
20,0.03673456609249115,0.1030588448047638,0.09498246759176254
21,-0.023567162454128265,0.050624072551727295,-0.0051592374220490456
22,-0.021187597885727882,0.0404522642493248,-0.017465095967054367
23,-0.017990557476878166,0.03341987729072571,-0.023555070161819458
24,-0.013983558863401413,0.029513085260987282,-0.02343755029141903
25,-0.009167997166514397,0.028729481622576714,-0.017115548253059387
26,-0.0035444325767457485,0.031067846342921257,-0.004590402357280254
27,0.0028867849614471197,0.03652852773666382,0.01413839589804411
28,0.010124916210770607,0.04511373117566109,0.03907349705696106
29,0.018170015886425972,0.05682729557156563,0.07022053748369217
30,0.02699965611100197,0.07169618457555771,0.10759589821100235
31,-0.0317058302462101,0.030343569815158844,0.03336334601044655
32,-0.02911406010389328,0.019345995038747787,0.017962485551834106
33,-0.025704694911837578,0.011486065573990345,0.00878067221492529
34,-0.02148508094251156,0.006752242334187031,0.00580697413533926
35,-0.016456542536616325,0.00514230877161026,0.00903781782835722
36,-0.010619662702083588,0.006655098870396614,0.018471674993634224
37,-0.003974801395088434,0.011290967464447021,0.03410901874303818
38,0.0034772504586726427,0.019052058458328247,0.055952560156583786
39,0.011736483313143253,0.02994188293814659,0.08400792628526688
40,0.02078082039952278,0.043984297662973404,0.11829138547182083
41,-0.03632688149809837,0.01370704174041748,0.06997144967317581
42,-0.033523280173540115,0.0018844902515411377,0.05147644877433777
43,-0.02990168333053589,-0.006801915820688009,0.03920306637883186
44,-0.025469694286584854,-0.012361988425254822,0.03313836455345154
45,-0.020228566601872444,-0.014797787182033062,0.03327822685241699
46,-0.014178896322846413,-0.014110374264419079,0.03962089121341705
47,-0.007321059238165617,-0.010299411602318287,0.05216678977012634
48,0.0003441509325057268,-0.003362899413332343,0.07091856747865677
49,0.00881668645888567,0.006702326703816652,0.09588176012039185
50,0.01807488687336445,0.019917748868465424,0.12707211077213287
51,-0.0374315120279789,0.0007116456399671733,0.10466734319925308
52,-0.03441626951098442,-0.011935235001146793,0.0830790102481842
53,-0.03058246150612831,-0.021447304636240005,0.06771446019411087
54,-0.02593820169568062,-0.027832990512251854,0.058559007942676544
55,-0.020484743639826775,-0.031094273552298546,0.055607981979846954
56,-0.014222687110304832,-0.031232135370373726,0.05885941535234451
57,-0.007152401376515627,-0.028246251866221428,0.06831363588571548
58,0.0007253538351505995,-0.02213478833436966,0.08397325128316879
59,0.009410549886524677,-0.012894836254417896,0.10584366321563721
60,0.018882224336266518,-0.0005069582839496434,0.13393990695476532
61,-0.035019613802433014,-0.008643903769552708,0.13745246827602386
62,-0.03179290145635605,-0.022114543244242668,0.11277168244123459
63,-0.027746887877583504,-0.032451603561639786,0.09431654959917068
64,-0.022890474647283554,-0.039662349969148636,0.08207061886787415
65,-0.017224930226802826,-0.04374878108501434,0.0760287418961525
66,-0.010750878602266312,-0.04471182823181152,0.07618879526853561
67,-0.0034686741419136524,-0.042551200836896896,0.08255104720592499
68,0.004621000029146671,-0.037265192717313766,0.09511799365282059
69,0.013518213294446468,-0.02885105088353157,0.11389486491680145
70,0.023202959448099136,-0.01729116588830948,0.1388958990573883
71,-0.029089627787470818,-0.014359988272190094,0.16832813620567322
72,-0.025651829317212105,-0.028653711080551147,0.1405559927225113
73,-0.021393677219748497,-0.039815012365579605,0.11901088804006577
74,-0.016325300559401512,-0.04785028100013733,0.10367462038993835
75,-0.010448016226291656,-0.052761539816856384,0.09454178810119629
76,-0.003762479405850172,-0.054549671709537506,0.09161023795604706
77,0.003730988362804055,-0.0532144233584404,0.0948801189661026
78,0.012031810358166695,-0.04875420406460762,0.10435382276773453
79,0.021140171214938164,-0.04116639494895935,0.12003631144762039
80,0.03103715367615223,-0.03043489158153534,0.1419408917427063
81,-0.019638843834400177,-0.0164360199123621,0.19729657471179962
82,-0.015990471467375755,-0.031551774591207504,0.1664341539144516
83,-0.01152000017464161,-0.04353669285774231,0.14179934561252594
84,-0.006239784881472588,-0.05239608883857727,0.12337245047092438
85,-0.00015106727369129658,-0.05813198164105415,0.11114812642335892
86,0.006745517253875732,-0.06074518337845802,0.10512440651655197
87,0.014449656009674072,-0.06023545563220978,0.10530141741037369
88,0.022960824891924858,-0.05660132318735123,0.11168133467435837
89,0.03227975592017174,-0.04984051361680031,0.12426867336034775
90,0.0423884242773056,-0.039938364177942276,0.14307500422000885
91,-0.006652201525866985,-0.014863533899188042,0.22437837719917297
92,-0.0027974373660981655,-0.030803192406892776,0.1904180943965912
93,0.001882761251181364,-0.04361152648925781,0.16269031167030334
94,0.00737168500199914,-0.053294405341148376,0.14117008447647095
95,0.01366853341460228,-0.0598541758954525,0.1258520931005478
96,0.020772773772478104,-0.06329160928726196,0.11673451215028763
97,0.028684118762612343,-0.06360647827386856,0.11381751298904419
98,0.03740187734365463,-0.06079734116792679,0.11710310727357864
99,0.046926818788051605,-0.05486169829964638,0.12659573554992676
100,0.057244863361120224,-0.04578554630279541,0.14230644702911377
101,-0.007646276615560055,0.07166901230812073,-0.10178278386592865
102,0.004432871006429195,0.05955309420824051,-0.10771390795707703
103,0.01734110713005066,0.05061923712491989,-0.10741281509399414
104,0.031059138476848602,0.04482744634151459,-0.10088009387254715
105,0.045582860708236694,0.042169272899627686,-0.08811814337968826
106,0.06091146171092987,0.04264168441295624,-0.06912964582443237
107,0.07704414427280426,0.04624535143375397,-0.043913815170526505
108,0.09397872537374496,0.0529853031039238,-0.012465529143810272
109,0.11171431839466095,0.06287417560815811,0.025224925950169563
110,0.13020333647727966,0.07598061859607697,0.06917626410722733
111,-0.02479567937552929,0.04735482484102249,-0.0585724376142025
112,-0.01249255146831274,0.0344088152050972,-0.06761084496974945
113,0.0006380099803209305,0.024637265130877495,-0.07041060924530029
114,0.01457948051393032,0.018008850514888763,-0.0669793114066124
115,0.02932821772992611,0.01451563648879528,-0.057320620864629745
116,0.044883131980895996,0.014154566451907158,-0.04143688455224037
117,0.061243556439876556,0.016926303505897522,-0.01932716742157936
118,0.07840801030397415,0.022835882380604744,0.00901351124048233
119,0.0963742658495903,0.03189530968666077,0.043594952672719955
120,0.11509435623884201,0.044162362813949585,0.08443715423345566
121,-0.03839796409010887,0.02675403282046318,-0.01729293167591095
122,-0.025878630578517914,0.012977709993720055,-0.02943987026810646
123,-0.012532029300928116,0.0023707039654254913,-0.03534238412976265
124,0.0016264207661151886,-0.0050917938351631165,-0.03501216322183609
125,0.01659337431192398,-0.009417202323675156,-0.02845483087003231
126,0.03236764296889305,-0.010608512908220291,-0.01567303203046322
127,0.04894852638244629,-0.008665017783641815,0.0033342530950903893
128,0.0663342997431755,-0.0035816431045532227,0.028572212904691696
129,0.08452074974775314,0.004653485491871834,0.06005154550075531
130,0.10346394032239914,0.01608901470899582,0.0977931097149849
131,-0.04846324399113655,0.00982454139739275,0.02205527573823929
132,-0.03572991490364075,-0.004780246410518885,0.00680118752643466
133,-0.02216889150440693,-0.01621948927640915,-0.002203651936724782
134,-0.007795277517288923,-0.024513937532901764,-0.004974138457328081
135,0.007387771271169186,-0.029670018702745438,-0.0015174202853813767
136,0.023379027843475342,-0.03169050067663193,0.008163400925695896
137,0.040177710354328156,-0.030574657022953033,0.0240692887455225
138,0.057781882584095,-0.026317596435546875,0.046205613762140274
139,0.0761871337890625,-0.018908735364675522,0.07458339631557465
140,0.0953509658575058,-0.008304919116199017,0.10922330617904663
141,-0.05499562621116638,-0.00344618852250278,0.059478819370269775
142,-0.0420500673353672,-0.018877390772104263,0.0411190465092659
143,-0.02827593684196472,-0.031146327033638954,0.029012657701969147
144,-0.013688639737665653,-0.0402706153690815,0.023141926154494286
145,0.0017087298911064863,-0.04625598341226578,0.02349834330379963
146,0.0179149117320776,-0.04910491406917572,0.03007831610739231
147,0.0349290706217289,-0.04881668463349342,0.042882706969976425
148,0.05274922773241997,-0.04538677632808685,0.061916906386613846
149,0.07137086987495422,-0.03880562633275986,0.08719190210103989
150,0.09075231850147247,-0.029034215956926346,0.1187279149889946
151,-0.05799742788076401,-0.01306453999131918,0.09498190879821777
152,-0.04484095796942711,-0.029320433735847473,0.07351808249950409
153,-0.030854756012558937,-0.04241688922047615,0.05831119790673256
154,-0.016055038198828697,-0.052369192242622375,0.04934078827500343
155,-0.00044491025619208813,-0.05918259546160698,0.04659709706902504
156,0.01597432978451252,-0.06285940855741501,0.050076063722372055
157,0.03320185840129852,-0.06339894235134125,0.05977841839194298
158,0.051235754042863846,-0.060796987265348434,0.0757095068693161
159,0.07007165253162384,-0.05504481494426727,0.09788018465042114
160,0.08966885507106781,-0.04610664024949074,0.12631013989448547
161,-0.057468388229608536,-0.019033335149288177,0.12856748700141907
162,-0.04410233348608017,-0.03611237183213234,0.10400158166885376
163,-0.029905090108513832,-0.05003438517451286,0.08569547533988953
164,-0.014894163236021996,-0.06081300973892212,0.07362600415945053
165,0.0009271716699004173,-0.06845330446958542,0.06778228282928467
166,0.01755761355161667,-0.07295744866132736,0.06815996766090393
167,0.034996405243873596,-0.07432486116886139,0.0747595801949501
168,0.0532417930662632,-0.07255157828330994,0.08758638799190521
169,0.07228975743055344,-0.06762944161891937,0.10665102303028107
170,0.09210088104009628,-0.05952512100338936,0.131972536444664
171,-0.05340537801384926,-0.021352823823690414,0.16023856401443481
172,-0.03983159735798836,-0.03925320506095886,0.13257285952568054
173,-0.025424528867006302,-0.053998809307813644,0.11116863787174225
174,-0.010203782469034195,-0.0656021237373352,0.09600040316581726
175,0.005827073939144611,-0.07406820356845856,0.0870564803481102
176,0.022666700184345245,-0.07939915359020233,0.08433233946561813
177,0.04031442105770111,-0.08159440755844116,0.08782845735549927
178,0.05876883119344711,-0.08065035939216614,0.09754984080791473
179,0.07802637666463852,-0.07655917853116989,0.1135067343711853
180,0.09804843366146088,-0.06928902119398117,0.13571718335151672
181,-0.045803360641002655,-0.0200189258903265,0.19000254571437836
182,-0.03202393651008606,-0.03873913735151291,0.15923753380775452
183,-0.01740814372897148,-0.054306648671627045,0.13473491370677948
184,-0.0019791778177022934,-0.06673342734575272,0.11646699905395508
185,0.014259260147809982,-0.07602442800998688,0.10442167520523071
186,0.031305842101573944,-0.0821816474199295,0.09859466552734375
187,0.049159932881593704,-0.08520455658435822,0.09898637235164642
188,0.06782044470310211,-0.0850897952914238,0.10560150444507599
189,0.08728582412004471,-0.08183061331510544,0.11844956874847412
190,0.10751635581254959,-0.07539494335651398,0.13754716515541077
191,-0.034640662372112274,-0.01501557044684887,0.21788203716278076
192,-0.020663272589445114,-0.034556396305561066,0.18400950729846954
193,-0.00584518164396286,-0.05094502121210098,0.1564033031463623
194,0.009785689413547516,-0.06419384479522705,0.1350313425064087
195,0.026225274428725243,-0.0743081346154213,0.11988109350204468
196,0.04347222298383713,-0.08128980547189713,0.11094871163368225
197,0.061525747179985046,-0.08513826131820679,0.10823465138673782
198,0.08038435131311417,-0.08585012704133987,0.11174317449331284
199,0.10004787147045135,-0.08341888338327408,0.12148337066173553
200,0.12047968804836273,-0.07781267166137695,0.13747069239616394
201,-0.017573202028870583,0.0343317873775959,-0.1133023127913475
202,0.0046311430633068085,0.018655851483345032,-0.11903207004070282
203,0.02766902558505535,0.006154634058475494,-0.11851196736097336
204,0.05152300000190735,-0.0031891055405139923,-0.11174978315830231
205,0.07618412375450134,-0.009385457262396812,-0.09874467551708221
206,0.10164868086576462,-0.01243765838444233,-0.0794980525970459
207,0.1279136836528778,-0.012344416230916977,-0.054009485989809036
208,0.15497498214244843,-0.009099029004573822,-0.022276200354099274
209,0.18282397091388702,-0.0026838406920433044,0.015705423429608345
210,0.21141394972801208,0.006940659135580063,0.05994177982211113
211,-0.03664353862404823,0.013364296406507492,-0.06932057440280914
212,-0.014212669804692268,-0.0031475797295570374,-0.07815719395875931
213,0.009053247049450874,-0.016485996544361115,-0.08074551820755005
214,0.03313453495502472,-0.02666737139225006,-0.07709009945392609
215,0.058024000376462936,-0.03370055928826332,-0.06719301640987396
216,0.08371829986572266,-0.03758861869573593,-0.051055941730737686
217,0.11021500825881958,-0.038330353796482086,-0.028678208589553833
218,0.13751058280467987,-0.03591945394873619,-5.630636587738991e-05
219,0.16559544205665588,-0.030339853838086128,0.034815747290849686
220,0.19442659616470337,-0.021552961319684982,0.07594305276870728
221,-0.05216815322637558,-0.0038938354700803757,-0.027259577065706253
222,-0.029519056901335716,-0.021237576380372047,-0.039205022156238556
223,-0.006032789126038551,-0.03541286289691925,-0.04490203782916069
224,0.018270142376422882,-0.04643094539642334,-0.04435380548238754
225,0.043382637202739716,-0.05429941043257713,-0.03756416216492653
226,0.06930135935544968,-0.059021033346652985,-0.024535277858376503
227,0.09602375328540802,-0.06059452146291733,-0.005266416352242231
228,0.12354566156864166,-0.059013668447732925,0.02024635672569275
229,0.15185566246509552,-0.05426332354545593,0.05200974643230438
230,0.18091516196727753,-0.046311475336551666,0.09002719819545746
231,-0.06415047496557236,-0.01746724173426628,0.012874937616288662
232,-0.041285380721092224,-0.03564050793647766,-0.002181045012548566
233,-0.017582133412361145,-0.050649434328079224,-0.010986480861902237
234,0.00693898880854249,-0.06250181794166565,-0.013545338064432144
235,0.032270919531583786,-0.07120367139577866,-0.009862802922725677
236,0.05841025337576866,-0.07675734907388687,5.845143459737301e-05
237,0.08535420894622803,-0.07916149497032166,0.016219161450862885
238,0.11309814453125,-0.07841014862060547,0.038623590022325516
239,0.14163048565387726,-0.07448990643024445,0.0672789216041565
240,0.17091438174247742,-0.0673731118440628,0.10218856483697891
241,-0.07259022444486618,-0.0273701474070549,0.05108344554901123
242,-0.0495118573307991,-0.046370577067136765,0.03291736915707588
243,-0.02559438720345497,-0.062210001051425934,0.02100425958633423
244,-0.0008581203874200583,-0.07489387691020966,0.015338710509240627
245,0.02468995936214924,-0.084427110850811,0.015914304181933403
246,0.05104633793234825,-0.09081164002418518,0.02272788994014263
247,0.07820812612771988,-0.09404607862234116,0.035780154168605804
248,0.10617049038410187,-0.09412483870983124,0.055075570940971375
249,0.1349218487739563,-0.0910358726978302,0.08062165230512619
250,0.1644258201122284,-0.0847543329000473,0.11242213100194931
251,-0.07748803496360779,-0.03360987454652786,0.08736804127693176
252,-0.054198987782001495,-0.0534353069961071,0.06609330326318741
253,-0.030069876462221146,-0.07010238617658615,0.05107366293668747
254,-0.005121305584907532,-0.08361510187387466,0.04230201989412308
255,0.020639693364501,-0.09397775679826736,0.03977082297205925
256,0.04720960184931755,-0.10119200497865677,0.04347648099064827
257,0.07458553463220596,-0.10525650531053543,0.05341961607336998
258,0.10276269912719727,-0.10616599768400192,0.06960484385490417
259,0.1317296028137207,-0.10390926897525787,0.09203995019197464
260,0.16145026683807373,-0.0984632670879364,0.12072920054197311
261,-0.07884321361780167,-0.036189764738082886,0.12173091620206833
262,-0.05534619092941284,-0.05683817341923714,0.09734953939914703
263,-0.031007997691631317,-0.07433024048805237,0.07922466099262238
264,-0.005849918816238642,-0.08866927772760391,0.06734757870435715
265,0.020120814442634583,-0.09985943138599396,0.06170971691608429
266,0.04690074920654297,-0.10790231823921204,0.06230711191892624
267,0.07448713481426239,-0.11279661953449249,0.06914038211107254
268,0.10287539660930634,-0.1145373061299324,0.08221417665481567
269,0.13205434381961823,-0.11311359703540802,0.10153646767139435
270,0.16198834776878357,-0.10850316286087036,0.12711216509342194
271,-0.07665345072746277,-0.03510960936546326,0.1541748195886612
272,-0.05295143276453018,-0.05657901242375374,0.1266888827085495
273,-0.028406763449311256,-0.07489344477653503,0.10545971244573593
274,-0.00304204598069191,-0.09005648642778397,0.09047750383615494
275,0.0231352299451828,-0.10207239538431168,0.08173280954360962
276,0.050121650099754333,-0.1109427809715271,0.07922157645225525
277,0.07791468501091003,-0.11666640639305115,0.0829443410038948
278,0.10651031881570816,-0.11923855543136597,0.09290575236082077
279,0.13589783012866974,-0.11864855885505676,0.10911374539136887
280,0.1660410612821579,-0.11487332731485367,0.13157375156879425
281,-0.0709158331155777,-0.03036392852663994,0.1847062110900879
282,-0.047011397778987885,-0.05265290290117264,0.15411561727523804
283,-0.02226305939257145,-0.07178769260644913,0.1297813057899475
284,0.003305085003376007,-0.08777298033237457,0.11169301718473434
285,0.029685482382774353,-0.10061322152614594,0.09984061121940613
286,0.05687467008829117,-0.11030995845794678,0.09422005712985992
287,0.08487023413181305,-0.1168619766831398,0.09483187645673752
288,0.11366882920265198,-0.1202649399638176,0.10168061405420303
289,0.14326170086860657,-0.12050880491733551,0.11477402597665787
290,0.17361053824424744,-0.1175679937005043,0.13411810994148254
291,-0.061615072190761566,-0.021947842091321945,0.21332485973834991
292,-0.03751729056239128,-0.04505181312561035,0.17963102459907532
293,-0.012573150917887688,-0.06500548124313354,0.15218918025493622
294,0.013192689046263695,-0.0818118155002594,0.13099217414855957
295,0.03977103903889656,-0.09547504782676697,0.11602996289730072
296,0.0671578124165535,-0.10599642992019653,0.1072990745306015
297,0.09535007178783417,-0.11337465047836304,0.10480010509490967
298,0.12434399873018265,-0.11760520935058594,0.10853708535432816
299,0.15413181483745575,-0.11867831647396088,0.11851682513952255
300,0.18467403948307037,-0.11656895279884338,0.13474422693252563
301,-0.026445932686328888,-0.009826991707086563,-0.12260636687278748
302,0.005880929529666901,-0.02904060110449791,-0.12811750173568726
303,0.0390455536544323,-0.045093633234500885,-0.12737630307674408
304,0.07303204387426376,-0.057986631989479065,-0.12038490921258926
305,0.10782933235168457,-0.06772291660308838,-0.10714325308799744
306,0.14343008399009705,-0.0743035227060318,-0.08765169978141785
307,0.17982836067676544,-0.07772637158632278,-0.061910636723041534
308,0.21701742708683014,-0.07798539847135544,-0.029920261353254318
309,0.25498491525650024,-0.07506920397281647,0.008318630047142506
310,0.2937059998512268,-0.06896431744098663,0.05280302092432976
311,-0.04742003232240677,-0.02741999924182892,-0.07787267863750458
312,-0.014866737648844719,-0.047471679747104645,-0.08649101108312607
313,0.018525904044508934,-0.06436154991388321,-0.0888604074716568
314,0.052739664912223816,-0.07809118926525116,-0.084979347884655
315,0.0877644345164299,-0.08866377919912338,-0.07484867423772812
316,0.12359385937452316,-0.09608050435781479,-0.05846931040287018
317,0.1602228581905365,-0.10033942013978958,-0.03584125638008118
318,0.1976451575756073,-0.10143471509218216,-0.006963526830077171
319,0.23584921658039093,-0.09935541450977325,0.028164850547909737
320,0.27481213212013245,-0.0940861850976944,0.06954029202461243
321,-0.06485271453857422,-0.04131632298231125,-0.03505455330014229
322,-0.0320795476436615,-0.06220129877328873,-0.04678245633840561
323,0.0015354026108980179,-0.07992774248123169,-0.05226277559995651
324,0.035972997546195984,-0.09449441730976105,-0.05149247497320175
325,0.07122282683849335,-0.105903260409832,-0.04447285458445549
326,0.10727863013744354,-0.11415507644414902,-0.031205207109451294
327,0.14413532614707947,-0.11924794316291809,-0.011689398437738419
328,0.18178623914718628,-0.12117615342140198,0.014076178893446922
329,0.2202194482088089,-0.11992982029914856,0.046092815697193146
330,0.25941312313079834,-0.1154964491724968,0.08435584604740143
331,-0.0787414014339447,-0.051524579524993896,0.005841787904500961
332,-0.045750975608825684,-0.07324011623859406,-0.008997872471809387
333,-0.011917565949261189,-0.09180061519145966,-0.017589334398508072
334,0.02274010330438614,-0.10720236599445343,-0.019929921254515648
335,0.05821138992905617,-0.11944587528705597,-0.01602146402001381
336,0.0944899171590805,-0.1285315304994583,-0.005865573883056641
337,0.13157033920288086,-0.13445723056793213,0.010537972673773766
338,0.1694454401731491,-0.13721752166748047,0.03319117799401283
339,0.20810306072235107,-0.13680383563041687,0.06209568306803703
340,0.24752190709114075,-0.1332065463066101,0.09724699705839157
341,-0.08908326178789139,-0.058054119348526,0.04481371492147446
342,-0.05587847903370857,-0.08059795200824738,0.02686186134815216
343,-0.021829992532730103,-0.09998934715986252,0.015159498900175095
344,0.013043836690485477,-0.11622326821088791,0.009708205237984657
345,0.0487324558198452,-0.12929926812648773,0.010505445301532745
346,0.08522938936948776,-0.139217346906662,0.0175493024289608
347,0.1225290596485138,-0.1459752321243286,0.030840061604976654
348,0.16062408685684204,-0.1495678424835205,0.05038009211421013
349,0.19950208067893982,-0.14998751878738403,0.07617154717445374
350,0.23914168775081635,-0.14722631871700287,0.10821057856082916
351,-0.09587655961513519,-0.06091137230396271,0.08186066150665283
352,-0.06246068701148033,-0.08428138494491577,0.06079750508069992
353,-0.028200656175613403,-0.10450068861246109,0.04598505049943924
354,0.0068854158744215965,-0.12156379222869873,0.0374235175549984
355,0.042787063866853714,-0.1354699581861496,0.035109587013721466
356,0.07949783653020859,-0.1462189108133316,0.03904108330607414
357,0.117012158036232,-0.15380847454071045,0.04921834543347359
358,0.1553226113319397,-0.15823368728160858,0.06564407795667648
359,0.19441673159599304,-0.15948723256587982,0.0883210152387619
360,0.23427295684814453,-0.1575617641210556,0.11724622547626495
361,-0.09912007302045822,-0.060099754482507706,0.11698295921087265
362,-0.0654965341091156,-0.0842939168214798,0.09281014651060104
363,-0.03102846071124077,-0.10533822327852249,0.07488872855901718
364,0.004265971481800079,-0.12322767078876495,0.06321751326322556
365,0.04037635400891304,-0.13796167075634003,0.0577925480902195
366,0.07729640603065491,-0.1495400369167328,0.058611419051885605
367,0.11502072960138321,-0.15796063840389252,0.0656745582818985
368,0.15354202687740326,-0.16321852803230286,0.07898495346307755
369,0.19284799695014954,-0.16530629992485046,0.0985458567738533
370,0.23291681706905365,-0.1642160564661026,0.12435545772314072
371,-0.09881274402141571,-0.055619820952415466,0.15018165111541748
372,-0.06498486548662186,-0.08063603937625885,0.12290094047784805
373,-0.030312085524201393,-0.10250262916088104,0.10187140107154846
374,0.0051869601011276245,-0.12121576070785522,0.0870908573269844
375,0.04150205850601196,-0.13677555322647095,0.07855486124753952
376,0.07862704992294312,-0.14918190240859985,0.07626095414161682
377,0.1165568009018898,-0.15843269228935242,0.0802096351981163
378,0.1552845537662506,-0.16452310979366302,0.09040405601263046
379,0.19479821622371674,-0.16744530200958252,0.10684794932603836
380,0.23507554829120636,-0.16718970239162445,0.1295405924320221
381,-0.09495298564434052,-0.04747019335627556,0.18145756423473358
382,-0.06092412769794464,-0.07330600917339325,0.15107044577598572
383,-0.026050342246890068,-0.09599267691373825,0.12693287432193756
384,0.009649796411395073,-0.11552773416042328,0.10904257744550705
385,0.04616611450910568,-0.13191182911396027,0.09739523380994797
386,0.08349239081144333,-0.14514485001564026,0.09198842197656631
387,0.12162347882986069,-0.15522465109825134,0.09282281249761581
388,0.1605530083179474,-0.16214659810066223,0.0999014675617218
389,0.20026938617229462,-0.16590240597724915,0.1132282093167305
390,0.240750253200531,-0.16648070514202118,0.13280336558818817
391,-0.08753569424152374,-0.035652995109558105,0.21080651879310608
392,-0.053313396871089935,-0.062302809208631516,0.17731712758541107
393,-0.01824427768588066,-0.08580802381038666,0.15007086098194122
394,0.01765351928770542,-0.10616467148065567,0.12906935811042786
395,0.05436871945858002,-0.12337272614240646,0.1143096387386322
396,0.09189401566982269,-0.1374315321445465,0.1057898998260498
397,0.13022343814373016,-0.14833873510360718,0.10351093858480453
398,0.1693500131368637,-0.15608952939510345,0.1074754074215889
399,0.2092616707086563,-0.16067571938037872,0.11768612265586853
400,0.24993526935577393,-0.16208665072917938,0.13414278626441956
401,-0.03423474356532097,-0.060772404074668884,-0.12972357869148254
402,0.008212849497795105,-0.08351331949234009,-0.13500836491584778
403,0.05150012671947479,-0.10310491919517517,-0.13404236733913422
404,0.0956137478351593,-0.11953878402709961,-0.1268228441476822
405,0.1405417025089264,-0.13281184434890747,-0.11334915459156036
406,0.18627426028251648,-0.14292186498641968,-0.09362171590328217
407,0.23280292749404907,-0.14986610412597656,-0.06764156371355057
408,0.28011927008628845,-0.15364086627960205,-0.035410527139902115
409,0.3282132148742676,-0.15424217283725739,0.0030679497867822647
410,0.37707749009132385,-0.15167228877544403,0.047787439078092575
411,-0.05710440129041672,-0.07497991621494293,-0.08424580097198486
412,-0.014431841671466827,-0.09855829924345016,-0.0926392525434494
413,0.029081176966428757,-0.11898601055145264,-0.0947846919298172
414,0.073419950902462,-0.1362553834915161,-0.09067730605602264
415,0.11857306957244873,-0.1503637731075287,-0.08031647652387619
416,0.16453169286251068,-0.1613093763589859,-0.0637027695775032
417,0.21128828823566437,-0.16908960044384003,-0.040836840867996216
418,0.2588350772857666,-0.1737007200717926,-0.011719521135091782
419,0.30716297030448914,-0.17513853311538696,0.023647010326385498
420,0.35626521706581116,-0.17340368032455444,0.06525643914937973
421,-0.07643616944551468,-0.08550146967172623,-0.040682267397642136
422,-0.03354283422231674,-0.10991387069225311,-0.05218670889735222
423,0.010192746296525002,-0.13117735087871552,-0.057444192469120026
424,0.054755374789237976,-0.14928312599658966,-0.05644941329956055
425,0.10013338923454285,-0.16422760486602783,-0.04920169711112976
426,0.14631812274456024,-0.1760087013244629,-0.035701677203178406
427,0.19330210983753204,-0.1846238374710083,-0.015949785709381104
428,0.24107752740383148,-0.19006936252117157,0.010053710080683231
429,0.2896355390548706,-0.19234204292297363,0.04230697453022003
430,0.3389680087566376,-0.19144296646118164,0.08080343902111053
431,-0.09222374111413956,-0.09233599901199341,0.0009617060422897339
432,-0.04911237210035324,-0.1175798773765564,-0.013655614107847214
433,-0.0051576439291238785,-0.1396772861480713,-0.022025762125849724
434,0.0396256186068058,-0.1586180329322815,-0.02414391189813614
435,0.08522569388151169,-0.17439748346805573,-0.02000964805483818
436,0.1316336840391159,-0.1870131641626358,-0.009623684920370579
437,0.17884190380573273,-0.19646233320236206,0.007013753522187471
438,0.22684216499328613,-0.2027415782213211,0.029902739450335503
439,0.27562522888183594,-0.2058483362197876,0.05904187262058258
440,0.3251824378967285,-0.20578527450561523,0.09442489594221115
441,-0.10446282476186752,-0.09548746794462204,0.04068238288164139
442,-0.061136309057474136,-0.12156075984239578,0.02295159362256527
443,-0.01696603000164032,-0.1444893628358841,0.01146872341632843
444,0.028033871203660965,-0.16426247358322144,0.0062376223504543304
445,0.07385174185037613,-0.18087486922740936,0.007258200086653233
446,0.12047863751649857,-0.19432371854782104,0.01452966034412384
447,0.16790668666362762,-0.20460623502731323,0.028051935136318207
448,0.21612732112407684,-0.21171902120113373,0.04782552272081375
449,0.2651310861110687,-0.21566009521484375,0.07384958118200302
450,0.3149086833000183,-0.21643289923667908,0.10611853003501892
451,-0.11315048485994339,-0.09496026486158371,0.0784776583313942
452,-0.06961226463317871,-0.12186101824045181,0.0576339028775692
453,-0.02523023635149002,-0.1456180363893509,0.043038807809352875
454,0.019981976598501205,-0.16622062027454376,0.034695010632276535
455,0.06601297110319138,-0.1836635321378708,0.032601870596408844
456,0.11285387724637985,-0.19794400036334991,0.03675846755504608
457,0.1604968160390854,-0.20905907452106476,0.0471649169921875
458,0.20893312990665436,-0.21700534224510193,0.06382212787866592
459,0.2581530213356018,-0.22178086638450623,0.0867299884557724
460,0.3081468343734741,-0.22338886559009552,0.11588379740715027
461,-0.11828503757715225,-0.09075771272182465,0.11434628814458847
462,-0.07453873753547668,-0.11848407983779907,0.09039080142974854
463,-0.02994879148900509,-0.14306670427322388,0.07268436998128891
464,0.015471439808607101,-0.16449591517448425,0.06122835353016853
465,0.0617109052836895,-0.18276706337928772,0.05602160468697548
466,0.10876091569662094,-0.197877436876297,0.05706315115094185
467,0.15661373734474182,-0.20982417464256287,0.06435331702232361
468,0.20526093244552612,-0.21860374510288239,0.07789336889982224
469,0.25469255447387695,-0.22421365976333618,0.09768389910459518
470,0.30489856004714966,-0.22665613889694214,0.12372132390737534
471,-0.11986587196588516,-0.08288229256868362,0.1482873260974884
472,-0.0759148821234703,-0.11143209040164948,0.12122178077697754
473,-0.031120652332901955,-0.13683770596981049,0.10040491819381714
474,0.014503704383969307,-0.1590910404920578,0.08583710342645645
475,0.060947444289922714,-0.17818832397460938,0.07751692086458206
476,0.10820217430591583,-0.19412708282470703,0.07544346898794174
477,0.15626037120819092,-0.20690451562404633,0.07961724698543549
478,0.20511381328105927,-0.2165168970823288,0.09003981202840805
479,0.2547526955604553,-0.22296099364757538,0.10671231150627136
480,0.30516690015792847,-0.22623732686042786,0.12963230907917023
481,-0.11789306998252869,-0.07133641839027405,0.18029935657978058
482,-0.07374096661806107,-0.10070682317018509,0.1501259207725525
483,-0.028745997697114944,-0.12693341076374054,0.12619933485984802
484,0.017079448327422142,-0.15000933408737183,0.10851973295211792
485,0.06372469663619995,-0.169931560754776,0.09708613902330399
486,0.11118125915527344,-0.18669763207435608,0.09189795702695847
487,0.15944145619869232,-0.20030465722084045,0.0929558128118515
488,0.20849712193012238,-0.2107488065958023,0.10026136040687561
489,0.25833821296691895,-0.21802592277526855,0.11381583660840988
490,0.3089556396007538,-0.22213564813137054,0.13361777365207672
491,-0.11236907541751862,-0.056125491857528687,0.21038028597831726
492,-0.06802089512348175,-0.08631207048892975,0.17710253596305847
493,-0.022828251123428345,-0.11335846036672592,0.15006613731384277
494,0.023197084665298462,-0.13725732266902924,0.12927395105361938
495,0.07004369050264359,-0.15800485014915466,0.11472651362419128
496,0.11770208925008774,-0.17559808492660522,0.10642394423484802
497,0.16616368293762207,-0.19003379344940186,0.10436706990003586
498,0.21541941165924072,-0.20130792260169983,0.10855726152658463
499,0.26545852422714233,-0.20941640436649323,0.11899501830339432
500,0.3162717819213867,-0.21435892581939697,0.13567864894866943
501,-0.04092630371451378,-0.11848001182079315,-0.13466793298721313
502,0.011641111224889755,-0.14474403858184814,-0.13972443342208862
503,0.06504729390144348,-0.1678657829761505,-0.13853129744529724
504,0.1192823201417923,-0.1878330409526825,-0.13108409941196442
505,0.1743343472480774,-0.2046385109424591,-0.11738152801990509
506,0.23019251227378845,-0.21827742457389832,-0.0974239706993103
507,0.28684696555137634,-0.228746697306633,-0.0712127834558487
508,0.3442891240119934,-0.23604488372802734,-0.03875051438808441
509,0.40251269936561584,-0.24017377197742462,-4.139728844165802e-05
510,0.46152058243751526,-0.2411435842514038,0.04490847885608673
511,-0.0656876415014267,-0.1292983591556549,-0.0884505957365036
512,-0.012897256761789322,-0.1563982367515564,-0.09661751985549927
513,0.040732089430093765,-0.18035489320755005,-0.09853660315275192
514,0.095189668238163,-0.20115652680397034,-0.09420254826545715
515,0.1504642516374588,-0.21879637241363525,-0.08361393213272095
516,0.20654572546482086,-0.23327010869979858,-0.06677103042602539
517,0.2634251117706299,-0.24457481503486633,-0.04367484897375107
518,0.3210945427417755,-0.25270897150039673,-0.014327175915241241
519,0.37954843044281006,-0.25767385959625244,0.02126871421933174
520,0.438789427280426,-0.2594788372516632,0.06310705840587616
521,-0.08691267669200897,-0.13643813133239746,-0.04414843022823334
522,-0.03390156477689743,-0.16437189280986786,-0.05542769283056259
523,0.01994962804019451,-0.1891634464263916,-0.06045970320701599
524,0.07462996244430542,-0.21080058813095093,-0.05923926830291748
525,0.13012820482254028,-0.22927585244178772,-0.05176488310098648
526,0.18643437325954437,-0.2445848286151886,-0.038036733865737915
527,0.24353964626789093,-0.25672468543052673,-0.018055563792586327
528,0.3014362156391144,-0.2656937539577484,0.008177312090992928
529,0.3601188361644745,-0.2714941203594208,0.04065905883908272
530,0.4195880591869354,-0.27413466572761536,0.0793839544057846
531,-0.10459401458501816,-0.13989318907260895,-0.00176543602719903
532,-0.05136454105377197,-0.16865894198417664,-0.01615849882364273
533,0.002705805003643036,-0.19428414106369019,-0.024304166436195374
534,0.05760649964213371,-0.2167556881904602,-0.0261977668851614
535,0.1133263036608696,-0.23606564104557037,-0.021838020533323288
536,0.16985514760017395,-0.25220930576324463,-0.011225082911550999
537,0.22718405723571777,-0.265183687210083,0.005640523508191109
538,0.2853049337863922,-0.27498725056648254,0.028757868334650993
539,0.34421196579933167,-0.2816222906112671,0.05812458321452141
540,0.4039049744606018,-0.2850985825061798,0.0937352180480957
541,-0.1187267005443573,-0.13966351747512817,0.03869462385773659
542,-0.06528168171644211,-0.16925951838493347,0.0211871899664402
543,-0.010995535179972649,-0.19571609795093536,0.009927689097821712
544,0.04412185400724411,-0.21901991963386536,0.004919889383018017
545,0.10005942732095718,-0.23916290700435638,0.006164679303765297
546,0.1568070501089096,-0.2561400234699249,0.013661904260516167
547,0.21435555815696716,-0.2699481248855591,0.027411267161369324
548,0.2726966440677643,-0.2805858254432678,0.047412239015102386
549,0.3318239450454712,-0.2880554795265198,0.07366298884153366
550,0.39173656702041626,-0.2923670709133148,0.10615871846675873
551,-0.12930738925933838,-0.1357513964176178,0.07722893357276917
552,-0.07565008103847504,-0.16617608070373535,0.0566074475646019
553,-0.021151842549443245,-0.1934615522623062,0.04223441332578659
554,0.034178026020526886,-0.21759511530399323,0.03411253169178963
555,0.09032884985208511,-0.23856894671916962,0.032242268323898315
556,0.14729055762290955,-0.2563779354095459,0.03662343695759773
557,0.20505401492118835,-0.27101895213127136,0.04725596308708191
558,0.26361072063446045,-0.28249046206474304,0.06413979083299637
559,0.322953999042511,-0.29079458117485046,0.08727369457483292
560,0.3830823600292206,-0.295940637588501,0.11665363609790802
561,-0.13633416593074799,-0.12816019356250763,0.11383534967899323
562,-0.08246800303459167,-0.15941181778907776,0.09010079503059387
563,-0.027761436998844147,-0.187523752450943,0.072614885866642
564,0.02777678146958351,-0.21248455345630646,0.06137929856777191
565,0.08413631469011307,-0.23428691923618317,0.05639409273862839
566,0.14130738377571106,-0.252926230430603,0.0576590895652771
567,0.19928105175495148,-0.2683992385864258,0.06517444550991058
568,0.25804880261421204,-0.28070417046546936,0.07894053310155869
569,0.3176037669181824,-0.28984230756759644,0.09895680844783783
570,0.37794411182403564,-0.2958220839500427,0.12522004544734955
571,-0.13980655372142792,-0.11689379811286926,0.1485121250152588
572,-0.08573485165834427,-0.14897039532661438,0.12166588008403778
573,-0.030823422595858574,-0.17790645360946655,0.10106800496578217
574,0.024919461458921432,-0.20369233191013336,0.08671914786100388
575,0.08148394525051117,-0.2263214886188507,0.07861922681331635
576,0.13886049389839172,-0.24578970670700073,0.07676820456981659
577,0.19704021513462067,-0.262093722820282,0.08116646856069565
578,0.25601470470428467,-0.275231271982193,0.09181465208530426
579,0.3157772421836853,-0.28520312905311584,0.10871277749538422
580,0.3763258159160614,-0.2920159697532654,0.13185861706733704
581,-0.1397261768579483,-0.10195723921060562,0.18125766515731812
582,-0.08545202016830444,-0.1348562389612198,0.15130175650119781
583,-0.030338618904352188,-0.16461487114429474,0.12759272754192352
584,0.025606639683246613,-0.19122454524040222,0.11013083159923553
585,0.08237406611442566,-0.21467968821525574,0.09891638159751892
586,0.13995400071144104,-0.2349759042263031,0.09394972026348114
587,0.1983373463153839,-0.25210997462272644,0.09523147344589233
588,0.2575155198574066,-0.2660794258117676,0.10276229679584503
589,0.3174813985824585,-0.27688390016555786,0.11654239892959595
590,0.37823420763015747,-0.284529447555542,0.13657033443450928
591,-0.1360989809036255,-0.08335708826780319,0.2120721936225891
592,-0.08162538707256317,-0.11707569658756256,0.17900905013084412
593,-0.026311207562685013,-0.14765623211860657,0.15218888223171234
594,0.02983684465289116,-0.1750905066728592,0.13161344826221466
595,0.08680840581655502,-0.19937226176261902,0.11728435009717941
596,0.1445930302143097,-0.22049692273139954,0.10920252650976181
597,0.20318080484867096,-0.23846067488193512,0.10736881196498871
598,0.26256221532821655,-0.2532609701156616,0.11178376525640488
599,0.32272952795028687,-0.2648971676826477,0.12244712561368942
600,0.38368189334869385,-0.27337518334388733,0.13935735821723938
601,-0.04651566222310066,-0.18293336033821106,-0.13744866847991943
602,0.01617071032524109,-0.21271979808807373,-0.14227713644504547
603,0.0796932578086853,-0.23936739563941956,-0.14085611701011658
604,0.14404504001140594,-0.2628631293773651,-0.13318146765232086
605,0.2092154324054718,-0.2831975817680359,-0.11925183981657028
606,0.2751935124397278,-0.3003643751144409,-0.09906753152608871
607,0.34196925163269043,-0.31436029076576233,-0.0726298838853836
608,0.40953490138053894,-0.3251858949661255,-0.039941348135471344
609,0.4778875410556793,-0.33284640312194824,-0.001005677506327629
610,0.5470343828201294,-0.33735522627830505,0.04417267069220543
611,-0.07316699624061584,-0.1903626024723053,-0.09049472212791443
612,-0.010259609669446945,-0.2209831029176712,-0.09843523800373077
613,0.05348377674818039,-0.24846427142620087,-0.10012732446193695
614,0.11805586516857147,-0.2727932929992676,-0.09556663036346436
615,0.18344660103321075,-0.29396116733551025,-0.08475164324045181
616,0.24964573979377747,-0.3119620680809021,-0.06768251210451126
617,0.31664392352104187,-0.32679304480552673,-0.04436029493808746
618,0.38443389534950256,-0.33845412731170654,-0.01478692889213562
619,0.45301318168640137,-0.3469504714012146,0.021034514531493187
620,0.5223886966705322,-0.35229480266571045,0.0630999207496643
621,-0.09628184139728546,-0.1941176801919937,-0.045457884669303894
622,-0.033154379576444626,-0.22557146847248077,-0.056511856615543365
623,0.030809691175818443,-0.2538866400718689,-0.06131764128804207
624,0.0956030935049057,-0.27905014157295227,-0.05987122654914856
625,0.1612158715724945,-0.30105265974998474,-0.052171096205711365
626,0.22763782739639282,-0.3198883533477783,-0.03821728378534317
627,0.2948598861694336,-0.33555421233177185,-0.018010592088103294
628,0.36287495493888855,-0.34805038571357727,0.008447409607470036
629,0.4316803812980652,-0.3573821187019348,0.04115408658981323
630,0.5012816190719604,-0.3635619878768921,0.08010542392730713
631,-0.11585359275341034,-0.19419044256210327,-0.002340923994779587
632,-0.05250789225101471,-0.2264762669801712,-0.016509387642145157
633,0.011674944311380386,-0.25562459230422974,-0.024429507553577423
634,0.07668793201446533,-0.28162187337875366,-0.026097765192389488
635,0.14252132177352905,-0.3044586479663849,-0.02151287905871868
636,0.2091648280620575,-0.3241287171840668,-0.010674811899662018
637,0.2766091823577881,-0.34062904119491577,0.006415845826268196
638,0.3448472321033478,-0.35395991802215576,0.029757875949144363
639,0.4138757884502411,-0.3641265630722046,0.059349048882722855
640,0.4836994707584381,-0.37114182114601135,0.09518560767173767
641,-0.13187739253044128,-0.1905781626701355,0.038852863013744354
642,-0.06831597536802292,-0.22369474172592163,0.021569479256868362
643,-0.003917347639799118,-0.2536744475364685,0.010534831322729588
644,0.06131218001246452,-0.28050389885902405,0.005751658231019974
645,0.1273629069328308,-0.30417346954345703,0.007220993749797344
646,0.19422467052936554,-0.3246769607067108,0.014942874200642109
647,0.2618880867958069,-0.34201115369796753,0.028916917741298676
648,0.3303455412387848,-0.3561761677265167,0.04914229363203049
649,0.3995935618877411,-0.3671773672103882,0.07561720907688141
650,0.4696361720561981,-0.37502747774124146,0.1083383858203888
651,-0.14434993267059326,-0.1832815408706665,0.0781206339597702
652,-0.08057577162981033,-0.21722760796546936,0.057722534984350204
653,-0.015964705497026443,-0.24803678691387177,0.04357350617647171
654,0.04947756603360176,-0.2756962776184082,0.035675469785928726
655,0.11574167758226395,-0.3001968562602997,0.03402912616729736
656,0.18281754851341248,-0.321532279253006,0.0386345237493515
657,0.2506957948207855,-0.33969950675964355,0.049491506069898605
658,0.31936872005462646,-0.3546983599662781,0.06659961491823196
659,0.3888324201107025,-0.36653363704681396,0.089957594871521
660,0.4590904116630554,-0.3752177059650421,0.11956274509429932
661,-0.15326930582523346,-0.172303706407547,0.11546009033918381
662,-0.08928550779819489,-0.2070780247449875,0.09194795042276382
663,-0.02446538582444191,-0.2387145757675171,0.07468501478433609
664,0.04118583723902702,-0.26720190048217773,0.06367239356040955
665,0.10765931755304337,-0.2925315499305725,0.05891045182943344
666,0.1749451756477356,-0.31469762325286865,0.06039929389953613
667,0.24303410947322845,-0.3336969017982483,0.06813899427652359
668,0.3119184970855713,-0.349528968334198,0.08212943375110626
669,0.3815940320491791,-0.36219796538352966,0.10236994922161102
670,0.4520638883113861,-0.37171491980552673,0.12885840237140656
671,-0.1586351841688156,-0.1576497107744217,0.15086938440799713
672,-0.09444469213485718,-0.19325043261051178,0.12424429506063461
673,-0.0294185783714056,-0.22571256756782532,0.10386817157268524
674,0.03643852472305298,-0.25502607226371765,0.08974134176969528
675,0.10311812907457352,-0.28118330240249634,0.08186403661966324
676,0.17061066627502441,-0.30417880415916443,0.08023650199174881
677,0.2389068901538849,-0.3240092098712921,0.08485901355743408
678,0.30799901485443115,-0.3406738042831421,0.09573176503181458
679,0.3778828978538513,-0.354175865650177,0.1128544732928276
680,0.4485613703727722,-0.3645251989364624,0.13622574508190155
681,-0.16044989228248596,-0.1393256038427353,0.18434756994247437
682,-0.09605507552623749,-0.17575101554393768,0.1546110063791275
683,-0.03082513064146042,-0.20903746783733368,0.1311223804950714
684,0.03523622080683708,-0.2391764223575592,0.11388161778450012
685,0.10212063789367676,-0.26616060733795166,0.10288917273283005
686,0.16981841623783112,-0.28998488187789917,0.09814563393592834
687,0.23832018673419952,-0.31064578890800476,0.09965148568153381
688,0.3076178729534149,-0.32814210653305054,0.10740702599287033
689,0.37770700454711914,-0.3424765467643738,0.12141211330890656
690,0.4485912024974823,-0.35365790128707886,0.141665980219841
691,-0.15872009098529816,-0.11733846366405487,0.2158960998058319
692,-0.0941224992275238,-0.15458694100379944,0.1830495297908783
693,-0.028688743710517883,-0.1886977255344391,0.15644842386245728
694,0.037577975541353226,-0.21966290473937988,0.13609342277050018
695,0.10466887801885605,-0.24747510254383087,0.12198584526777267
696,0.1725737750530243,-0.2721286416053772,0.11412674933671951
697,0.2412823736667633,-0.29361987113952637,0.11251676082611084
698,0.31078603863716125,-0.31194746494293213,0.11715620756149292
699,0.381079763174057,-0.32711365818977356,0.1280447095632553
700,0.4521670639514923,-0.3391268253326416,0.14518152177333832
701,-0.051002517342567444,-0.2541219890117645,-0.13807247579097748
702,0.021801888942718506,-0.2874320149421692,-0.14267370104789734
703,0.09543924033641815,-0.317604124546051,-0.14102491736412048
704,0.16990497708320618,-0.34462594985961914,-0.13312315940856934
705,0.24519014358520508,-0.36848729848861694,-0.11896742880344391
706,0.32128438353538513,-0.38918107748031616,-0.0985579788684845
707,0.3981781601905823,-0.4067041873931885,-0.07189596444368362
708,0.475864976644516,-0.42105841636657715,-0.0389833077788353
709,0.5543438792228699,-0.4322509765625,0.00017731264233589172
710,0.633623480796814,-0.4402955174446106,0.045583199709653854
711,-0.0795431137084961,-0.2581639885902405,-0.09038390219211578
712,-0.006519373506307602,-0.29230639338493347,-0.09809857606887817
713,0.06733692437410355,-0.3233107626438141,-0.0995638370513916
714,0.1420213133096695,-0.35116487741470337,-0.0947766900062561
715,0.2175251841545105,-0.3758588433265686,-0.08373608440160751
716,0.293838769197464,-0.39738625288009644,-0.06644213199615479
717,0.37095314264297485,-0.4157441258430481,-0.042895764112472534
718,0.4488619565963745,-0.43093374371528625,-0.01309861708432436
719,0.5275644063949585,-0.44296202063560486,0.02294705994427204
720,0.6070688962936401,-0.4518424868583679,0.065238818526268
721,-0.10454603284597397,-0.25853410363197327,-0.044614508748054504
722,-0.03130316734313965,-0.29350894689559937,-0.05544353649020195
723,0.0427725724875927,-0.3253464102745056,-0.06002317741513252
724,0.11767683923244476,-0.3540339767932892,-0.05835086852312088
725,0.19340108335018158,-0.3795618712902069,-0.050425540655851364
726,0.2699357867240906,-0.4019235074520111,-0.03624722734093666
727,0.34727200865745544,-0.421115905046463,-0.01581665500998497
728,0.42540356516838074,-0.4371405839920044,0.010864818468689919
729,0.5043295621871948,-0.4500041604042053,0.04379523918032646
730,0.5840575695037842,-0.459720253944397,0.08297230303287506
731,-0.1260060966014862,-0.25522375106811523,-0.000766171608120203
732,-0.05254547297954559,-0.29103031754493713,-0.01471014879643917
733,0.021748321130871773,-0.32370027899742126,-0.0224046278744936
734,0.09687119722366333,-0.35322105884552,-0.023847460746765137
735,0.17281490564346313,-0.37958255410194397,-0.019037723541259766
736,0.24956974387168884,-0.4027782380580902,-0.007975379936397076
737,0.32712674140930176,-0.42280492186546326,0.009338988922536373
738,0.4054795801639557,-0.4396640360355377,0.03290431201457977
739,0.48462700843811035,-0.4533625841140747,0.06271891295909882
740,0.5645760297775269,-0.4639139771461487,0.09878070652484894
741,-0.143919438123703,-0.24822849035263062,0.04115848243236542
742,-0.07024320214986801,-0.28486597537994385,0.024099281057715416
743,0.004266237374395132,-0.3183673620223999,0.013289781287312508
744,0.07960531115531921,-0.348719984292984,0.008731614798307419
745,0.1557658463716507,-0.3759141266345978,0.010425510816276073
746,0.2327382117509842,-0.39994290471076965,0.018371526151895523
747,0.31051334738731384,-0.42080333828926086,0.03256925940513611
748,0.38908469676971436,-0.43849658966064453,0.05301792174577713
749,0.4684506356716156,-0.4530293643474579,0.07971618324518204
750,0.548617959022522,-0.46441543102264404,0.11266226321458817
751,-0.1582830846309662,-0.23754793405532837,0.08115697652101517
752,-0.08439380675554276,-0.2750155031681061,0.06098264083266258
753,-0.009671559557318687,-0.3093467652797699,0.04705817997455597
754,0.06588052213191986,-0.3405297100543976,0.03938465565443039
755,0.14225457608699799,-0.3685549199581146,0.03796258568763733
756,0.21944104135036469,-0.39341577887535095,0.04279205575585365
757,0.2974309027194977,-0.4151090681552887,0.05387282371520996
758,0.37621745467185974,-0.4336358904838562,0.07120442390441895
759,0.45579880475997925,-0.4490024745464325,0.09478588402271271
760,0.5361810922622681,-0.4612220525741577,0.12461582571268082
761,-0.16909527778625488,-0.22318483889102936,0.11922721564769745
762,-0.09499551355838776,-0.26148170232772827,0.09593816101551056
763,-0.020063402131199837,-0.2966412305831909,0.07889901846647263
764,0.055698495358228683,-0.32865288853645325,0.06811030209064484
765,0.13228267431259155,-0.35750770568847656,0.06357230991125107
766,0.20967988669872284,-0.3831993639469147,0.06528518348932266
767,0.287881076335907,-0.40572479367256165,0.07324887812137604
768,0.36687952280044556,-0.42508453130722046,0.08746317028999329
769,0.44667309522628784,-0.4412844181060791,0.10792751610279083
770,0.5272673964500427,-0.4543362557888031,0.1346409171819687
771,-0.17635568976402283,-0.20514479279518127,0.15536771714687347
772,-0.10204795002937317,-0.24426954984664917,0.1289646178483963
773,-0.026908379048109055,-0.2802562713623047,0.10881128907203674
774,0.04906082525849342,-0.31309518218040466,0.09490765631198883
775,0.1258525848388672,-0.3427784740924835,0.08725392818450928
776,0.20345786213874817,-0.3693000376224518,0.08585035800933838
777,0.2818676829338074,-0.39265671372413635,0.09069708734750748
778,0.36107516288757324,-0.4128488302230835,0.10179410874843597
779,0.4410780966281891,-0.4298812747001648,0.11914116889238358
780,0.5218816995620728,-0.4437648057937622,0.1427377462387085
781,-0.18006634712219238,-0.18343456089496613,0.18957805633544922
782,-0.10555234551429749,-0.22338619828224182,0.16006185114383698
783,-0.03020692616701126,-0.26019901037216187,0.1367948353290558
784,0.04596846178174019,-0.2938649654388428,0.11977651715278625
785,0.12296684831380844,-0.3243762254714966,0.10900726914405823
786,0.20077919960021973,-0.3517272472381592,0.10448756814002991
787,0.2793964147567749,-0.37591469287872314,0.10621772706508636
788,0.35881131887435913,-0.3969385325908661,0.11419782042503357
789,0.4390214681625366,-0.4148029386997223,0.12842777371406555
790,0.5200322866439819,-0.42951780557632446,0.1489073932170868
791,-0.1802331954240799,-0.1580609679222107,0.2218601256608963
792,-0.10551360249519348,-0.19883878529071808,0.18923163414001465
793,-0.02996179461479187,-0.2364782989025116,0.16285094618797302
794,0.04642103612422943,-0.27097201347351074,0.14271782338619232
795,0.12362778931856155,-0.3023124933242798,0.12883317470550537
796,0.20164889097213745,-0.3304934501647949,0.12119768559932709
797,0.2804746627807617,-0.3555114269256592,0.11981182545423508
798,0.360097736120224,-0.37736645340919495,0.12467572093009949
799,0.4405149817466736,-0.3960624933242798,0.13578927516937256
800,0.5217317938804626,-0.41160833835601807,0.15315230190753937
801,-0.05438900738954544,-0.33203983306884766,-0.13654457032680511
802,0.02853226661682129,-0.3688752055168152,-0.14091941714286804
803,0.11228369921445847,-0.4025721549987793,-0.13904330134391785
804,0.19686251878738403,-0.4331194758415222,-0.13091468811035156
805,0.28226131200790405,-0.4605071246623993,-0.11653311550617218
806,0.36847054958343506,-0.4847275912761688,-0.09589889645576477
807,0.4554813504219055,-0.5057780146598816,-0.06901292502880096
808,0.5432879328727722,-0.5236607789993286,-0.03587648272514343
809,0.6318902969360352,-0.5383838415145874,0.0035088397562503815
810,0.7212966084480286,-0.5499602556228638,0.049141768366098404
811,-0.08481873571872711,-0.33269691467285156,-0.08812260627746582
812,-0.0016796030104160309,-0.37036335468292236,-0.09561210125684738
813,0.08228939771652222,-0.4048912823200226,-0.0968509167432785
814,0.16708572208881378,-0.4362697899341583,-0.09183761477470398
815,0.2527022063732147,-0.4644894003868103,-0.08057160675525665
816,0.33912986516952515,-0.48954319953918457,-0.06305307149887085
817,0.42636001110076904,-0.5114283561706543,-0.039282798767089844
818,0.5143868923187256,-0.5301468372344971,-0.00926196575164795
819,0.6032105088233948,-0.545706033706665,0.02700795605778694
820,0.6928386092185974,-0.5581185221672058,0.0695258229970932
821,-0.1117088720202446,-0.32968321442604065,-0.041621554642915726
822,-0.028351660817861557,-0.3681809604167938,-0.05222604423761368
823,0.055835507810115814,-0.4035409688949585,-0.056579917669296265
824,0.14085032045841217,-0.43575209379196167,-0.05468199774622917
825,0.2266858071088791,-0.46480485796928406,-0.04653166979551315
826,0.3133329153060913,-0.4906924068927765,-0.032129012048244476
827,0.4007830023765564,-0.513411819934845,-0.011474695056676865
828,0.48903053998947144,-0.5329651236534119,0.015430240891873837
829,0.5780752301216125,-0.5493596196174622,0.04858445003628731
830,0.6679248213768005,-0.5626081824302673,0.08798699826002121
831,-0.13505633175373077,-0.32298997044563293,0.002957419492304325
832,-0.051482103765010834,-0.362318754196167,-0.010762324556708336
833,0.03292224556207657,-0.3985106647014618,-0.01823149248957634
834,0.11815472692251205,-0.4315544664859772,-0.01944911852478981
835,0.2042083889245987,-0.46144020557403564,-0.014414701610803604
836,0.2910742461681366,-0.48816126585006714,-0.0031282100826501846
837,0.3787434995174408,-0.5117146968841553,0.014409818686544895
838,0.4672103822231293,-0.5321023464202881,0.03819844871759415
839,0.5564747452735901,-0.549331545829773,0.0682365819811821
840,0.6465442180633545,-0.5634157657623291,0.10452335327863693
841,-0.15485849976539612,-0.3126118779182434,0.04561224207282066
842,-0.0710689127445221,-0.3527713418006897,0.02877712808549404
843,0.013550736010074615,-0.3897944986820221,0.018192552030086517
844,0.09899891167879105,-0.4236699640750885,0.013859175145626068
845,0.1852688044309616,-0.4543881416320801,0.015777522698044777
846,0.27235135436058044,-0.4819421172142029,0.023947594687342644
847,0.36023780703544617,-0.5063289999961853,0.038369011133909225
848,0.44892221689224243,-0.527550458908081,0.059041041880846024
849,0.5384039878845215,-0.5456138253211975,0.08596273511648178
850,0.6286911964416504,-0.5605325698852539,0.11913345754146576
851,-0.17111308872699738,-0.29854756593704224,0.08634082973003387
852,-0.08711019158363342,-0.3395375609397888,0.06639035791158676
853,-0.002277471125125885,-0.37739095091819763,0.05269032344222069
854,0.0833839699625969,-0.4120970070362091,0.04524117335677147
855,0.16986753046512604,-0.4436464011669159,0.04404331371188164
856,0.25716421008110046,-0.47203242778778076,0.04909681901335716
857,0.34526526927948,-0.49725210666656494,0.06040143221616745
858,0.4341646134853363,-0.5193068981170654,0.07795662432909012
859,0.5238615274429321,-0.538203775882721,0.10176167637109756
860,0.6143635511398315,-0.5539556741714478,0.13181616365909576
861,-0.18381834030151367,-0.2807995676994324,0.125141441822052
862,-0.09960433095693588,-0.3226197361946106,0.1020757183432579
863,-0.014560705050826073,-0.3613024652004242,0.08526032418012619
864,0.0713115707039833,-0.3968380391597748,0.07469546049833298
865,0.15800614655017853,-0.42921751737594604,0.07038141787052155
866,0.24551434814929962,-0.45843470096588135,0.07231834530830383
867,0.333827406167984,-0.48448646068573,0.0805060938000679
868,0.4229392111301422,-0.5073739886283875,0.09494436532258987
869,0.5128487944602966,-0.5271036624908447,0.11563269048929214
870,0.6035629510879517,-0.5436873435974121,0.14257080852985382
871,-0.1929737627506256,-0.2593736946582794,0.16201291978359222
872,-0.10855042934417725,-0.3020234704017639,0.13583225011825562
873,-0.023297853767871857,-0.34153464436531067,0.11590175330638885
874,0.06278328597545624,-0.37789881229400635,0.10222131013870239
875,0.14968697726726532,-0.4111076891422272,0.0947912260890007
876,0.2374046891927719,-0.44115522503852844,0.09361167997121811
877,0.3259276747703552,-0.46803832054138184,0.0986827164888382
878,0.41524988412857056,-0.4917580187320709,0.11000414192676544
879,0.5053699612617493,-0.5123199224472046,0.12757568061351776
880,0.5962942242622375,-0.5297345519065857,0.15139730274677277
881,-0.19858048856258392,-0.23427729308605194,0.196955144405365
882,-0.11394916474819183,-0.2777559161186218,0.16765998303890228
883,-0.028488721698522568,-0.31809523701667786,0.14461468160152435
884,0.05780049040913582,-0.3552877604961395,0.12781888246536255
885,0.14491254091262817,-0.3893258571624756,0.11727295815944672
886,0.2328389585018158,-0.4202035069465637,0.11297719180583954
887,0.3215710520744324,-0.4479174315929413,0.11493177711963654
888,0.41110241413116455,-0.47246867418289185,0.12313658744096756
889,0.5014316439628601,-0.4938620924949646,0.13759148120880127
890,0.5925642848014832,-0.5121071934700012,0.1582966446876526
891,-0.20064276456832886,-0.20551706850528717,0.2299698442220688
892,-0.11580336093902588,-0.2498243898153305,0.19756053388118744
893,-0.030134491622447968,-0.2909925878047943,0.17140057682991028
894,0.05636367201805115,-0.3290145695209503,0.15148958563804626
895,0.1436852216720581,-0.3638826608657837,0.1378280222415924
896,0.23182138800621033,-0.395590603351593,0.13041634857654572
897,0.32076317071914673,-0.42413508892059326,0.1292547583580017
898,0.4105040431022644,-0.4495171010494232,0.13434326648712158
899,0.5010422468185425,-0.4717414379119873,0.14568184316158295
900,0.5923834443092346,-0.490817129611969,0.16327069699764252
901,-0.056679628789424896,-0.416684627532959,-0.1328693926334381
902,0.0363563597202301,-0.4570463299751282,-0.13701847195625305
903,0.13022127747535706,-0.49426841735839844,-0.13491545617580414
904,0.2249143421649933,-0.5283418297767639,-0.1265600025653839
905,0.32042938470840454,-0.5592564344406128,-0.11195215582847595
906,0.4167569577693939,-0.587004542350769,-0.09109233319759369
907,0.513887882232666,-0.6115829944610596,-0.0639813020825386
908,0.6118156909942627,-0.6329945921897888,-0.030620073899626732
909,0.7105401754379272,-0.6512472033500671,0.00899042934179306
910,0.8100677728652954,-0.6663519144058228,0.05484988912940025
911,-0.08899795264005661,-0.41395896673202515,-0.08371520042419434
912,0.004254698753356934,-0.45515039563179016,-0.09097974002361298
913,0.09833625704050064,-0.4932021200656891,-0.09199263155460358
914,0.19324614107608795,-0.5281055569648743,-0.08675342798233032
915,0.28897812962532043,-0.559851348400116,-0.07526177167892456
916,0.3855231702327728,-0.5884325504302979,-0.0575178787112236
917,0.4828721582889557,-0.613845944404602,-0.033522479236125946
918,0.5810187458992004,-0.63609379529953,-0.0032767169177532196
919,0.6799625158309937,-0.6551830768585205,0.03321823850274086
920,0.7797098755836487,-0.6711246967315674,0.07596206665039062
921,-0.11777451634407043,-0.40756258368492126,-0.03648262843489647
922,-0.024305276572704315,-0.44958382844924927,-0.04686257243156433
923,0.06999316811561584,-0.4884665608406067,-0.050991177558898926
924,0.1651201993227005,-0.5242016315460205,-0.048868052661418915
925,0.261069655418396,-0.5567797422409058,-0.04049266129732132
926,0.3578324317932129,-0.5861940383911133,-0.025864996016025543
927,0.45539945363998413,-0.6124416589736938,-0.0049857283011078835
928,0.5537644624710083,-0.635524332523346,0.02214393950998783
929,0.652927041053772,-0.6554490327835083,0.05552283674478531
930,0.7528937458992004,-0.6722272038459778,0.09515057504177094
931,-0.1430087387561798,-0.3974870443344116,0.008827696554362774
932,-0.0493239127099514,-0.44033804535865784,-0.004667670466005802
933,0.04519046097993851,-0.48005184531211853,-0.011912064626812935
934,0.14053398370742798,-0.5166186690330505,-0.012905065901577473
935,0.2367003858089447,-0.5500292181968689,-0.007646042853593826
936,0.3336803615093231,-0.5802767276763916,0.0038651321083307266
937,0.43146488070487976,-0.6073580384254456,0.02162788435816765
938,0.5300476551055908,-0.631274938583374,0.04564107954502106
939,0.6294279098510742,-0.6520344018936157,0.0759035125374794
940,0.7296128273010254,-0.6696485280990601,0.11241478472948074
941,-0.1646997034549713,-0.38372594118118286,0.05221403390169144
942,-0.07080035656690598,-0.4274071156978607,0.03560313582420349
943,0.02392880618572235,-0.46795180439949036,0.025242812931537628
944,0.1194874718785286,-0.5053500533103943,0.021133558824658394
945,0.21586938202381134,-0.5395927429199219,0.0232760701328516
946,0.31306537985801697,-0.5706729888916016,0.03167054429650307
947,0.4110661447048187,-0.5985875129699707,0.04631653428077698
948,0.5098652243614197,-0.6233381628990173,0.0672130137681961
949,0.6094616651535034,-0.6449316740036011,0.09435885399580002
950,0.7098633646965027,-0.66338050365448,0.1277536302804947
951,-0.1828458607196808,-0.36627721786499023,0.09367429465055466
952,-0.0887329950928688,-0.4107891619205475,0.0739477127790451
953,0.0062095969915390015,-0.4521646201610565,0.0604713149368763
954,0.10198184102773666,-0.49039390683174133,0.05324573069810867
955,0.19857759773731232,-0.525468111038208,0.05227164179086685
956,0.29598763585090637,-0.5573804378509521,0.057549312710762024
957,0.39420291781425476,-0.5861276388168335,0.06907842308282852
958,0.49321675300598145,-0.611711323261261,0.0868581160902977
959,0.5930280089378357,-0.6341379880905151,0.11088737845420837
960,0.6936443448066711,-0.6534197926521301,0.1411658376455307
961,-0.19744527339935303,-0.3451433777809143,0.13320668041706085
962,-0.1031201183795929,-0.39048680663108826,0.11036420613527298
963,-0.007965421304106712,-0.4326927363872528,0.09377171099185944
964,0.08801871538162231,-0.4717526137828827,0.08342978358268738
965,0.18482652306556702,-0.5076574683189392,0.07933910191059113
966,0.28244897723197937,-0.5404012203216553,0.08149999380111694
967,0.38087692856788635,-0.5699805617332458,0.08991225063800812
968,0.4801037907600403,-0.5963966846466064,0.10457520186901093
969,0.5801284313201904,-0.6196557283401489,0.1254880279302597
970,0.6809574365615845,-0.6397687792778015,0.152650386095047
971,-0.2084968388080597,-0.32033076882362366,0.17080999910831451
972,-0.11396042257547379,-0.36650562286376953,0.14485159516334534
973,-0.018594924360513687,-0.40954193472862244,0.12514308094978333
974,0.07759986817836761,-0.449431836605072,0.1116848960518837
975,0.17461836338043213,-0.48616719245910645,0.10447774827480316
976,0.27245181798934937,-0.519741952419281,0.10352200269699097
977,0.3710910677909851,-0.5501526594161987,0.10881759971380234
978,0.47052958607673645,-0.5774005651473999,0.12036395817995071
979,0.570766031742096,-0.6014912724494934,0.13816043734550476
980,0.6718065142631531,-0.6224344968795776,0.16220682859420776
981,-0.21600013971328735,-0.2918473482131958,0.2064841091632843
982,-0.12125366926193237,-0.33885347843170166,0.1774100363254547
983,-0.025678224861621857,-0.3827197849750519,0.15458568930625916
984,0.07072652876377106,-0.4234399199485779,0.13801144063472748
985,0.16795524954795837,-0.4610058665275574,0.1276879906654358
986,0.2659991979598999,-0.495411217212677,0.12361586838960648
987,0.36484917998313904,-0.5266528725624084,0.12579503655433655
988,0.46449846029281616,-0.5547317862510681,0.1342250108718872
989,0.5649458169937134,-0.5796535015106201,0.14890527725219727
990,0.6661964058876038,-0.6014264822006226,0.1698356568813324
991,-0.21995684504508972,-0.2597001791000366,0.2402302771806717
992,-0.12500044703483582,-0.3075370788574219,0.20804081857204437
993,-0.029215030372142792,-0.3522346019744873,0.18210096657276154
994,0.06740006804466248,-0.3937860429286957,0.16241097450256348
995,0.16483934223651886,-0.43218308687210083,0.14897160232067108
996,0.26309409737586975,-0.46741920709609985,0.14178337156772614
997,0.3621547222137451,-0.49949100613594055,0.14084629714488983
998,0.4620145261287689,-0.5283998250961304,0.14615999162197113
999,0.5626721382141113,-0.5541514158248901,0.15772396326065063
1000,0.6641327738761902,-0.576754093170166,0.1755383163690567
