1,-0.16260363161563873,-0.15820227563381195,0.3360989987850189
2,-0.15765485167503357,-0.17357736825942993,0.2700275778770447
3,-0.150021031498909,-0.18741534650325775,0.20614677667617798
4,-0.13977348804473877,-0.19977928698062897,0.14441755414009094
5,-0.1269105225801468,-0.21067184209823608,0.08483409136533737
6,-0.11143527925014496,-0.22009706497192383,0.027394883334636688
7,-0.09334675967693329,-0.22805599868297577,-0.02790020778775215
8,-0.07263939082622528,-0.2345488965511322,-0.08105137199163437
9,-0.049310799688100815,-0.23957759141921997,-0.1320609748363495
10,-0.023289300501346588,-0.24318575859069824,-0.1809593290090561
11,-0.13777413964271545,-0.12709710001945496,0.27333909273147583
12,-0.13228978216648102,-0.137244313955307,0.221425399184227
13,-0.124137744307518,-0.14586086571216583,0.17168784141540527
14,-0.11337428539991379,-0.15300625562667847,0.12410147488117218
15,-0.09999819844961166,-0.15868236124515533,0.07866109907627106
16,-0.08401119709014893,-0.16289229691028595,0.03536510467529297
17,-0.06541219353675842,-0.16563722491264343,-0.005786731373518705
18,-0.04419703409075737,-0.16691826283931732,-0.04479461908340454
19,-0.02036353200674057,-0.16673865914344788,-0.08166076242923737
20,0.0061456188559532166,-0.1651337742805481,-0.1164027526974678
21,-0.11252058297395706,-0.09430009126663208,0.21212975680828094
22,-0.10650233179330826,-0.09923374652862549,0.17435882985591888
23,-0.0978344976902008,-0.10264381021261215,0.13875658810138702
24,-0.08655606955289841,-0.1045830100774765,0.1053050234913826
25,-0.07266708463430405,-0.10505446791648865,0.07399959862232208
26,-0.0561685711145401,-0.10406099259853363,0.04483877867460251
27,-0.03705930709838867,-0.10160379111766815,0.01782228611409664
28,-0.015335697680711746,-0.09768449515104294,-0.007050059735774994
29,0.009005788713693619,-0.09230606257915497,-0.029779557138681412
30,0.03600682318210602,-0.08550183475017548,-0.05037681758403778
31,-0.08692038804292679,-0.0598810613155365,0.15243183076381683
32,-0.08036753535270691,-0.0596010647714138,0.1288035809993744
33,-0.07118239998817444,-0.057805076241493225,0.10733610391616821
34,-0.059388890862464905,-0.05453991889953613,0.08801765739917755
35,-0.044987041503190994,-0.04980861395597458,0.07084494829177856
36,-0.027977220714092255,-0.043613798916339874,0.05581686645746231
37,-0.008358167484402657,-0.03595666587352753,0.04293329641222954
38,0.01387317106127739,-0.02683892659842968,0.03219450265169144
39,0.03872041776776314,-0.01626279577612877,0.023600447922945023
40,0.06621067225933075,-0.004262194037437439,0.017146551981568336
41,-0.06097453832626343,-0.023835638538002968,0.09424015134572983
42,-0.05388720706105232,-0.018343333154916763,0.08475487679243088
43,-0.04418466240167618,-0.011342470534145832,0.07742235064506531
44,-0.03187604248523712,-0.002874246798455715,0.07223664224147797
45,-0.016961464658379555,0.0070583694614470005,0.06919591128826141
46,0.0005593150854110718,0.018452944234013557,0.06829962134361267
47,0.020687591284513474,0.031308356672525406,0.06954799592494965
48,0.043425850570201874,0.0456230491399765,0.07294189184904099
49,0.0687778890132904,0.06139577180147171,0.07848282158374786
50,0.09675641357898712,0.07859122008085251,0.08617181330919266
51,-0.03468631953001022,0.013836199417710304,0.03755344823002815
52,-0.027064424008131027,0.02454027161002159,0.04221140593290329
53,-0.01684451848268509,0.036745354533195496,0.04901406541466713
54,-0.004020899534225464,0.05041586980223656,0.0579611174762249
55,0.011406177654862404,0.06554887443780899,0.06905220448970795
56,0.029437553137540817,0.08214215189218521,0.08228740096092224
57,0.05007453262805939,0.10019475221633911,0.09766729176044464
58,0.07331905514001846,0.11970529705286026,0.11519340425729752
59,0.09917517006397247,0.14067372679710388,0.13486886024475098
60,0.12764115631580353,0.1630631983280182,0.15670034289360046
61,-0.008057259023189545,0.05313698947429657,-0.017628373578190804
62,9.917095303535461e-05,0.06905241310596466,0.001172972610220313
63,0.010836349800229073,0.08646134287118912,0.022111045196652412
64,0.024174749851226807,0.10533357411623001,0.04519106075167656
65,0.040114033967256546,0.12566620111465454,0.07041412591934204
66,0.05865564942359924,0.1474572867155075,0.09778085350990295
67,0.07980091869831085,0.17070603370666504,0.12729217112064362
68,0.10355117172002792,0.1954112946987152,0.15895017981529236
69,0.1299106925725937,0.22157415747642517,0.19275961816310883
70,0.1588633954524994,0.2491566389799118,0.22873304784297943
71,0.018909666687250137,0.0940713882446289,-0.07130566239356995
72,0.027600634843111038,0.11519715189933777,-0.03836078569293022
73,0.03885479271411896,0.13780944049358368,-0.003287054831162095
74,0.052707575261592865,0.1618826538324356,0.0339265801012516
75,0.06915872544050217,0.1874139904975891,0.07328236103057861
76,0.08821030706167221,0.21440187096595764,0.11478132009506226
77,0.10986359417438507,0.24284566938877106,0.15842457115650177
78,0.13411925733089447,0.272744357585907,0.20421454310417175
79,0.16098159551620483,0.3040998578071594,0.2521573603153229
80,0.19041994214057922,0.336873322725296,0.30227193236351013
81,0.04621399566531181,0.13664451241493225,-0.12348119169473648
82,0.05543822795152664,0.16297858953475952,-0.07639235258102417
83,0.06720761954784393,0.19079427421092987,-0.027181878685951233
84,0.08157441765069962,0.22006820142269135,0.02416723221540451
85,0.09853720664978027,0.25079789757728577,0.07765800505876541
86,0.11809871345758438,0.2829822897911072,0.13329152762889862
87,0.14026007056236267,0.31662070751190186,0.19106881320476532
88,0.165021151304245,0.3517119288444519,0.25099220871925354
89,0.19238746166229248,0.38825955986976624,0.31306859850883484
90,0.2223108410835266,0.42622366547584534,0.37732404470443726
91,0.07377717643976212,0.18086588382720947,-0.1741848587989807
92,0.08353586494922638,0.21240206062793732,-0.11293972283601761
93,0.09582266211509705,0.2454172819852829,-0.04958483949303627
94,0.11070402711629868,0.27988624572753906,0.015907492488622665
95,0.1281784623861313,0.31580814719200134,0.08354109525680542
96,0.14825022220611572,0.3531830608844757,0.1533171385526657
97,0.17092034220695496,0.39201033115386963,0.2252364158630371
98,0.19618716835975647,0.4322873651981354,0.2993012070655823
99,0.22405701875686646,0.4740176796913147,0.375518798828125
100,0.25446873903274536,0.5171710252761841,0.4539315402507782
101,-0.38459622859954834,-0.3499157130718231,0.3319911062717438
102,-0.37833523750305176,-0.33991333842277527,0.26637139916419983
103,-0.36929529905319214,-0.32828548550605774,0.20296645164489746
104,-0.35759812593460083,-0.3151542842388153,0.14172962307929993
105,-0.3432460427284241,-0.3005276918411255,0.08264659345149994
106,-0.32624566555023193,-0.2844136655330658,0.02571452036499977
107,-0.30659472942352295,-0.2668146789073944,-0.029066631570458412
108,-0.28428196907043457,-0.24773237109184265,-0.08169698715209961
109,-0.2592991888523102,-0.22718021273612976,-0.13218465447425842
110,-0.2315293401479721,-0.20523196458816528,-0.1805642694234848
111,-0.3111768960952759,-0.30078428983688354,0.269724577665329
112,-0.3043336272239685,-0.2854938805103302,0.2183171957731247
113,-0.2947489023208618,-0.2685942053794861,0.16910894215106964
114,-0.28251782059669495,-0.25019705295562744,0.1220669224858284
115,-0.2676433026790619,-0.23031137883663177,0.0771791934967041
116,-0.25012803077697754,-0.20894260704517365,0.03444274514913559
117,-0.2299695611000061,-0.1860930621623993,-0.006142789963632822
118,-0.20716026425361633,-0.16176600754261017,-0.044577740132808685
119,-0.1816917359828949,-0.13597449660301208,-0.08086813986301422
120,-0.153472900390625,-0.10878810286521912,-0.11503685265779495
121,-0.2372341752052307,-0.2498810887336731,0.20903000235557556
122,-0.2298140823841095,-0.22932937741279602,0.17181874811649323
123,-0.21969230473041534,-0.2071864902973175,0.1367958039045334
124,-0.20693083107471466,-0.18354731798171997,0.10393675416707993
125,-0.19153448939323425,-0.15842416882514954,0.07323209196329117
126,-0.17350463569164276,-0.1318223476409912,0.044679027050733566
127,-0.15283869206905365,-0.10374432057142258,0.01827717013657093
128,-0.129530131816864,-0.07419415563344955,-0.005973578430712223
129,-0.1035686507821083,-0.04318428784608841,-0.028076747432351112
130,-0.07489453256130219,-0.010783031582832336,-0.048047371208667755
131,-0.1629267930984497,-0.19733208417892456,0.14986076951026917
132,-0.154929518699646,-0.1715247929096222,0.12684385478496552
133,-0.14426589012145996,-0.1441417932510376,0.10600380599498749
134,-0.1309734582901001,-0.1152675449848175,0.0873241052031517
135,-0.11505509912967682,-0.08491405844688416,0.07079806923866272
136,-0.09651120752096176,-0.053086698055267334,0.0564236082136631
137,-0.07533908635377884,-0.01978803053498268,0.04420067369937897
138,-0.051533058285713196,0.014977768063545227,0.03412993624806404
139,-0.025084488093852997,0.05119979754090309,0.0262107253074646
140,0.004042483866214752,0.0888088271021843,0.02043544314801693
141,-0.08826620876789093,-0.1431386023759842,0.09220321476459503
142,-0.07969333231449127,-0.1120820939540863,0.08338142931461334
143,-0.06848736107349396,-0.07946329563856125,0.07672441005706787
144,-0.05466364696621895,-0.045358747243881226,0.07222335040569305
145,-0.03822355717420578,-0.009780206717550755,0.06987452507019043
146,-0.019166478887200356,0.02726704627275467,0.06967686116695404
147,0.0025103092193603516,0.06578052043914795,0.07163092494010925
148,0.02681160718202591,0.10575635731220245,0.07573845982551575
149,0.053744684904813766,0.14718550443649292,0.0820019394159317
150,0.083323635160923,0.18999697268009186,0.09042119979858398
151,-0.013259943574666977,-0.08730103820562363,0.03605499491095543
152,-0.004111830145120621,-0.05099911987781525,0.04142885282635689
153,0.007636316120624542,-0.013148133642971516,0.04895529896020889
154,0.021990975365042686,0.02618275210261345,0.05863289535045624
155,0.03895219787955284,0.06698190420866013,0.07046091556549072
156,0.05852148309350014,0.10924429446458817,0.08443935215473175
157,0.08070158213376999,0.152967631816864,0.1005694568157196
158,0.10549648851156235,0.19814874231815338,0.11885416507720947
159,0.132912278175354,0.24478067457675934,0.13929928839206696
160,0.16294175386428833,0.2927906811237335,0.16191226243972778
161,0.062088072299957275,-0.029814086854457855,-0.01858384720981121
162,0.07181169092655182,0.011730138212442398,0.0009859203128144145
163,0.0841016173362732,0.05481015890836716,0.022696219384670258
164,0.09898650646209717,0.09936359524726868,0.046552859246730804
165,0.11646797508001328,0.1453791856765747,0.0725579559803009
166,0.13654851913452148,0.1928521692752838,0.10071246325969696
167,0.15923088788986206,0.24178069829940796,0.13101826608181
168,0.18451812863349915,0.29216232895851135,0.16347932815551758
169,0.21241503953933716,0.3439922332763672,0.1981048434972763
170,0.24289292097091675,0.3971957564353943,0.23491019010543823
171,0.13777081668376923,0.029331445693969727,-0.07171367853879929
172,0.14807099103927612,0.07611366361379623,-0.037947945296764374
173,0.16090142726898193,0.1244189441204071,-0.0020531851332634687
174,0.17631518840789795,0.17419090867042542,0.03598359599709511
175,0.19431588053703308,0.22541847825050354,0.07616706192493439
176,0.21490693092346191,0.2780975103378296,0.11849881708621979
177,0.23809100687503815,0.3322264850139618,0.16298100352287292
178,0.2638701796531677,0.3878035843372345,0.2096184492111206
179,0.2922474443912506,0.4448261260986328,0.2584232985973358
180,0.32317015528678894,0.5032152533531189,0.3094191253185272
181,0.21377623081207275,0.09014177322387695,-0.12334293127059937
182,0.22465166449546814,0.14215689897537231,-0.07537928223609924
183,0.23801717162132263,0.19568388164043427,-0.025297097861766815
184,0.253958523273468,0.2506702244281769,0.026923689991235733
185,0.27247750759124756,0.30710548162460327,0.08128988742828369
186,0.2935788631439209,0.36498647928237915,0.1378033459186554
187,0.3172650933265686,0.42431169748306274,0.19646602869033813
188,0.3435368239879608,0.48507946729660034,0.25728291273117065
189,0.3723991811275482,0.5472928285598755,0.3202691674232483
190,0.4037662148475647,0.6108625531196594,0.3854565918445587
191,0.2899441719055176,0.15261930227279663,-0.1735062599182129
192,0.3013981878757477,0.2098526954650879,-0.11133158951997757
193,0.3153049945831299,0.2685883343219757,-0.047051649540662766
194,0.33177635073661804,0.32877588272094727,0.01936422474682331
195,0.3508138656616211,0.39040544629096985,0.08792483806610107
196,0.3724260926246643,0.45347562432289124,0.15863202512264252
197,0.39661532640457153,0.5179844498634338,0.23148733377456665
198,0.42337802052497864,0.5839272737503052,0.3064951002597809
199,0.4527202546596527,0.6513104438781738,0.3836733102798462
200,0.4845312237739563,0.7200469970703125,0.4630689322948456
201,-0.6057468056678772,-0.5407434105873108,0.327612042427063
202,-0.5980852246284485,-0.5052645206451416,0.26261377334594727
203,-0.5876328945159912,-0.4681391716003418,0.19978877902030945
204,-0.5744866132736206,-0.4294792413711548,0.13913162052631378
205,-0.5586508512496948,-0.3893040120601654,0.08063151687383652
206,-0.5401288270950317,-0.34762394428253174,0.024286862462759018
207,-0.5189186930656433,-0.30444639921188354,-0.029901308938860893
208,-0.49501460790634155,-0.2597821354866028,-0.08193252235651016
209,-0.4684116244316101,-0.21366223692893982,-0.13181376457214355
210,-0.43902406096458435,-0.1661374717950821,-0.17954617738723755
211,-0.4837285876274109,-0.4735480546951294,0.26600199937820435
212,-0.47545337677001953,-0.4327496290206909,0.21521800756454468
213,-0.46443814039230347,-0.39032959938049316,0.16661067306995392
214,-0.450744092464447,-0.34638267755508423,0.12017033994197845
215,-0.4343777894973755,-0.30092954635620117,0.07588799297809601
216,-0.41533952951431274,-0.2539786696434021,0.03376149758696556
217,-0.3936272859573364,-0.20553644001483917,-0.006208727136254311
218,-0.36923712491989136,-0.15561333298683167,-0.04402259364724159
219,-0.3421614170074463,-0.10423606634140015,-0.07968512922525406
220,-0.312350332736969,-0.05147184431552887,-0.11320270597934723
221,-0.36114370822906494,-0.40455901622772217,0.20592163503170013
222,-0.35226619243621826,-0.3584706783294678,0.16935525834560394
223,-0.34069201350212097,-0.3107793927192688,0.13496245443820953
224,-0.32645338773727417,-0.2615641951560974,0.10273454338312149
225,-0.30955663323402405,-0.21084868907928467,0.07266468554735184
226,-0.29000207781791687,-0.15864235162734985,0.04475095868110657
227,-0.2677875757217407,-0.10495204478502274,0.018993599340319633
228,-0.24290919303894043,-0.04978854954242706,-0.004607085604220629
229,-0.21535974740982056,0.0068213120102882385,-0.02605411782860756
230,-0.1851189285516739,0.06480403244495392,-0.04535451531410217
231,-0.23814699053764343,-0.33388298749923706,0.1473657637834549
232,-0.22867293655872345,-0.2825167775154114,0.1250159591436386
233,-0.21653437614440918,-0.2295604944229126,0.10483547300100327
234,-0.20174938440322876,-0.17508657276630402,0.08681757748126984
235,-0.184321790933609,-0.11911877244710922,0.07095736265182495
236,-0.16425152122974396,-0.06166759133338928,0.057253286242485046
237,-0.1415364146232605,-0.0027403682470321655,0.045705679804086685
238,-0.11617288738489151,0.05765186995267868,0.03631526604294777
239,-0.08815623074769974,0.11948351562023163,0.029080936685204506
240,-0.05748032033443451,0.18268057703971863,0.02399701066315174
241,-0.11477921158075333,-0.2615368962287903,0.09032366424798965
242,-0.10471275448799133,-0.20490354299545288,0.08219145238399506
243,-0.09200852364301682,-0.14668908715248108,0.07622339576482773
244,-0.07667601108551025,-0.08696401119232178,0.07241516560316086
245,-0.05871749296784401,-0.025752488523721695,0.07076369225978851
246,-0.03813257813453674,0.036934323608875275,0.07126805186271667
247,-0.014919117093086243,0.10108883678913116,0.07392875105142593
248,0.010926201939582825,0.16670046746730804,0.0787472054362297
249,0.03940663859248161,0.23374539613723755,0.0857243686914444
250,0.07051961869001389,0.3021504878997803,0.09485692530870438
251,0.008940622210502625,-0.18752463161945343,0.03479393199086189
252,0.01959804818034172,-0.12563201785087585,0.04087992012500763
253,0.032867759466171265,-0.06216638907790184,0.04912472143769264
254,0.048747509717941284,0.0028022490441799164,0.059526219964027405
255,0.06723621487617493,0.06924914568662643,0.07208321988582611
256,0.08833447843790054,0.1371627300977707,0.08679535984992981
257,0.11204446852207184,0.20653553307056427,0.10366343706846237
258,0.13836932182312012,0.27735787630081177,0.1226896122097969
259,0.16731128096580505,0.34960800409317017,0.14387713372707367
260,0.19886064529418945,0.4232141375541687,0.1672254502773285
261,0.1329982578754425,-0.11184515804052353,-0.0192223209887743
262,0.14424766600131989,-0.04469945281744003,0.0010818969458341599
263,0.1580820381641388,0.024010322988033295,0.02353978343307972
264,0.174507737159729,0.0942147746682167,0.048151176422834396
265,0.1935252845287323,0.16588863730430603,0.07491658627986908
266,0.2151356339454651,0.2390202283859253,0.10383611917495728
267,0.23934094607830048,0.3136025667190552,0.13491086661815643
268,0.2661440968513489,0.3896271288394928,0.16814367473125458
269,0.29554587602615356,0.4670742452144623,0.2035401314496994
270,0.3275284767150879,0.5458722710609436,0.2411026507616043
271,0.2573743760585785,-0.03449711203575134,-0.07172470539808273
272,0.2692192494869232,0.0378958061337471,-0.037202682346105576
273,0.2836158871650696,0.1118423193693161,-0.0005313116125762463
274,0.30058491230010986,0.18727432191371918,0.03829050809144974
275,0.32012948393821716,0.2641664743423462,0.07926487177610397
276,0.34225088357925415,0.3425075113773346,0.12239222973585129
277,0.3669512867927551,0.4222908914089203,0.16767364740371704
278,0.39423319697380066,0.5035096406936646,0.2151126265525818
279,0.424095094203949,0.5861459970474243,0.2647170126438141
280,0.4565051794052124,0.6701233386993408,0.3164912760257721
281,0.3820260763168335,0.044509515166282654,-0.12272007763385773
282,0.39447149634361267,0.1221465915441513,-0.07397907227277756
283,0.40942391753196716,0.20132097601890564,-0.02309204265475273
284,0.4269334375858307,0.28197115659713745,0.02994254231452942
285,0.4470035433769226,0.36407271027565,0.08512845635414124
286,0.46963563561439514,0.4476146697998047,0.1424662321805954
287,0.49483174085617065,0.5325907468795776,0.20195673406124115
288,0.5225943326950073,0.6189954876899719,0.2636037766933441
289,0.5529220700263977,0.7068161964416504,0.3274180591106415
290,0.5857541561126709,0.7959607243537903,0.39340415596961975
291,0.5067997574806213,0.12516166269779205,-0.17221012711524963
292,0.5198530554771423,0.20802083611488342,-0.10925395041704178
293,0.5353623032569885,0.2924005389213562,-0.04414965584874153
294,0.5534141659736633,0.378253698348999,0.023101238533854485
295,0.5740098357200623,0.4655516743659973,0.09250354021787643
296,0.5971531271934509,0.5542832016944885,0.1640571653842926
297,0.6228456497192383,0.6444403529167175,0.23776204884052277
298,0.6510866284370422,0.7360149621963501,0.3136211931705475
299,0.6818764805793762,0.8289981484413147,0.39164745807647705
300,0.7151176929473877,0.9232756495475769,0.4718391001224518
301,-0.8261966109275818,-0.7307865619659424,0.32320159673690796
302,-0.8170251250267029,-0.6697359085083008,0.2588706612586975
303,-0.8051141500473022,-0.6070723533630371,0.19669145345687866
304,-0.7904924154281616,-0.5428529381752014,0.13666978478431702
305,-0.7731630802154541,-0.4771037697792053,0.0788048654794693
306,-0.7531238794326782,-0.40983906388282776,0.023097772151231766
307,-0.7303744554519653,-0.34107306599617004,-0.03044886887073517
308,-0.7049171924591064,-0.27082616090774536,-0.0818331241607666
309,-0.6767524480819702,-0.1991310715675354,-0.13105478882789612
310,-0.6458602547645569,-0.12602850794792175,-0.1781085580587387
311,-0.6555116772651672,-0.6454485058784485,0.26229119300842285
312,-0.6457252502441406,-0.5790757536888123,0.21217556297779083
313,-0.6332417726516724,-0.5111112594604492,0.16422167420387268
314,-0.618067741394043,-0.44160231947898865,0.118428073823452
315,-0.6002039909362793,-0.37057286500930786,0.07479269057512283
316,-0.5796483159065247,-0.2980361878871918,0.03331561014056206
317,-0.556399941444397,-0.22400474548339844,-0.006001419387757778
318,-0.5304602384567261,-0.14849688112735748,-0.04315727576613426
319,-0.5018309950828552,-0.0715440958738327,-0.07815256714820862
320,-0.47051554918289185,0.006797522306442261,-0.11098963022232056
321,-0.48427996039390564,-0.5583468675613403,0.20288905501365662
322,-0.47388964891433716,-0.48667532205581665,0.16699878871440887
323,-0.46083304286003113,-0.41342324018478394,0.1332721710205078
324,-0.44510599970817566,-0.33863329887390137,0.10170653462409973
325,-0.4267069399356842,-0.26232996582984924,0.07229981571435928
326,-0.40563422441482544,-0.18452751636505127,0.045051779597997665
327,-0.38188695907592773,-0.10523873567581177,0.019963573664426804
328,-0.3554658889770508,-0.024481818079948425,-0.00296385632827878
329,-0.3263755440711975,0.057710424065589905,-0.02373139001429081
330,-0.2946310043334961,0.14127686619758606,-0.04234376549720764
331,-0.3125995993614197,-0.4695330262184143,0.14500080049037933
332,-0.3016155958175659,-0.3925778865814209,0.1233384758234024
333,-0.2879842221736908,-0.31404754519462585,0.10383976995944977
334,-0.2717016339302063,-0.23398524522781372,0.08650223910808563
335,-0.2527661919593811,-0.1524166762828827,0.07132399082183838
336,-0.23117691278457642,-0.06935779005289078,0.05830461159348488
337,-0.20693296194076538,0.015177823603153229,0.04744479060173035
338,-0.18003453314304352,0.10117178410291672,0.038745298981666565
339,-0.15048642456531525,0.18859177827835083,0.03220539540052414
340,-0.11830399930477142,0.2773793935775757,0.027820128947496414
341,-0.14052599668502808,-0.3790287673473358,0.08862543106079102
342,-0.12895439565181732,-0.29680198431015015,0.08119253814220428
343,-0.11474811285734177,-0.21300241351127625,0.07592248916625977
344,-0.09790851175785065,-0.12767677009105682,0.07281345874071121
345,-0.07843641191720963,-0.04085298255085945,0.07186379283666611
346,-0.056331709027290344,0.04745154082775116,0.07307285815477371
347,-0.03159353509545326,0.13722264766693115,0.07644098997116089
348,-0.0042213499546051025,0.22844241559505463,0.08196891844272614
349,0.025782383978366852,0.3210807740688324,0.0896562933921814
350,0.05840728431940079,0.41508421301841736,0.09949915111064911
351,0.031907178461551666,-0.286842405796051,0.03376404568552971
352,0.044064126908779144,-0.19935403764247894,0.040561243891716
353,0.05884470418095589,-0.11029461026191711,0.04952031001448631
354,0.07624104619026184,-0.01971554383635521,0.060639988631010056
355,0.09624910354614258,0.07235267013311386,0.07391882687807083
356,0.1188679039478302,0.16589142382144928,0.0893559679389
357,0.14409826695919037,0.2608864903450012,0.10695140063762665
358,0.1719418466091156,0.35732096433639526,0.12670587003231049
359,0.20239943265914917,0.4551677703857422,0.14861968159675598
360,0.23546722531318665,0.5543787479400635,0.17269034683704376
361,0.20467129349708557,-0.19298036396503448,-0.01958071067929268
362,0.21741527318954468,-0.10023821890354156,0.0014463155530393124
363,0.23276954889297485,-0.005928114056587219,0.024634413421154022
364,0.2507210969924927,0.08989391475915909,0.04998261481523514
365,0.2712635099887848,0.1871953010559082,0.07748948782682419
366,0.29439499974250793,0.28595679998397827,0.10715397447347641
367,0.32011646032333374,0.38616445660591125,0.13897572457790375
368,0.348430335521698,0.4878028333187103,0.1729554533958435
369,0.37933996319770813,0.5908474922180176,0.20909421145915985
370,0.41284698247909546,0.6952546834945679,0.24739103019237518
371,0.37773188948631287,-0.09745284914970398,-0.07140684127807617
372,0.39106833934783936,0.0005374401807785034,-0.03615111857652664
373,0.4069949686527252,0.1000891923904419,0.0012656156904995441
374,0.4254986345767975,0.2011433243751526,0.040841925889253616
375,0.4465731978416443,0.3036666512489319,0.08257632702589035
376,0.470216304063797,0.40763986110687256,0.12646740674972534
377,0.49642878770828247,0.5130494832992554,0.17251445353031158
378,0.5252138376235962,0.6198818683624268,0.22071820497512817
379,0.5565747022628784,0.7281140685081482,0.27108028531074524
380,0.5905138850212097,0.8377034664154053,0.3236004710197449
381,0.5510321259498596,-0.0002794414758682251,-0.12171407043933868
382,0.5649701952934265,0.10295437276363373,-0.07223173975944519
383,0.5814661979675293,0.20773623883724213,-0.020587068051099777
384,0.6005181074142456,0.31401076912879944,0.03321696072816849
385,0.6221227049827576,0.4217458665370941,0.08917868882417679
386,0.6462768912315369,0.5309216380119324,0.14729632437229156
387,0.6729815006256104,0.6415243148803711,0.2075684517621994
388,0.702239990234375,0.7535415291786194,0.2699955999851227
389,0.734053373336792,0.8669506907463074,0.33457955718040466
390,0.7684137225151062,0.9817038774490356,0.40131884813308716
391,0.7244738340377808,0.09851300716400146,-0.1704971045255661
392,0.7390209436416626,0.20697110891342163,-0.1067977324128151
393,0.7560830116271973,0.31696370244026184,-0.040928181260824203
394,0.775681734085083,0.42844662070274353,0.027102939784526825
395,0.7978158593177795,0.5413858890533447,0.09729276597499847
396,0.8224818706512451,0.6557587385177612,0.1696382313966751
397,0.8496798276901245,0.7715491056442261,0.24413666129112244
398,0.8794129490852356,0.8887424468994141,0.32078737020492554
399,0.9116790294647217,1.0073132514953613,0.39959052205085754
400,0.9464463591575623,1.1271967887878418,0.48053568601608276
401,-1.0458735227584839,-0.9199732542037964,0.3188765048980713
402,-1.0351427793502808,-0.8333115577697754,0.2552272081375122
403,-1.021727442741394,-0.7450775504112244,0.19372403621673584
404,-1.0056068897247314,-0.655285120010376,0.13437241315841675
405,-0.9867730736732483,-0.5639548301696777,0.07717617601156235
406,-0.9652213454246521,-0.47110486030578613,0.02213892713189125
407,-0.9409524202346802,-0.3767551779747009,-0.030735552310943604
408,-0.9139735698699951,-0.2809310555458069,-0.08144370466470718
409,-0.8842968344688416,-0.1836642473936081,-0.12998239696025848
410,-0.8519486784934998,-0.08498936891555786,-0.17634865641593933
411,-0.8264963030815125,-0.8164570331573486,0.2586788833141327
412,-0.8151639699935913,-0.724483847618103,0.2092498242855072
413,-0.8011758923530579,-0.6309531331062317,0.16197648644447327
414,-0.7845026850700378,-0.5358754396438599,0.1168590858578682
415,-0.7651342749595642,-0.43926942348480225,0.07389901578426361
416,-0.7430661916732788,-0.34115174412727356,0.03309846296906471
417,-0.7182987928390503,-0.24154070019721985,-0.005539894104003906
418,-0.6908382177352905,-0.14045944809913635,-0.04201367497444153
419,-0.6606982350349426,-0.03793998062610626,-0.07632181793451309
420,-0.6279146671295166,0.06597459316253662,-0.10846668481826782
421,-0.6066083908081055,-0.7112152576446533,0.19998414814472198
422,-0.5946838855743408,-0.613946259021759,0.16478492319583893
423,-0.5801199078559875,-0.515123724937439,0.13174496591091156
424,-0.5628910064697266,-0.41476210951805115,0.10086340457201004
425,-0.542985737323761,-0.31287968158721924,0.07214055955410004
426,-0.5204005241394043,-0.20949411392211914,0.045577697455883026
427,-0.495135635137558,-0.10462355613708496,0.021176602691411972
428,-0.46719619631767273,0.0017089694738388062,-0.001061154529452324
429,-0.43659740686416626,0.10947073996067047,-0.021135712042450905
430,-0.4033726453781128,0.21861715614795685,-0.0390511080622673
431,-0.3862587809562683,-0.6042568683624268,0.14279711246490479
432,-0.37375256419181824,-0.5017063617706299,0.12183205038309097
433,-0.35861408710479736,-0.3976019620895386,0.10302790999412537
434,-0.3408268988132477,-0.2919628918170929,0.0863838642835617
435,-0.3203834295272827,-0.18481028079986572,0.07189963012933731
436,-0.297281414270401,-0.07616348564624786,0.059575680643320084
437,-0.2715212106704712,0.03395841270685196,0.04941298067569733
438,-0.2431066930294037,0.1455322653055191,0.04141233116388321
439,-0.212049663066864,0.25852662324905396,0.03557303547859192
440,-0.17837491631507874,0.3729013502597809,0.03189092129468918
441,-0.1654999852180481,-0.4955971837043762,0.08712136745452881
442,-0.15241865813732147,-0.38777709007263184,0.08039239048957825
443,-0.1367066204547882,-0.27840059995651245,0.07582549750804901
444,-0.11836011707782745,-0.16749337315559387,0.07342009991407394
445,-0.09737799316644669,-0.05508033186197281,0.07317538559436798
446,-0.07376018166542053,0.05881707742810249,0.07509106397628784
447,-0.04750710725784302,0.1741790622472763,0.07916721701622009
448,-0.01862058788537979,0.2909829914569855,0.08540400117635727
449,0.012893758714199066,0.4092005789279938,0.09380047023296356
450,0.047023706138134,0.528798520565033,0.10435324907302856
451,0.055624380707740784,-0.3852480351924896,0.03296037018299103
452,0.0692782923579216,-0.2721685469150543,0.04046814516186714
453,0.08556297421455383,-0.15753023326396942,0.050139039754867554
454,0.10446839779615402,-0.04136566445231438,0.06197259947657585
455,0.12598852813243866,0.07629618793725967,0.07596756517887115
456,0.1501208394765854,0.19543205201625824,0.09212273359298706
457,0.1768648773431778,0.3160218298435211,0.11043739318847656
458,0.20622135698795319,0.43804416060447693,0.13091103732585907
459,0.2381918579339981,0.5614745616912842,0.15354281663894653
460,0.2727779150009155,0.6862872838973999,0.1783304214477539
461,0.2770734429359436,-0.27322226762771606,-0.01968206651508808
462,0.29130181670188904,-0.15489163994789124,0.002061990089714527
463,0.30815884470939636,-0.035001397132873535,0.025970280170440674
464,0.3276217579841614,0.08640915900468826,0.05204235762357712
465,0.34967830777168274,0.20930755138397217,0.08027626574039459
466,0.3743238151073456,0.33366936445236206,0.11066998541355133
467,0.4015577435493469,0.4594746530056,0.14322195947170258
468,0.4313831627368927,0.5867037177085876,0.17793115973472595
469,0.4638078808784485,0.7153356075286865,0.21479669213294983
470,0.4988465905189514,0.8453518152236938,0.253817617893219
471,0.49880295991897583,-0.15953762829303741,-0.07080236822366714
472,0.5136116147041321,-0.03596177697181702,-0.03482372313737869
473,0.5310407280921936,0.08917082846164703,0.00332079641520977
474,0.5510584712028503,0.21581579744815826,0.043630119413137436
475,0.5736491680145264,0.3439389169216156,0.08610154688358307
476,0.5988067388534546,0.47351527214050293,0.1307322084903717
477,0.6265307664871216,0.6045252084732056,0.1775197684764862
478,0.6568255424499512,0.736950159072876,0.22646252810955048
479,0.6897026896476746,0.8707720637321472,0.2775594890117645
480,0.7251864671707153,1.0059773921966553,0.3308105766773224
481,0.7207592725753784,-0.044219255447387695,-0.12039719521999359
482,0.7361576557159424,0.08459623157978058,-0.0701877698302269
483,0.7541587352752686,0.21496042609214783,-0.017809508368372917
484,0.7747277021408081,0.34682905673980713,0.03673519194126129
485,0.7978501915931702,0.48016786575317383,0.09344244003295898
486,0.8235194087028503,0.6149510145187378,0.15230847895145416
487,0.8517347574234009,0.7511581182479858,0.21332992613315582
488,0.8825010061264038,0.8887709379196167,0.27650418877601624
489,0.91582852602005,1.0277701616287231,0.34182921051979065
490,0.9517456293106079,1.1681458950042725,0.40930435061454773
491,0.9428920745849609,0.07269987463951111,-0.16846327483654022
492,0.9588868618011475,0.20674201846122742,-0.10403214395046234
493,0.9774553179740906,0.3423250615596771,-0.03742425516247749
494,0.9985721111297607,0.4794101417064667,0.03135373443365097
495,1.0222251415252686,0.6179620027542114,0.10229586809873581
496,1.048406720161438,0.7579516172409058,0.17539678514003754
497,1.077115774154663,0.8993558883666992,0.25065162777900696
498,1.1083570718765259,1.0421541929244995,0.3280561864376068
499,1.1421375274658203,1.186322808265686,0.4076054096221924
500,1.178476095199585,1.3318443298339844,0.48929259181022644
501,-1.2647291421890259,-1.1082572937011719,0.31469422578811646
502,-1.2524280548095703,-0.9959774613380432,0.2517341375350952
503,-1.237480878829956,-0.8821576833724976,0.1909213662147522
504,-1.219843864440918,-0.7667877078056335,0.13225901126861572
505,-1.1994987726211548,-0.6498796939849854,0.07575176656246185
506,-1.1764380931854248,-0.5314527750015259,0.0214040819555521
507,-1.1506634950637817,-0.4115300178527832,-0.0307797659188509
508,-1.122185468673706,-0.2901383638381958,-0.08079583197832108
509,-1.0910266637802124,-0.1673075258731842,-0.12864086031913757
510,-1.057233452796936,-0.04306447505950928,-0.17431458830833435
511,-0.9966608881950378,-0.9865556955337524,0.25521647930145264
512,-0.9837751984596252,-0.8689783811569214,0.2064826339483261
513,-0.9682608842849731,-0.7498705387115479,0.15990348160266876
514,-0.9500737190246582,-0.6292222738265991,0.1154789999127388
515,-0.9291952252388,-0.5070447325706482,0.07321163266897202
516,-0.9056184887886047,-0.3833557665348053,0.03310436010360718
517,-0.8793448209762573,-0.25817686319351196,-0.00483972392976284
518,-0.8503837585449219,-0.13153326511383057,-0.04061796888709068
519,-0.8187574744224548,-0.0034543275833129883,-0.07422905415296555
520,-0.7845134139060974,0.12602931261062622,-0.10567581653594971
521,-0.7281177639961243,-0.8631594777107239,0.1972428262233734
522,-0.7146551609039307,-0.7402942776679993,0.16274254024028778
523,-0.6985704898834229,-0.615898609161377,0.13040035963058472
524,-0.6798294186592102,-0.4899691939353943,0.10021575540304184
525,-0.6584149599075317,-0.3625178933143616,0.07218986749649048
526,-0.634321391582489,-0.23356308043003082,0.046324603259563446
527,-0.607549786567688,-0.10312619805335999,0.022621922194957733
528,-0.5781086683273315,0.02876785397529602,0.0010834923014044762
529,-0.5460186004638672,0.16209013760089874,-0.018290646374225616
530,-0.5113183856010437,0.29681092500686646,-0.0355040542781353
531,-0.45911651849746704,-0.7380541563034058,0.14077571034431458
532,-0.44508618116378784,-0.6099127531051636,0.12051326781511307
533,-0.42843323945999146,-0.48023754358291626,0.10241091251373291
534,-0.40913617610931396,-0.3490314781665802,0.08646831661462784
535,-0.3871843218803406,-0.2163103073835373,0.07268586754798889
536,-0.3625740706920624,-0.08209409564733505,0.061064381152391434
537,-0.3353065848350525,0.05359499156475067,0.051604848355054855
538,-0.30538833141326904,0.1907322257757187,0.04430791363120079
539,-0.2728338837623596,0.32929056882858276,0.039173007011413574
540,-0.23766981065273285,0.4692457616329193,0.0361967608332634
541,-0.18969982862472534,-0.6112463474273682,0.08581946045160294
542,-0.1751079559326172,-0.47783952951431274,0.07979685813188553
543,-0.1578882783651352,-0.3428940773010254,0.07593602687120438
544,-0.13803477585315704,-0.2064201831817627,0.07423688471317291
545,-0.11554507166147232,-0.06843781471252441,0.07469912618398666
546,-0.0904189944267273,0.07103046774864197,0.07732253521680832
547,-0.06265776604413986,0.2119617462158203,0.08210703730583191
548,-0.032264575362205505,0.3543321490287781,0.08905241638422012
549,0.0007540583610534668,0.4981180727481842,0.09815765172243118
550,0.036386966705322266,0.6433026194572449,0.10942026227712631
551,0.08008532226085663,-0.482748419046402,0.032378438860177994
552,0.09523647278547287,-0.3440859019756317,0.04059627279639244
553,0.11302182823419571,-0.2038802057504654,0.050977498292922974
554,0.1334313005208969,-0.06214888021349907,0.06352220475673676
555,0.15645819902420044,0.08108349144458771,0.0782293751835823
556,0.18209898471832275,0.22579222917556763,0.09509772807359695
557,0.21035236120224,0.3719539940357208,0.11412611603736877
558,0.24121882021427155,0.519546389579773,0.1353135108947754
559,0.2747008800506592,0.6685500741004944,0.1586586833000183
560,0.31080353260040283,0.8189560174942017,0.1841602623462677
561,0.3501916825771332,-0.35257700085639954,-0.019543156027793884
562,0.36590370535850525,-0.20866680145263672,0.0029145474545657635
563,0.3842546045780182,-0.06321051716804504,0.027537308633327484
564,0.40521886944770813,0.08376717567443848,0.05432525649666786
565,0.4287815988063812,0.23223775625228882,0.08327654004096985
566,0.4549359083175659,0.38217490911483765,0.11438880860805511
567,0.48368048667907715,0.5335553884506226,0.14765994250774384
568,0.5150192379951477,0.6863584518432617,0.1830880045890808
569,0.5489629507064819,0.840569019317627,0.22067171335220337
570,0.5855322480201721,0.9961855411529541,0.260410875082016
571,0.6205718517303467,-0.22075368463993073,-0.06994132697582245
572,0.6368501782417297,-0.0716017335653305,-0.03324561566114426
573,0.655767023563385,0.07909606397151947,0.005617127753794193
574,0.6772841811180115,0.2313094586133957,0.04664669185876846
575,0.7013806700706482,0.3850073218345642,0.0898403450846672
576,0.7280475497245789,0.5401625037193298,0.13519470393657684
577,0.7572835087776184,0.6967517137527466,0.1827065348625183
578,0.7890944480895996,0.854755163192749,0.23237314820289612
579,0.823497474193573,1.014161229133606,0.28419286012649536
580,0.860526442527771,1.1749753952026367,0.3381665349006653
581,0.8911821246147156,-0.08730542659759521,-0.11881257593631744
582,0.9080349802970886,0.06708317995071411,-0.0678827092051506
583,0.9275187253952026,0.22301389276981354,-0.014782878570258617
584,0.9495858550071716,0.3804543614387512,0.04048600047826767
585,0.9742140173912048,0.5393725633621216,0.09791987389326096
586,1.0013930797576904,0.699739933013916,0.15751421451568604
587,1.0311217308044434,0.8615322113037109,0.2192647010087967
588,1.0634064674377441,1.0247297286987305,0.2831673324108124
589,1.0982660055160522,1.1893200874328613,0.34921929240226746
590,1.135744333267212,1.355315923690796,0.417421817779541
591,1.1620041131973267,0.04773634672164917,-0.16615617275238037
592,1.179437518119812,0.2073540985584259,-0.10099910199642181
593,1.19948410987854,0.36851054430007935,-0.03366581350564957
594,1.2220977544784546,0.5311753749847412,0.03584025055170059
595,1.2472561597824097,0.6953144073486328,0.10751298069953918
596,1.2749481201171875,0.8608967065811157,0.18134631216526031
597,1.305172085762024,1.0278956890106201,0.257334440946579
598,1.3379347324371338,1.1962885856628418,0.3354716897010803
599,1.3732537031173706,1.3660603761672974,0.4157525897026062
600,1.4111721515655518,1.5372216701507568,0.4981749653816223
601,-1.4827519655227661,-1.2956256866455078,0.31068700551986694
602,-1.4688862562179565,-1.1577351093292236,0.24842104315757751
603,-1.4523959159851074,-1.0183266401290894,0.18830586969852448
604,-1.4332324266433716,-0.8773800134658813,0.13034279644489288
605,-1.4113718271255493,-0.7349008917808533,0.07453569024801254
606,-1.3868046998977661,-0.590907096862793,0.020888688042759895
607,-1.3595329523086548,-0.44542235136032104,-0.030594445765018463
608,-1.3295693397521973,-0.29847297072410583,-0.07991023361682892
609,-1.2969410419464111,-0.15008485317230225,-0.1270563304424286
610,-1.26169753074646,-0.0002771615982055664,-0.17203383147716522
611,-1.1660056114196777,-1.155745267868042,0.25193387269973755
612,-1.1515718698501587,-1.0125703811645508,0.20389984548091888
613,-1.134522557258606,-0.8678832054138184,0.15802162885665894
614,-1.114812970161438,-0.721665620803833,0.11429882794618607
615,-1.0924205780029297,-0.573922872543335,0.07273370027542114
616,-1.0673377513885498,-0.42467206716537476,0.033329058438539505
617,-1.039565920829773,-0.2739356756210327,-0.003912288695573807
618,-1.009116291999817,-0.1217384934425354,-0.038988031446933746
619,-0.9760137796401978,0.0318945050239563,-0.07189717143774033
620,-0.9403046369552612,0.1869436502456665,-0.10264243930578232
621,-0.8488152623176575,-1.0141911506652832,0.1946881264448166
622,-0.8338190317153931,-0.8657375574111938,0.16089105606079102
623,-0.8162084817886353,-0.7157701253890991,0.12925228476524353
624,-0.7959496378898621,-0.5642771124839783,0.09977149963378906
625,-0.773023784160614,-0.41126543283462524,0.07244984805583954
626,-0.7474244832992554,-0.25675269961357117,0.04728911817073822
627,-0.7191531658172607,-0.10076120495796204,0.02429111674427986
628,-0.6882195472717285,0.05668461322784424,0.0034571820870041847
629,-0.6546450853347778,0.215561181306839,-0.015212691389024258
630,-0.6184659600257874,0.37585100531578064,-0.03172122687101364
631,-0.5311789512634277,-0.8709399104118347,0.13895058631896973
632,-0.5156276226043701,-0.7172161340713501,0.11939370632171631
633,-0.4974576234817505,-0.5619745254516602,0.10199696570634842
634,-0.4766480028629303,-0.40520918369293213,0.08676019310951233
635,-0.45318740606307983,-0.24693094193935394,0.07368385791778564
636,-0.427071750164032,-0.08715903759002686,0.06276881694793701
637,-0.3983025550842285,0.07408362627029419,0.05401581525802612
638,-0.3668871223926544,0.23677322268486023,0.04742532968521118
639,-0.3328399658203125,0.40088826417922974,0.0429968535900116
640,-0.29618459939956665,0.5664167404174805,0.040728017687797546
641,-0.21312913298606873,-0.725991427898407,0.08472482860088348
642,-0.1970275640487671,-0.5670065879821777,0.0794098749756813
643,-0.17829972505569458,-0.4064989387989044,0.07625662535429001
644,-0.1569393128156662,-0.2444688230752945,0.07526517659425735
645,-0.1329435408115387,-0.08093129098415375,0.07643542438745499
646,-0.10631217807531357,0.08409199863672256,0.07976716011762619
647,-0.07704686373472214,0.25057753920555115,0.08526013046503067
648,-0.04515109956264496,0.41850247979164124,0.09291399270296097
649,-0.01063103973865509,0.5878487825393677,0.10272786766290665
650,0.026504501700401306,0.7586110234260559,0.11470021307468414
651,0.10528931021690369,-0.5793567895889282,0.032014746218919754
652,0.12193905562162399,-0.4151197671890259,0.04094218462705612
653,0.1412237584590912,-0.2493549883365631,0.05203290656208992
654,0.16313455998897552,-0.08206947147846222,0.06528719514608383
655,0.1876649260520935,0.08671744167804718,0.0807042345404625
656,0.2148110568523407,0.25698187947273254,0.09828285127878189
657,0.2445712685585022,0.4287000596523285,0.11802177876234055
658,0.2769460380077362,0.6018505096435547,0.13991983234882355
659,0.31193849444389343,0.7764192223548889,0.16397599875926971
660,0.34955501556396484,0.9524078965187073,0.19018961489200592
661,0.42402803897857666,-0.43105393648147583,-0.019175902009010315
662,0.4412273168563843,-0.2615720331668854,0.003993422258645296
663,0.4610688388347626,-0.09055891633033752,0.029327578842639923
664,0.4835290014743805,0.0819721668958664,0.05682693421840668
665,0.5085929036140442,0.2559979557991028,0.08649002015590668
666,0.5362527966499329,0.43149295449256897,0.11831460893154144
667,0.56650710105896,0.6084332466125488,0.1522984504699707
668,0.5993601083755493,0.7867991328239441,0.18843960762023926
669,0.6348234415054321,0.9665805101394653,0.2267368733882904
670,0.6729183197021484,1.147786021232605,0.2671906352043152
671,0.7430418729782104,-0.2811048924922943,-0.06884356588125229
672,0.7607949376106262,-0.10638397932052612,-0.03143405169248581
673,0.7811938524246216,0.06986959278583527,0.00814203079789877
674,0.804202139377594,0.24763710796833038,0.04988494887948036
675,0.8297978043556213,0.42689263820648193,0.09379242360591888
676,0.8579707741737366,0.6076093912124634,0.13986125588417053
677,0.888719379901886,0.789763331413269,0.18808823823928833
678,0.9220501780509949,0.9733356833457947,0.23847052454948425
679,0.9579821825027466,1.1583200693130493,0.2910066246986389
680,0.9965499043464661,1.3447312116622925,0.3456979990005493
681,1.0622977018356323,-0.12953579425811768,-0.11698567122220993
682,1.080611228942871,0.05042034387588501,-0.06533904373645782
683,1.1015684604644775,0.23190799355506897,-0.01152358204126358
684,1.1251227855682373,0.4149058163166046,0.04446079209446907
685,1.151248574256897,0.5993858575820923,0.10261069238185883
686,1.1799342632293701,0.7853201627731323,0.16292184591293335
687,1.211178183555603,0.9726839065551758,0.2253899872303009
688,1.2449880838394165,1.1614580154418945,0.2900111675262451
689,1.281386375427246,1.3516368865966797,0.3567829728126526
690,1.3204187154769897,1.54324209690094,0.42570760846138
691,1.3817960023880005,0.023627758026123047,-0.16360290348529816
692,1.4006744623184204,0.20881548523902893,-0.09772387146949768
693,1.4221875667572021,0.3955341577529907,-0.02967161312699318
694,1.446285367012024,0.583761990070343,0.040552474558353424
695,1.472940444946289,0.7734689712524414,0.11294355243444443
696,1.5021395683288574,0.9646250009536743,0.18749600648880005
697,1.5338807106018066,1.1572028398513794,0.26420435309410095
698,1.568172812461853,1.3511818647384644,0.34306320548057556
699,1.6050395965576172,1.546554684638977,0.4240683615207672
700,1.6445300579071045,1.7433440685272217,0.507220447063446
701,-1.6999537944793701,-1.4820879697799683,0.30687424540519714
702,-1.6845356225967407,-1.318598747253418,0.24530574679374695
703,-1.6665012836456299,-1.1536052227020264,0.18589164316654205
704,-1.6458065509796143,-0.9870848059654236,0.1286323368549347
705,-1.622428297996521,-0.8190402984619141,0.07353056967258453
706,-1.5963561534881592,-0.6494871973991394,0.02058940939605236
707,-1.567591905593872,-0.47844836115837097,-0.030188335105776787
708,-1.5361491441726685,-0.3059483766555786,-0.078800268471241
709,-1.5020533800125122,-0.13200783729553223,-0.12524479627609253
710,-1.4653486013412476,0.043360888957977295,-0.16952338814735413
711,-1.3345470428466797,-1.3240400552749634,0.24884893000125885
712,-1.3185744285583496,-1.1552777290344238,0.20151729881763458
713,-1.2999895811080933,-0.9850140810012817,0.15634308755397797
714,-1.2787535190582275,-0.8132290840148926,0.11332577466964722
715,-1.2548459768295288,-0.6399255990982056,0.07246719300746918
716,-1.2282583713531494,-0.4651193618774414,0.033769458532333374
717,-1.1989922523498535,-0.28883203864097595,-0.0027653388679027557
718,-1.167059302330017,-0.11108684539794922,-0.037135541439056396
719,-1.1324820518493652,0.06809675693511963,-0.06934047490358353
720,-1.095299482345581,0.24870777130126953,-0.09938225895166397
721,-0.968719482421875,-1.164331078529358,0.19233447313308716
722,-0.9521967172622681,-0.990298330783844,0.1592426747083664
723,-0.9330602884292603,-0.8147625923156738,0.12830990552902222
724,-0.911281168460846,-0.6377090215682983,0.09953595697879791
725,-0.8868430852890015,-0.4591420590877533,0.07292179763317108
726,-0.859739363193512,-0.2790779769420624,0.04846879839897156
727,-0.8299716711044312,-0.09753857553005219,0.026178255677223206
728,-0.7975496053695679,0.08545374870300293,0.006051063537597656
729,-0.7624917030334473,0.26988083124160767,-0.011912747286260128
730,-0.7248275876045227,0.4557347595691681,-0.02771497517824173
731,-0.6024605631828308,-1.0029358863830566,0.13733084499835968
732,-0.5853925943374634,-0.8236387968063354,0.11848101764917374
733,-0.5657058358192444,-0.6428353786468506,0.1017916202545166
734,-0.5433827042579651,-0.4605153203010559,0.08726254850625992
735,-0.5184131860733032,-0.276686429977417,0.07489434629678726
736,-0.49079352617263794,-0.09136641770601273,0.06468752771615982
737,-0.4605253338813782,0.0954224169254303,0.05664258077740669
738,-0.42761552333831787,0.28365832567214966,0.05075975880026817
739,-0.3920764923095703,0.4733254015445709,0.04703868180513382
740,-0.353926420211792,0.6644202470779419,0.04547799006104469
741,-0.23579420149326324,-0.8398518562316895,0.08384057134389877
742,-0.2181844413280487,-0.6552976369857788,0.07923389971256256
743,-0.19794873893260956,-0.4692329466342926,0.07678894698619843
744,-0.1750815361738205,-0.2816525101661682,0.07650583982467651
745,-0.14958041906356812,-0.09256751090288162,0.07838455587625504
746,-0.12144525349140167,0.09800221771001816,0.0824248269200325
747,-0.09067776799201965,0.29003390669822693,0.08862632513046265
748,-0.05728127062320709,0.4835068881511688,0.09698860347270966
749,-0.021260663866996765,0.6784079670906067,0.10751105844974518
750,0.017377763986587524,0.874739408493042,0.12019289284944534
751,0.1312391310930252,-0.6750883460044861,0.03186656907200813
752,0.1493890881538391,-0.4852845072746277,0.04150336980819702
753,0.17017309367656708,-0.293966144323349,0.053303156048059464
754,0.19358398020267487,-0.10113314539194107,0.06726628541946411
755,0.21961624920368195,0.09319968521595001,0.08339209109544754
756,0.24826619029045105,0.2890106737613678,0.10167957097291946
757,0.2795320451259613,0.4862768054008484,0.12212753295898438
758,0.3134142756462097,0.6849786639213562,0.14473487436771393
759,0.34991592168807983,0.8851063847541809,0.16950081288814545
760,0.3890434503555298,1.0866676568984985,0.19642522931098938
761,0.4985934793949127,-0.5086626410484314,-0.01858840323984623
762,0.5172846913337708,-0.3136158883571625,0.005291398614645004
763,0.5386167168617249,-0.11705130338668823,0.03133549913764
764,0.5625705718994141,0.08102595806121826,0.05954428389668465
765,0.5891331434249878,0.280597984790802,0.08991659432649612
766,0.6182971000671387,0.4816415309906006,0.12245053797960281
767,0.650060772895813,0.6841334104537964,0.15714414417743683
768,0.6844281554222107,0.8880557417869568,0.19399571418762207
769,0.721409797668457,1.0934019088745117,0.23300427198410034
770,0.7610242962837219,1.300184965133667,0.27417048811912537
771,0.8662283420562744,-0.3405962288379669,-0.06752188503742218
772,0.8854634761810303,-0.140311598777771,-0.029400277882814407
773,0.9073442816734314,0.06149289011955261,0.010886922478675842
774,0.9318400621414185,0.26480719447135925,0.0533401295542717
775,0.9589317440986633,0.46961110830307007,0.09795758128166199
776,0.9886091947555542,0.6758801937103271,0.1447366178035736
777,1.0208706855773926,0.8835910558700562,0.1936745047569275
778,1.055722951889038,1.0927268266677856,0.24476875364780426
779,1.0931828022003174,1.30328369140625,0.29801827669143677
780,1.133280634880066,1.5152801275253296,0.3534245193004608
781,1.2341195344924927,-0.1709105372428894,-0.11493213474750519
782,1.2539031505584717,0.03460884094238281,-0.06257083266973495
783,1.276333212852478,0.24164845049381256,-0.008042396977543831
784,1.3013696670532227,0.45019546151161194,0.048653583973646164
785,1.3289892673492432,0.6602275967597961,0.10751460492610931
786,1.3591800928115845,0.8717190623283386,0.1685371696949005
787,1.3919401168823242,1.0846461057662964,0.23171767592430115
788,1.42727792263031,1.2989919185638428,0.2970529794692993
789,1.465214490890503,1.5147535800933838,0.3645411431789398
790,1.5057899951934814,1.7319550514221191,0.43418461084365845
791,1.6022765636444092,0.00037491321563720703,-0.16082024574279785
792,1.622612476348877,0.21112796664237976,-0.09422202408313751
793,1.6455910205841064,0.4234021306037903,-0.025454021990299225
794,1.6711668968200684,0.6371828317642212,0.04548352211713791
795,1.6993141174316406,0.8524459600448608,0.11858707666397095
796,1.7300184965133667,1.0691637992858887,0.1938522607088089
797,1.7632782459259033,1.2873108386993408,0.2712745666503906
798,1.7991034984588623,1.5068695545196533,0.3508499264717102
799,1.837517499923706,1.7278366088867188,0.4325753152370453
800,1.8785659074783325,1.9502378702163696,0.5164525508880615
801,-1.9163628816604614,-1.6676673889160156,0.3032684922218323
802,-1.8994051218032837,-1.4785927534103394,0.2423996925354004
803,-1.8798294067382812,-1.2880189418792725,0.18368785083293915
804,-1.8576023578643799,-1.0959267616271973,0.1271333396434784
805,-1.8327044248580933,-0.9023182392120361,0.07273799180984497
806,-1.8051276206970215,-0.7072082161903381,0.020503778010606766
807,-1.7748734951019287,-0.5106185674667358,-0.029567673802375793
808,-1.7419532537460327,-0.3125708997249603,-0.07747489959001541
809,-1.706387996673584,-0.11308121681213379,-0.12321695685386658
810,-1.6682106256484985,0.0878450870513916,-0.16679468750953674
811,-1.502313256263733,-1.491464376449585,0.24597322940826416
812,-1.4848127365112305,-1.297126054763794,0.19934526085853577
813,-1.4646941423416138,-1.1012892723083496,0.15487569570541382
814,-1.4419304132461548,-0.9039374589920044,0.11256460845470428
815,-1.4165056943893433,-0.7050734758377075,0.07241330295801163
816,-1.388413429260254,-0.5047125816345215,0.034423209726810455
817,-1.3576552867889404,-0.3028758764266968,-0.0014044102281332016
818,-1.3242406845092773,-0.09958407282829285,-0.03506854921579361
819,-1.2881873846054077,0.1051480770111084,-0.0665687620639801
820,-1.2495216131210327,0.3113172650337219,-0.09590598940849304
821,-1.0878568887710571,-1.3136045932769775,0.19019119441509247
822,-1.0698155164718628,-1.1140028238296509,0.1578054428100586
823,-1.0491547584533691,-0.9129020571708679,0.1275792121887207
824,-1.0258545875549316,-0.7102885246276855,0.09951259940862656
825,-0.9999033212661743,-0.5061664581298828,0.0736064612865448
826,-0.9712954163551331,-0.3005515933036804,0.049861688166856766
827,-0.9400325417518616,-0.09346514940261841,0.028279006481170654
828,-0.9061231017112732,0.11507248878479004,0.008858950808644295
829,-0.8695806264877319,0.3250481188297272,-0.008398406207561493
830,-0.8304246664047241,0.5364612936973572,-0.023493770509958267
831,-0.6729809045791626,-1.1340669393539429,0.13592246174812317
832,-0.6544010043144226,-0.9292054772377014,0.11778019368648529
833,-0.6331987380981445,-0.7228434681892395,0.1017984002828598
834,-0.609362006187439,-0.5149699449539185,0.08797739446163177
835,-0.5828831195831299,-0.3055909276008606,0.07631757855415344
836,-0.5537596344947815,-0.09472355246543884,0.06681926548480988
837,-0.5219931602478027,0.11761057376861572,0.0594826340675354
838,-0.48758941888809204,0.3313915729522705,0.054307661950588226
839,-0.4505575895309448,0.5466079711914062,0.05129416286945343
840,-0.4109095335006714,0.7632632255554199,0.05044177174568176
841,-0.2577030062675476,-0.9528483748435974,0.08316875994205475
842,-0.23858687281608582,-0.7427327036857605,0.07927053421735764
843,-0.21684378385543823,-0.5311144590377808,0.07753393054008484
844,-0.19246983528137207,-0.3179852366447449,0.07795925438404083
845,-0.1654634028673172,-0.10335373878479004,0.08054649829864502
846,-0.13582462072372437,0.11276143789291382,0.08529536426067352
847,-0.10355530679225922,0.3303382396697998,0.09220541268587112
848,-0.06865833699703217,0.5493577122688293,0.10127611458301544
849,-0.031137272715568542,0.769810140132904,0.11250703036785126
850,0.009004548192024231,0.9917031526565552,0.1258980929851532
851,0.15793977677822113,-0.7699581980705261,0.03193192556500435
852,0.17759133875370026,-0.5545943975448608,0.04227781295776367
853,0.1998748779296875,-0.3377256989479065,0.0547865591943264
854,0.2247856855392456,-0.11934682726860046,0.06945838034152985
855,0.2523195147514343,0.10053083300590515,0.0862928032875061
856,0.28247305750846863,0.3218873143196106,0.10528896749019623
857,0.31524455547332764,0.5447003841400146,0.1264457404613495
858,0.3506340980529785,0.768951952457428,0.1497621387243271
859,0.38864409923553467,0.994634747505188,0.1752374768257141
860,0.42927980422973633,1.2217596769332886,0.20287194848060608
861,0.5739046335220337,-0.5854130387306213,-0.017786473035812378
862,0.5940919518470764,-0.3648068904876709,0.006803278811275959
863,0.616915762424469,-0.1426934152841568,0.03355700522661209
864,0.6423628926277161,0.08092865347862244,0.06247488409280777
865,0.6704233884811401,0.3060458302497864,0.09355601668357849
866,0.7010912299156189,0.5326368808746338,0.12679891288280487
867,0.7343645691871643,0.7606796026229858,0.1622018963098526
868,0.7702463865280151,0.9901569485664368,0.19976340234279633
869,0.8087447285652161,1.2210639715194702,0.23948268592357635
870,0.8498732447624207,1.4534144401550293,0.28136011958122253
871,0.9901548624038696,-0.39923185110092163,-0.06598493456840515
872,1.0108797550201416,-0.17338791489601135,-0.027152054011821747
873,1.0342438220977783,0.05396515130996704,0.013845784589648247
874,1.0602262020111084,0.28282496333122253,0.05700879544019699
875,1.0888125896453857,0.5131760835647583,0.10233564674854279
876,1.1199942827224731,0.7449964284896851,0.14982426166534424
877,1.1537694931030273,0.9782635569572449,0.1994723528623581
878,1.1901438236236572,1.2129616737365723,0.25127798318862915
879,1.2291297912597656,1.449087381362915,0.30524012446403503
880,1.2707486152648926,1.6866569519042969,0.361359566450119
881,1.406672716140747,-0.21143180131912231,-0.1126624122262001
882,1.4279372692108154,0.01964724063873291,-0.05958762764930725
883,1.451841950416565,0.25223660469055176,-0.004346869885921478
884,1.4783589839935303,0.48633092641830444,0.053060032427310944
885,1.5074701309204102,0.7219130396842957,0.11263132840394974
886,1.5391656160354614,0.9589602947235107,0.1743643879890442
887,1.5734434127807617,1.1974499225616455,0.23825643956661224
888,1.610310435295105,1.437366008758545,0.30430492758750916
889,1.6497830152511597,1.678706407546997,0.3725084960460663
890,1.6918894052505493,1.9214904308319092,0.4428684413433075
891,1.8234713077545166,-0.022024989128112793,-0.1578194797039032
892,1.8452773094177246,0.2142895758152008,-0.09050413966178894
893,1.8697234392166138,0.45211556553840637,-0.021021490916609764
894,1.8967758417129517,0.6914455890655518,0.05062840133905411
895,1.926412582397461,0.9322609305381775,0.1244431585073471
896,1.9586219787597656,1.174537181854248,0.20041964948177338
897,1.9934020042419434,1.4182511568069458,0.27855467796325684
898,2.030761241912842,1.663386583328247,0.35884523391723633
899,2.0707194805145264,1.9099416732788086,0.4412892460823059
900,2.113311290740967,2.1579384803771973,0.5258881449699402
901,-2.1320247650146484,-1.852402687072754,0.29987967014312744
902,-2.1135358810424805,-1.6377545595169067,0.23971182107925415
903,-2.0924174785614014,-1.421602487564087,0.18170176446437836
904,-2.068652629852295,-1.2039340734481812,0.12585040926933289
905,-2.042231321334839,-0.9847538471221924,0.07215926051139832
906,-2.013148546218872,-0.7640794515609741,0.020629670470952988
907,-1.9814069271087646,-0.5419340133666992,-0.02873750776052475
908,-1.9470137357711792,-0.31833797693252563,-0.07594147324562073
909,-1.9099808931350708,-0.09330213069915771,-0.12098142504692078
910,-1.8703243732452393,0.13317543268203735,-0.16385723650455475
911,-1.6693508625030518,-1.6580559015274048,0.2433156967163086
912,-1.6503269672393799,-1.4381506443023682,0.1973913013935089
913,-1.6286747455596924,-1.2167422771453857,0.15362548828125
914,-1.6043813228607178,-0.9938199520111084,0.11201895773410797
915,-1.577437400817871,-0.7693884968757629,0.07257282733917236
916,-1.5478395223617554,-0.5434653162956238,0.03528822213411331
917,-1.515589714050293,-0.316072940826416,0.00016589835286140442
918,-1.4806947708129883,-0.08723163604736328,-0.03279351070523262
919,-1.4431654214859009,0.14304769039154053,-0.06358969211578369
920,-1.4030134677886963,0.37476837635040283,-0.09222257137298584
921,-1.2062705755233765,-1.46204674243927,0.1882656216621399
922,-1.1867128610610962,-1.2368848323822021,0.1565854847431183
923,-1.1645275354385376,-1.0102202892303467,0.12706467509269714
924,-1.1397058963775635,-0.78204345703125,0.09970396012067795
925,-1.1122398376464844,-0.5523596405982971,0.07450411468744278
926,-1.0821267366409302,-0.32118654251098633,0.05146586149930954
927,-1.0493686199188232,-0.08854645490646362,0.030589647591114044
928,-1.0139713287353516,0.1455402970314026,0.01187567412853241
929,-0.9759446382522583,0.3810628652572632,-0.004676053300499916
930,-0.935296356678009,0.6180269718170166,-0.01906524784862995
931,-0.7427706718444824,-1.2643616199493408,0.13473019003868103
932,-0.722680389881134,-1.0339456796646118,0.11729498207569122
933,-0.699962317943573,-0.8020271062850952,0.10201999545097351
934,-0.6746112108230591,-0.5685964822769165,0.08890604972839355
935,-0.6466221809387207,-0.3336608409881592,0.0779535323381424
936,-0.615993857383728,-0.09723848104476929,0.0691627562046051
937,-0.5827282071113586,0.14064782857894897,0.06253364682197571
938,-0.5468300580978394,0.37997785210609436,0.0580659918487072
939,-0.5083061456680298,0.6207413673400879,0.055759496986866
940,-0.4671606421470642,0.8629463315010071,0.05561451613903046
941,-0.2788676619529724,-1.0650008916854858,0.08271090686321259
942,-0.2582460641860962,-0.8293347358703613,0.07952074706554413
943,-0.23499555885791779,-0.5921652317047119,0.07849209010601044
944,-0.20911456644535065,-0.35348379611968994,0.0796254575252533
945,-0.18060202896595,-0.11329902708530426,0.08292099088430405
946,-0.1494586169719696,0.1283694952726364,0.08837839215993881
947,-0.11568634957075119,0.37149861454963684,0.09599706530570984
948,-0.07928813993930817,0.616068422794342,0.10577628016471863
949,-0.040266960859298706,0.862069845199585,0.1177155077457428
950,0.0013767629861831665,1.1095126867294312,0.13181495666503906
951,0.1854007989168167,-0.8639772534370422,0.032208941876888275
952,0.20655319094657898,-0.6230645179748535,0.043263763189315796
953,0.23033560812473297,-0.380647748708725,0.056481461971998215
954,0.25674647092819214,-0.13671936094760895,0.07186232507228851
955,0.28578251600265503,0.10871027410030365,0.08940605074167252
956,0.3174407482147217,0.35562050342559814,0.10911179333925247
957,0.3517191410064697,0.6039879322052002,0.13097839057445526
958,0.38861703872680664,0.8537933826446533,0.155004620552063
959,0.4281357526779175,1.1050293445587158,0.18118971586227417
960,0.4702780842781067,1.3577064275741577,0.20953360199928284
961,0.6499896049499512,-0.6613084673881531,-0.01677490770816803
962,0.6716731786727905,-0.41515278816223145,0.008524770848453045
963,0.6959877610206604,-0.1674923300743103,0.03598855808377266
964,0.7229280471801758,0.08167871832847595,0.06561654806137085
965,0.752487063407898,0.3323485255241394,0.09740804135799408
966,0.7846598625183105,0.5844957828521729,0.131361722946167
967,0.8194442987442017,0.8380971550941467,0.1674758791923523
968,0.8568419218063354,1.0931341648101807,0.2057487964630127
969,0.8968576788902283,1.3496007919311523,0.2461794912815094
970,0.9394980072975159,1.6075079441070557,0.2887677848339081
971,1.1148616075515747,-0.45701250433921814,-0.06423980742692947
972,1.1370774507522583,-0.20561695098876953,-0.0246956255286932
973,1.161924123764038,0.04728388786315918,0.01701362431049347
974,1.189393162727356,0.3016936182975769,0.060887932777404785
975,1.219474196434021,0.557599663734436,0.106926329433918
976,1.2521612644195557,0.8149802684783936,0.15512703359127045
977,1.2874523401260376,1.0738121271133423,0.20548786222934723
978,1.3253498077392578,1.3340773582458496,0.2580066919326782
979,1.3658623695373535,1.595771074295044,0.3126824200153351
980,1.4089994430541992,1.8589047193527222,0.3695148229598999
981,1.5800013542175293,-0.251101016998291,-0.11018489301204681
982,1.602750301361084,0.005531609058380127,-0.056396953761577606
983,1.6281291246414185,0.2636699378490448,-0.0004432313144207001
984,1.6561254262924194,0.5233154296875,0.05767634138464928
985,1.686727523803711,0.784455418586731,0.11796048283576965
986,1.7199288606643677,1.0470678806304932,0.1804070621728897
987,1.7557271718978882,1.311129093170166,0.24501349031925201
988,1.7941259145736694,1.5766208171844482,0.31177735328674316
989,1.835134506225586,1.8435389995574951,0.380697101354599
990,1.8787668943405151,2.1118955612182617,0.4517728090286255
991,2.0454227924346924,-0.043576836585998535,-0.15460990369319916
992,2.0687060356140137,0.21829253435134888,-0.08657899498939514
993,2.094618082046509,0.48166772723197937,-0.01638157293200493
994,2.1231422424316406,0.7465488314628601,0.05598226189613342
995,2.154265880584717,1.0129226446151733,0.13051088154315948
996,2.187981367111206,1.2807670831680298,0.20720191299915314
997,2.2242863178253174,1.5500576496124268,0.28605273365974426
998,2.263185501098633,1.8207757472991943,0.36706066131591797
999,2.3046889305114746,2.0929172039031982,0.4502236545085907
1000,2.348815441131592,2.3664956092834473,0.5355417132377625
