1, 1, 9, 57, 24
2, 52, 1, 24, 108
3, 52, 133, 9, 1
4, 9, 10, 58, 57
5, 133, 134, 10, 9
6, 10, 11, 59, 58
7, 134, 135, 11, 10
8, 11, 12, 60, 59
9, 135, 136, 12, 11
10, 12, 2, 13, 60
11, 2, 25, 73, 13
12, 136, 25, 2, 12
13, 51, 52, 108, 107
14, 51, 129, 133, 52
15, 129, 130, 134, 133
16, 130, 131, 135, 134
17, 131, 132, 136, 135
18, 25, 26, 74, 73
19, 132, 26, 25, 136
20, 50, 51, 107, 106
21, 50, 125, 129, 51
22, 125, 126, 130, 129
23, 126, 127, 131, 130
24, 127, 128, 132, 131
25, 26, 27, 75, 74
26, 128, 27, 26, 132
27, 49, 50, 106, 105
28, 49, 121, 125, 50
29, 121, 122, 126, 125
30, 122, 123, 127, 126
31, 123, 124, 128, 127
32, 27, 28, 76, 75
33, 124, 28, 27, 128
34, 40, 4, 41, 92
35, 4, 49, 105, 41
36, 4, 40, 121, 49
37, 39, 40, 92, 91
38, 40, 39, 122, 121
39, 38, 39, 91, 90
40, 39, 38, 123, 122
41, 37, 38, 90, 89
42, 38, 37, 124, 123
43, 28, 3, 29, 76
44, 3, 37, 89, 29
45, 37, 3, 28, 124
46, 24, 57, 61, 23
47, 108, 24, 23, 112
48, 57, 58, 62, 61
49, 58, 59, 63, 62
50, 59, 60, 64, 63
51, 60, 13, 14, 64
52, 13, 73, 77, 14
53, 107, 108, 112, 111
54, 73, 74, 78, 77
55, 106, 107, 111, 110
56, 74, 75, 79, 78
57, 105, 106, 110, 109
58, 75, 76, 80, 79
59, 92, 41, 42, 96
60, 41, 105, 109, 42
61, 91, 92, 96, 95
62, 90, 91, 95, 94
63, 89, 90, 94, 93
64, 76, 29, 30, 80
65, 29, 89, 93, 30
66, 23, 61, 65, 22
67, 112, 23, 22, 116
68, 61, 62, 66, 65
69, 62, 63, 67, 66
70, 63, 64, 68, 67
71, 64, 14, 15, 68
72, 14, 77, 81, 15
73, 111, 112, 116, 115
74, 77, 78, 82, 81
75, 110, 111, 115, 114
76, 78, 79, 83, 82
77, 109, 110, 114, 113
78, 79, 80, 84, 83
79, 96, 42, 43, 100
80, 42, 109, 113, 43
81, 95, 96, 100, 99
82, 94, 95, 99, 98
83, 93, 94, 98, 97
84, 80, 30, 31, 84
85, 30, 93, 97, 31
86, 22, 65, 69, 21
87, 116, 22, 21, 120
88, 65, 66, 70, 69
89, 66, 67, 71, 70
90, 67, 68, 72, 71
91, 68, 15, 16, 72
92, 15, 81, 85, 16
93, 115, 116, 120, 119
94, 81, 82, 86, 85
95, 114, 115, 119, 118
96, 82, 83, 87, 86
97, 113, 114, 118, 117
98, 83, 84, 88, 87
99, 100, 43, 44, 104
100, 43, 113, 117, 44
101, 99, 100, 104, 103
102, 98, 99, 103, 102
103, 97, 98, 102, 101
104, 84, 31, 32, 88
105, 31, 97, 101, 32
106, 21, 69, 20, 5
107, 120, 21, 5, 53
108, 5, 20, 137, 53
109, 69, 70, 19, 20
110, 20, 19, 138, 137
111, 70, 71, 18, 19
112, 19, 18, 139, 138
113, 71, 72, 17, 18
114, 18, 17, 140, 139
115, 72, 16, 6, 17
116, 16, 85, 36, 6
117, 17, 6, 36, 140
118, 119, 120, 53, 54
119, 53, 137, 141, 54
120, 137, 138, 142, 141
121, 138, 139, 143, 142
122, 139, 140, 144, 143
123, 85, 86, 35, 36
124, 140, 36, 35, 144
125, 118, 119, 54, 55
126, 54, 141, 145, 55
127, 141, 142, 146, 145
128, 142, 143, 147, 146
129, 143, 144, 148, 147
130, 86, 87, 34, 35
131, 144, 35, 34, 148
132, 117, 118, 55, 56
133, 55, 145, 149, 56
134, 145, 146, 150, 149
135, 146, 147, 151, 150
136, 147, 148, 152, 151
137, 87, 88, 33, 34
138, 148, 34, 33, 152
139, 104, 44, 8, 45
140, 44, 117, 56, 8
141, 56, 149, 45, 8
142, 103, 104, 45, 46
143, 149, 150, 46, 45
144, 102, 103, 46, 47
145, 150, 151, 47, 46
146, 101, 102, 47, 48
147, 151, 152, 48, 47
148, 88, 32, 7, 33
149, 32, 101, 48, 7
150, 152, 33, 7, 48
