1,0.008,0.00799072,0.0079801,0.00796798,0.00795413,0.00793831,0.00792019,0.00789939,0.0078754,0.00784752,0.00781483
2,0.008,0.00799218,0.00798341,0.00797355,0.00796247,0.00795,0.0079359,0.00791991,0.00790169,0.00788079,0.00785655
3,0.008,0.00799202,0.00798314,0.00797324,0.0079622,0.00794985,0.007936,0.0079204,0.00790275,0.00788263,0.00785948
4,0.008,0.00799218,0.00798341,0.00797355,0.00796247,0.00795,0.0079359,0.00791991,0.00790169,0.00788079,0.00785655
5,0.008,0.00799072,0.0079801,0.00796798,0.00795413,0.00793831,0.00792019,0.00789939,0.0078754,0.00784752,0.00781483
6,0.008,0.00799218,0.00798341,0.00797355,0.00796247,0.00795,0.0079359,0.00791991,0.00790169,0.00788079,0.00785655
7,0.008,0.00799368,0.00798678,0.00797923,0.00797094,0.0079618,0.00795169,0.00794046,0.00792789,0.00791374,0.00789765
8,0.008,0.00799343,0.00798635,0.00797869,0.00797038,0.00796134,0.00795145,0.00794059,0.00792859,0.00791522,0.00790021
9,0.008,0.00799368,0.00798678,0.00797923,0.00797094,0.0079618,0.00795169,0.00794046,0.00792789,0.00791374,0.00789765
10,0.008,0.00799218,0.00798341,0.00797355,0.00796247,0.00795,0.0079359,0.00791991,0.00790169,0.00788079,0.00785655
11,0.008,0.00799202,0.00798314,0.00797324,0.0079622,0.00794985,0.007936,0.0079204,0.00790275,0.00788263,0.00785948
12,0.008,0.00799343,0.00798635,0.00797869,0.00797038,0.00796134,0.00795145,0.00794059,0.00792859,0.00791522,0.00790021
13,0.008,0.00799323,0.00798603,0.00797834,0.0079701,0.00796124,0.00795167,0.00794129,0.00792995,0.0079175,0.00790368
14,0.008,0.00799343,0.00798635,0.00797869,0.00797038,0.00796134,0.00795145,0.00794059,0.00792859,0.00791522,0.00790021
15,0.008,0.00799202,0.00798314,0.00797324,0.0079622,0.00794985,0.007936,0.0079204,0.00790275,0.00788263,0.00785948
16,0.008,0.00799218,0.00798341,0.00797355,0.00796247,0.00795,0.0079359,0.00791991,0.00790169,0.00788079,0.00785655
17,0.008,0.00799368,0.00798678,0.00797923,0.00797094,0.0079618,0.00795169,0.00794046,0.00792789,0.00791374,0.00789765
18,0.008,0.00799343,0.00798635,0.00797869,0.00797038,0.00796134,0.00795145,0.00794059,0.00792859,0.00791522,0.00790021
19,0.008,0.00799368,0.00798678,0.00797923,0.00797094,0.0079618,0.00795169,0.00794046,0.00792789,0.00791374,0.00789765
20,0.008,0.00799218,0.00798341,0.00797355,0.00796247,0.00795,0.0079359,0.00791991,0.00790169,0.00788079,0.00785655
21,0.008,0.00799072,0.0079801,0.00796798,0.00795413,0.00793831,0.00792019,0.00789939,0.0078754,0.00784752,0.00781483
22,0.008,0.00799218,0.00798341,0.00797355,0.00796247,0.00795,0.0079359,0.00791991,0.00790169,0.00788079,0.00785655
23,0.008,0.00799202,0.00798314,0.00797324,0.0079622,0.00794985,0.007936,0.0079204,0.00790275,0.00788263,0.00785948
24,0.008,0.00799218,0.00798341,0.00797355,0.00796247,0.00795,0.0079359,0.00791991,0.00790169,0.00788079,0.00785655
25,0.008,0.00799072,0.0079801,0.00796798,0.00795413,0.00793831,0.00792019,0.00789939,0.0078754,0.00784752,0.00781483
26,0.008,0.00799543,0.0079889,0.00798012,0.00796875,0.00795436,0.00793643,0.00791427,0.00788701,0.00785343,0.00781182
27,0.008,0.00799466,0.00798745,0.00797812,0.00796631,0.00795164,0.00793357,0.00791146,0.00788445,0.00785138,0.00781058
28,0.008,0.00799485,0.00798791,0.00797893,0.00796757,0.00795346,0.00793608,0.0079148,0.00788881,0.00785696,0.00781767
29,0.008,0.00799466,0.00798745,0.00797812,0.00796631,0.00795164,0.00793357,0.00791146,0.00788445,0.00785138,0.00781058
30,0.008,0.00799543,0.0079889,0.00798012,0.00796875,0.00795436,0.00793643,0.00791427,0.00788701,0.00785343,0.00781182
31,0.008,0.00799466,0.00798745,0.00797812,0.00796631,0.00795164,0.00793357,0.00791146,0.00788445,0.00785138,0.00781058
32,0.008,0.00799386,0.00798597,0.00797607,0.00796385,0.0079489,0.00793074,0.00790873,0.00788207,0.00784964,0.00780989
33,0.008,0.00799398,0.0079863,0.00797669,0.00796486,0.00795041,0.00793289,0.00791167,0.00788598,0.00785475,0.00781649
34,0.008,0.00799386,0.00798597,0.00797607,0.00796385,0.0079489,0.00793074,0.00790873,0.00788207,0.00784964,0.00780989
35,0.008,0.00799466,0.00798745,0.00797812,0.00796631,0.00795164,0.00793357,0.00791146,0.00788445,0.00785138,0.00781058
36,0.008,0.00799485,0.00798791,0.00797893,0.00796757,0.00795346,0.00793608,0.0079148,0.00788881,0.00785696,0.00781767
37,0.008,0.00799398,0.0079863,0.00797669,0.00796486,0.00795041,0.00793289,0.00791167,0.00788598,0.00785475,0.00781649
38,0.008,0.00799413,0.00798668,0.00797739,0.00796597,0.00795206,0.00793519,0.00791478,0.00789008,0.00786007,0.00782331
39,0.008,0.00799398,0.0079863,0.00797669,0.00796486,0.00795041,0.00793289,0.00791167,0.00788598,0.00785475,0.00781649
40,0.008,0.00799485,0.00798791,0.00797893,0.00796757,0.00795346,0.00793608,0.0079148,0.00788881,0.00785696,0.00781767
41,0.008,0.00799466,0.00798745,0.00797812,0.00796631,0.00795164,0.00793357,0.00791146,0.00788445,0.00785138,0.00781058
42,0.008,0.00799386,0.00798597,0.00797607,0.00796385,0.0079489,0.00793074,0.00790873,0.00788207,0.00784964,0.00780989
43,0.008,0.00799398,0.0079863,0.00797669,0.00796486,0.00795041,0.00793289,0.00791167,0.00788598,0.00785475,0.00781649
44,0.008,0.00799386,0.00798597,0.00797607,0.00796385,0.0079489,0.00793074,0.00790873,0.00788207,0.00784964,0.00780989
45,0.008,0.00799466,0.00798745,0.00797812,0.00796631,0.00795164,0.00793357,0.00791146,0.00788445,0.00785138,0.00781058
46,0.008,0.00799543,0.0079889,0.00798012,0.00796875,0.00795436,0.00793643,0.00791427,0.00788701,0.00785343,0.00781182
47,0.008,0.00799466,0.00798745,0.00797812,0.00796631,0.00795164,0.00793357,0.00791146,0.00788445,0.00785138,0.00781058
48,0.008,0.00799485,0.00798791,0.00797893,0.00796757,0.00795346,0.00793608,0.0079148,0.00788881,0.00785696,0.00781767
49,0.008,0.00799466,0.00798745,0.00797812,0.00796631,0.00795164,0.00793357,0.00791146,0.00788445,0.00785138,0.00781058
50,0.008,0.00799543,0.0079889,0.00798012,0.00796875,0.00795436,0.00793643,0.00791427,0.00788701,0.00785343,0.00781182
51,0.008,0.0079957,0.007989,0.00797955,0.00796689,0.00795047,0.00792958,0.00790331,0.00787046,0.00782935,0.00777755
52,0.008,0.00799537,0.00798829,0.0079784,0.00796523,0.00794819,0.00792656,0.00789937,0.00786537,0.00782282,0.00776918
53,0.008,0.00799521,0.007988,0.007978,0.00796474,0.00794765,0.00792599,0.00789882,0.00786487,0.00782242,0.00776892
54,0.008,0.00799537,0.00798829,0.0079784,0.00796523,0.00794819,0.00792656,0.00789937,0.00786537,0.00782282,0.00776918
55,0.008,0.0079957,0.007989,0.00797955,0.00796689,0.00795047,0.00792958,0.00790331,0.00787046,0.00782935,0.00777755
56,0.008,0.00799537,0.00798829,0.0079784,0.00796523,0.00794819,0.00792656,0.00789937,0.00786537,0.00782282,0.00776918
57,0.008,0.00799491,0.00798733,0.00797687,0.00796306,0.00794528,0.00792277,0.00789455,0.00785929,0.0078152,0.00775963
58,0.008,0.00799478,0.00798711,0.00797657,0.00796271,0.00794492,0.00792242,0.00789425,0.00785909,0.00781513,0.00775976
59,0.008,0.00799491,0.00798733,0.00797687,0.00796306,0.00794528,0.00792277,0.00789455,0.00785929,0.0078152,0.00775963
60,0.008,0.00799537,0.00798829,0.0079784,0.00796523,0.00794819,0.00792656,0.00789937,0.00786537,0.00782282,0.00776918
61,0.008,0.00799521,0.007988,0.007978,0.00796474,0.00794765,0.00792599,0.00789882,0.00786487,0.00782242,0.00776892
62,0.008,0.00799478,0.00798711,0.00797657,0.00796271,0.00794492,0.00792242,0.00789425,0.00785909,0.00781513,0.00775976
63,0.008,0.00799459,0.00798673,0.00797604,0.00796203,0.0079441,0.0079215,0.00789323,0.00785799,0.00781397,0.00775855
64,0.008,0.00799478,0.00798711,0.00797657,0.00796271,0.00794492,0.00792242,0.00789425,0.00785909,0.00781513,0.00775976
65,0.008,0.00799521,0.007988,0.007978,0.00796474,0.00794765,0.00792599,0.00789882,0.00786487,0.00782242,0.00776892
66,0.008,0.00799537,0.00798829,0.0079784,0.00796523,0.00794819,0.00792656,0.00789937,0.00786537,0.00782282,0.00776918
67,0.008,0.00799491,0.00798733,0.00797687,0.00796306,0.00794528,0.00792277,0.00789455,0.00785929,0.0078152,0.00775963
68,0.008,0.00799478,0.00798711,0.00797657,0.00796271,0.00794492,0.00792242,0.00789425,0.00785909,0.00781513,0.00775976
69,0.008,0.00799491,0.00798733,0.00797687,0.00796306,0.00794528,0.00792277,0.00789455,0.00785929,0.0078152,0.00775963
70,0.008,0.00799537,0.00798829,0.0079784,0.00796523,0.00794819,0.00792656,0.00789937,0.00786537,0.00782282,0.00776918
71,0.008,0.0079957,0.007989,0.00797955,0.00796689,0.00795047,0.00792958,0.00790331,0.00787046,0.00782935,0.00777755
72,0.008,0.00799537,0.00798829,0.0079784,0.00796523,0.00794819,0.00792656,0.00789937,0.00786537,0.00782282,0.00776918
73,0.008,0.00799521,0.007988,0.007978,0.00796474,0.00794765,0.00792599,0.00789882,0.00786487,0.00782242,0.00776892
74,0.008,0.00799537,0.00798829,0.0079784,0.00796523,0.00794819,0.00792656,0.00789937,0.00786537,0.00782282,0.00776918
75,0.008,0.0079957,0.007989,0.00797955,0.00796689,0.00795047,0.00792958,0.00790331,0.00787046,0.00782935,0.00777755
76,0.008,0.0079956,0.00798857,0.00797849,0.00796486,0.00794706,0.00792427,0.00789546,0.00785922,0.00781361,0.00775577
77,0.008,0.00799552,0.00798832,0.007978,0.00796402,0.00794573,0.00792228,0.00789258,0.00785516,0.00780799,0.00774804
78,0.008,0.00799545,0.00798819,0.00797778,0.0079637,0.00794527,0.00792167,0.00789177,0.00785409,0.00780657,0.00774617
79,0.008,0.00799552,0.00798832,0.007978,0.00796402,0.00794573,0.00792228,0.00789258,0.00785516,0.00780799,0.00774804
80,0.008,0.0079956,0.00798857,0.00797849,0.00796486,0.00794706,0.00792427,0.00789546,0.00785922,0.00781361,0.00775577
81,0.008,0.00799552,0.00798832,0.007978,0.00796402,0.00794573,0.00792228,0.00789258,0.00785516,0.00780799,0.00774804
82,0.008,0.00799528,0.00798778,0.00797706,0.00796257,0.00794362,0.00791935,0.00788861,0.00784986,0.00780096,0.00773877
83,0.008,0.00799523,0.00798768,0.00797688,0.00796231,0.00794325,0.00791884,0.00788791,0.00784893,0.00779971,0.00773709
84,0.008,0.00799528,0.00798778,0.00797706,0.00796257,0.00794362,0.00791935,0.00788861,0.00784986,0.00780096,0.00773877
85,0.008,0.00799552,0.00798832,0.007978,0.00796402,0.00794573,0.00792228,0.00789258,0.00785516,0.00780799,0.00774804
86,0.008,0.00799545,0.00798819,0.00797778,0.0079637,0.00794527,0.00792167,0.00789177,0.00785409,0.00780657,0.00774617
87,0.008,0.00799523,0.00798768,0.00797688,0.00796231,0.00794325,0.00791884,0.00788791,0.00784893,0.00779971,0.00773709
88,0.008,0.00799518,0.00798757,0.0079767,0.00796202,0.00794283,0.00791825,0.0078871,0.00784783,0.00779823,0.00773509
89,0.008,0.00799523,0.00798768,0.00797688,0.00796231,0.00794325,0.00791884,0.00788791,0.00784893,0.00779971,0.00773709
90,0.008,0.00799545,0.00798819,0.00797778,0.0079637,0.00794527,0.00792167,0.00789177,0.00785409,0.00780657,0.00774617
91,0.008,0.00799552,0.00798832,0.007978,0.00796402,0.00794573,0.00792228,0.00789258,0.00785516,0.00780799,0.00774804
92,0.008,0.00799528,0.00798778,0.00797706,0.00796257,0.00794362,0.00791935,0.00788861,0.00784986,0.00780096,0.00773877
93,0.008,0.00799523,0.00798768,0.00797688,0.00796231,0.00794325,0.00791884,0.00788791,0.00784893,0.00779971,0.00773709
94,0.008,0.00799528,0.00798778,0.00797706,0.00796257,0.00794362,0.00791935,0.00788861,0.00784986,0.00780096,0.00773877
95,0.008,0.00799552,0.00798832,0.007978,0.00796402,0.00794573,0.00792228,0.00789258,0.00785516,0.00780799,0.00774804
96,0.008,0.0079956,0.00798857,0.00797849,0.00796486,0.00794706,0.00792427,0.00789546,0.00785922,0.00781361,0.00775577
97,0.008,0.00799552,0.00798832,0.007978,0.00796402,0.00794573,0.00792228,0.00789258,0.00785516,0.00780799,0.00774804
98,0.008,0.00799545,0.00798819,0.00797778,0.0079637,0.00794527,0.00792167,0.00789177,0.00785409,0.00780657,0.00774617
99,0.008,0.00799552,0.00798832,0.007978,0.00796402,0.00794573,0.00792228,0.00789258,0.00785516,0.00780799,0.00774804
100,0.008,0.0079956,0.00798857,0.00797849,0.00796486,0.00794706,0.00792427,0.00789546,0.00785922,0.00781361,0.00775577
101,0.008,0.0079954,0.00798803,0.00797746,0.00796315,0.00794443,0.00792045,0.00789009,0.00785185,0.00780365,0.00774237
102,0.008,0.00799551,0.00798819,0.0079776,0.00796318,0.00794425,0.00791993,0.00788906,0.00785009,0.00780084,0.00773811
103,0.008,0.00799551,0.00798818,0.00797754,0.00796305,0.007944,0.00791952,0.00788841,0.00784912,0.00779943,0.00773609
104,0.008,0.00799551,0.00798819,0.0079776,0.00796318,0.00794425,0.00791993,0.00788906,0.00785009,0.00780084,0.00773811
105,0.008,0.0079954,0.00798803,0.00797746,0.00796315,0.00794443,0.00792045,0.00789009,0.00785185,0.00780365,0.00774237
106,0.008,0.00799551,0.00798819,0.0079776,0.00796318,0.00794425,0.00791993,0.00788906,0.00785009,0.00780084,0.00773811
107,0.008,0.00799557,0.00798825,0.00797758,0.007963,0.00794381,0.00791909,0.00788765,0.00784789,0.00779758,0.00773339
108,0.008,0.00799558,0.00798825,0.00797754,0.00796289,0.00794358,0.00791869,0.00788702,0.00784695,0.0077962,0.00773141
109,0.008,0.00799557,0.00798825,0.00797758,0.007963,0.00794381,0.00791909,0.00788765,0.00784789,0.00779758,0.00773339
110,0.008,0.00799551,0.00798819,0.0079776,0.00796318,0.00794425,0.00791993,0.00788906,0.00785009,0.00780084,0.00773811
111,0.008,0.00799551,0.00798818,0.00797754,0.00796305,0.007944,0.00791952,0.00788841,0.00784912,0.00779943,0.00773609
112,0.008,0.00799558,0.00798825,0.00797754,0.00796289,0.00794358,0.00791869,0.00788702,0.00784695,0.0077962,0.00773141
113,0.008,0.00799558,0.00798822,0.00797746,0.00796272,0.00794327,0.00791819,0.00788625,0.00784583,0.00779461,0.00772918
114,0.008,0.00799558,0.00798825,0.00797754,0.00796289,0.00794358,0.00791869,0.00788702,0.00784695,0.0077962,0.00773141
115,0.008,0.00799551,0.00798818,0.00797754,0.00796305,0.007944,0.00791952,0.00788841,0.00784912,0.00779943,0.00773609
116,0.008,0.00799551,0.00798819,0.0079776,0.00796318,0.00794425,0.00791993,0.00788906,0.00785009,0.00780084,0.00773811
117,0.008,0.00799557,0.00798825,0.00797758,0.007963,0.00794381,0.00791909,0.00788765,0.00784789,0.00779758,0.00773339
118,0.008,0.00799558,0.00798825,0.00797754,0.00796289,0.00794358,0.00791869,0.00788702,0.00784695,0.0077962,0.00773141
119,0.008,0.00799557,0.00798825,0.00797758,0.007963,0.00794381,0.00791909,0.00788765,0.00784789,0.00779758,0.00773339
120,0.008,0.00799551,0.00798819,0.0079776,0.00796318,0.00794425,0.00791993,0.00788906,0.00785009,0.00780084,0.00773811
121,0.008,0.0079954,0.00798803,0.00797746,0.00796315,0.00794443,0.00792045,0.00789009,0.00785185,0.00780365,0.00774237
122,0.008,0.00799551,0.00798819,0.0079776,0.00796318,0.00794425,0.00791993,0.00788906,0.00785009,0.00780084,0.00773811
123,0.008,0.00799551,0.00798818,0.00797754,0.00796305,0.007944,0.00791952,0.00788841,0.00784912,0.00779943,0.00773609
124,0.008,0.00799551,0.00798819,0.0079776,0.00796318,0.00794425,0.00791993,0.00788906,0.00785009,0.00780084,0.00773811
125,0.008,0.0079954,0.00798803,0.00797746,0.00796315,0.00794443,0.00792045,0.00789009,0.00785185,0.00780365,0.00774237
