1,-0.45051243901252747,-0.45051243901252747,0.0497305653989315
2,-0.3503444194793701,-0.45050907135009766,0.049778684973716736
3,-0.250223308801651,-0.4505351781845093,0.049787987023591995
4,-0.15012668073177338,-0.4505525529384613,0.04979417845606804
5,-0.05004114657640457,-0.4505611062049866,0.049796462059020996
6,0.05004114657640457,-0.4505611062049866,0.049796462059020996
7,0.15012668073177338,-0.4505525529384613,0.04979417845606804
8,0.250223308801651,-0.4505351781845093,0.049787987023591995
9,0.3503444194793701,-0.45050907135009766,0.049778684973716736
10,0.45051243901252747,-0.45051243901252747,0.0497305653989315
11,-0.45050907135009766,-0.3503444194793701,0.049778684973716736
12,-0.350344717502594,-0.350344717502594,0.049826204776763916
13,-0.2502245306968689,-0.3503609597682953,0.049835845828056335
14,-0.15012715756893158,-0.3503737151622772,0.04984210059046745
15,-0.050041232258081436,-0.3503803312778473,0.04984455183148384
16,0.050041232258081436,-0.3503803312778473,0.04984455183148384
17,0.15012715756893158,-0.3503737151622772,0.04984210059046745
18,0.2502245306968689,-0.3503609597682953,0.049835845828056335
19,0.350344717502594,-0.350344717502594,0.049826204776763916
20,0.45050907135009766,-0.3503444194793701,0.049778684973716736
21,-0.4505351781845093,-0.250223308801651,0.049787987023591995
22,-0.3503609597682953,-0.2502245306968689,0.049835845828056335
23,-0.2502348721027374,-0.2502348721027374,0.049846820533275604
24,-0.15013279020786285,-0.2502434551715851,0.04985346272587776
25,-0.05004299059510231,-0.25024813413619995,0.04985608160495758
26,0.05004299059510231,-0.25024813413619995,0.04985608160495758
27,0.15013279020786285,-0.2502434551715851,0.04985346272587776
28,0.2502348721027374,-0.2502348721027374,0.049846820533275604
29,0.3503609597682953,-0.2502245306968689,0.049835845828056335
30,0.4505351781845093,-0.250223308801651,0.049787987023591995
31,-0.4505525529384613,-0.15012668073177338,0.04979417845606804
32,-0.3503737151622772,-0.15012715756893158,0.04984210059046745
33,-0.2502434551715851,-0.15013279020786285,0.04985346272587776
34,-0.15013767778873444,-0.15013767778873444,0.04986041784286499
35,-0.05004456639289856,-0.1501404047012329,0.04986317828297615
36,0.05004456639289856,-0.1501404047012329,0.04986317828297615
37,0.15013767778873444,-0.15013767778873444,0.04986041784286499
38,0.2502434551715851,-0.15013279020786285,0.04985346272587776
39,0.3503737151622772,-0.15012715756893158,0.04984210059046745
40,0.4505525529384613,-0.15012668073177338,0.04979417845606804
41,-0.4505611062049866,-0.05004114657640457,0.049796462059020996
42,-0.3503803312778473,-0.050041232258081436,0.04984455183148384
43,-0.25024813413619995,-0.05004299059510231,0.04985608160495758
44,-0.1501404047012329,-0.05004456639289856,0.04986317828297615
45,-0.05004545673727989,-0.05004545673727989,0.04986600950360298
46,0.05004545673727989,-0.05004545673727989,0.04986600950360298
47,0.1501404047012329,-0.05004456639289856,0.04986317828297615
48,0.25024813413619995,-0.05004299059510231,0.04985608160495758
49,0.3503803312778473,-0.050041232258081436,0.04984455183148384
50,0.4505611062049866,-0.05004114657640457,0.049796462059020996
51,-0.4505611062049866,0.05004114657640457,0.049796462059020996
52,-0.3503803312778473,0.050041232258081436,0.04984455183148384
53,-0.25024813413619995,0.05004299059510231,0.04985608160495758
54,-0.1501404047012329,0.05004456639289856,0.04986317828297615
55,-0.05004545673727989,0.05004545673727989,0.04986600950360298
56,0.05004545673727989,0.05004545673727989,0.04986600950360298
57,0.1501404047012329,0.05004456639289856,0.04986317828297615
58,0.25024813413619995,0.05004299059510231,0.04985608160495758
59,0.3503803312778473,0.050041232258081436,0.04984455183148384
60,0.4505611062049866,0.05004114657640457,0.049796462059020996
61,-0.4505525529384613,0.15012668073177338,0.04979417845606804
62,-0.3503737151622772,0.15012715756893158,0.04984210059046745
63,-0.2502434551715851,0.15013279020786285,0.04985346272587776
64,-0.15013767778873444,0.15013767778873444,0.04986041784286499
65,-0.05004456639289856,0.1501404047012329,0.04986317828297615
66,0.05004456639289856,0.1501404047012329,0.04986317828297615
67,0.15013767778873444,0.15013767778873444,0.04986041784286499
68,0.2502434551715851,0.15013279020786285,0.04985346272587776
69,0.3503737151622772,0.15012715756893158,0.04984210059046745
70,0.4505525529384613,0.15012668073177338,0.04979417845606804
71,-0.4505351781845093,0.250223308801651,0.049787987023591995
72,-0.3503609597682953,0.2502245306968689,0.049835845828056335
73,-0.2502348721027374,0.2502348721027374,0.049846820533275604
74,-0.15013279020786285,0.2502434551715851,0.04985346272587776
75,-0.05004299059510231,0.25024813413619995,0.04985608160495758
76,0.05004299059510231,0.25024813413619995,0.04985608160495758
77,0.15013279020786285,0.2502434551715851,0.04985346272587776
78,0.2502348721027374,0.2502348721027374,0.049846820533275604
79,0.3503609597682953,0.2502245306968689,0.049835845828056335
80,0.4505351781845093,0.250223308801651,0.049787987023591995
81,-0.45050907135009766,0.3503444194793701,0.049778684973716736
82,-0.350344717502594,0.350344717502594,0.049826204776763916
83,-0.2502245306968689,0.3503609597682953,0.049835845828056335
84,-0.15012715756893158,0.3503737151622772,0.04984210059046745
85,-0.050041232258081436,0.3503803312778473,0.04984455183148384
86,0.050041232258081436,0.3503803312778473,0.04984455183148384
87,0.15012715756893158,0.3503737151622772,0.04984210059046745
88,0.2502245306968689,0.3503609597682953,0.049835845828056335
89,0.350344717502594,0.350344717502594,0.049826204776763916
90,0.45050907135009766,0.3503444194793701,0.049778684973716736
91,-0.45051243901252747,0.45051243901252747,0.0497305653989315
92,-0.3503444194793701,0.45050907135009766,0.049778684973716736
93,-0.250223308801651,0.4505351781845093,0.049787987023591995
94,-0.15012668073177338,0.4505525529384613,0.04979417845606804
95,-0.05004114657640457,0.4505611062049866,0.049796462059020996
96,0.05004114657640457,0.4505611062049866,0.049796462059020996
97,0.15012668073177338,0.4505525529384613,0.04979417845606804
98,0.250223308801651,0.4505351781845093,0.049787987023591995
99,0.3503444194793701,0.45050907135009766,0.049778684973716736
100,0.45051243901252747,0.45051243901252747,0.0497305653989315
101,-0.4512898921966553,-0.4512898921966553,0.14902721345424652
102,-0.3509168028831482,-0.4512963891029358,0.14915558695793152
103,-0.2506120204925537,-0.45133984088897705,0.14919793605804443
104,-0.15035218000411987,-0.4513770341873169,0.14922168850898743
105,-0.05011506751179695,-0.45139607787132263,0.1492317020893097
106,0.05011506751179695,-0.45139607787132263,0.1492317020893097
107,0.15035218000411987,-0.4513770341873169,0.14922168850898743
108,0.2506120204925537,-0.45133984088897705,0.14919793605804443
109,0.3509168028831482,-0.4512963891029358,0.14915558695793152
110,0.4512898921966553,-0.4512898921966553,0.14902721345424652
111,-0.4512963891029358,-0.3509168028831482,0.14915558695793152
112,-0.3509226441383362,-0.3509226441383362,0.14928187429904938
113,-0.25061556696891785,-0.35095298290252686,0.14932465553283691
114,-0.15035337209701538,-0.35098084807395935,0.14934824407100677
115,-0.050115250051021576,-0.35099589824676514,0.14935849606990814
116,0.050115250051021576,-0.35099589824676514,0.14935849606990814
117,0.15035337209701538,-0.35098084807395935,0.14934824407100677
118,0.25061556696891785,-0.35095298290252686,0.14932465553283691
119,0.3509226441383362,-0.3509226441383362,0.14928187429904938
120,0.4512963891029358,-0.3509168028831482,0.14915558695793152
121,-0.45133984088897705,-0.2506120204925537,0.14919793605804443
122,-0.35095298290252686,-0.25061556696891785,0.14932465553283691
123,-0.25063568353652954,-0.25063568353652954,0.14937177300453186
124,-0.15036466717720032,-0.2506546080112457,0.14939694106578827
125,-0.05011884495615959,-0.25066518783569336,0.14940786361694336
126,0.05011884495615959,-0.25066518783569336,0.14940786361694336
127,0.15036466717720032,-0.2506546080112457,0.14939694106578827
128,0.25063568353652954,-0.25063568353652954,0.14937177300453186
129,0.35095298290252686,-0.25061556696891785,0.14932465553283691
130,0.45133984088897705,-0.2506120204925537,0.14919793605804443
131,-0.4513770341873169,-0.15035218000411987,0.14922168850898743
132,-0.35098084807395935,-0.15035337209701538,0.14934824407100677
133,-0.2506546080112457,-0.15036466717720032,0.14939694106578827
134,-0.15037555992603302,-0.15037555992603302,0.14942336082458496
135,-0.05012238398194313,-0.15038175880908966,0.14943483471870422
136,0.05012238398194313,-0.15038175880908966,0.14943483471870422
137,0.15037555992603302,-0.15037555992603302,0.14942336082458496
138,0.2506546080112457,-0.15036466717720032,0.14939694106578827
139,0.35098084807395935,-0.15035337209701538,0.14934824407100677
140,0.4513770341873169,-0.15035218000411987,0.14922168850898743
141,-0.45139607787132263,-0.05011506751179695,0.1492317020893097
142,-0.35099589824676514,-0.050115250051021576,0.14935849606990814
143,-0.25066518783569336,-0.05011884495615959,0.14940786361694336
144,-0.15038175880908966,-0.05012238398194313,0.14943483471870422
145,-0.05012441799044609,-0.05012441799044609,0.14944662153720856
146,0.05012441799044609,-0.05012441799044609,0.14944662153720856
147,0.15038175880908966,-0.05012238398194313,0.14943483471870422
148,0.25066518783569336,-0.05011884495615959,0.14940786361694336
149,0.35099589824676514,-0.050115250051021576,0.14935849606990814
150,0.45139607787132263,-0.05011506751179695,0.1492317020893097
151,-0.45139607787132263,0.05011506751179695,0.1492317020893097
152,-0.35099589824676514,0.050115250051021576,0.14935849606990814
153,-0.25066518783569336,0.05011884495615959,0.14940786361694336
154,-0.15038175880908966,0.05012238398194313,0.14943483471870422
155,-0.05012441799044609,0.05012441799044609,0.14944662153720856
156,0.05012441799044609,0.05012441799044609,0.14944662153720856
157,0.15038175880908966,0.05012238398194313,0.14943483471870422
158,0.25066518783569336,0.05011884495615959,0.14940786361694336
159,0.35099589824676514,0.050115250051021576,0.14935849606990814
160,0.45139607787132263,0.05011506751179695,0.1492317020893097
161,-0.4513770341873169,0.15035218000411987,0.14922168850898743
162,-0.35098084807395935,0.15035337209701538,0.14934824407100677
163,-0.2506546080112457,0.15036466717720032,0.14939694106578827
164,-0.15037555992603302,0.15037555992603302,0.14942336082458496
165,-0.05012238398194313,0.15038175880908966,0.14943483471870422
166,0.05012238398194313,0.15038175880908966,0.14943483471870422
167,0.15037555992603302,0.15037555992603302,0.14942336082458496
168,0.2506546080112457,0.15036466717720032,0.14939694106578827
169,0.35098084807395935,0.15035337209701538,0.14934824407100677
170,0.4513770341873169,0.15035218000411987,0.14922168850898743
171,-0.45133984088897705,0.2506120204925537,0.14919793605804443
172,-0.35095298290252686,0.25061556696891785,0.14932465553283691
173,-0.25063568353652954,0.25063568353652954,0.14937177300453186
174,-0.15036466717720032,0.2506546080112457,0.14939694106578827
175,-0.05011884495615959,0.25066518783569336,0.14940786361694336
176,0.05011884495615959,0.25066518783569336,0.14940786361694336
177,0.15036466717720032,0.2506546080112457,0.14939694106578827
178,0.25063568353652954,0.25063568353652954,0.14937177300453186
179,0.35095298290252686,0.25061556696891785,0.14932465553283691
180,0.45133984088897705,0.2506120204925537,0.14919793605804443
181,-0.4512963891029358,0.3509168028831482,0.14915558695793152
182,-0.3509226441383362,0.3509226441383362,0.14928187429904938
183,-0.25061556696891785,0.35095298290252686,0.14932465553283691
184,-0.15035337209701538,0.35098084807395935,0.14934824407100677
185,-0.050115250051021576,0.35099589824676514,0.14935849606990814
186,0.050115250051021576,0.35099589824676514,0.14935849606990814
187,0.15035337209701538,0.35098084807395935,0.14934824407100677
188,0.25061556696891785,0.35095298290252686,0.14932465553283691
189,0.3509226441383362,0.3509226441383362,0.14928187429904938
190,0.4512963891029358,0.3509168028831482,0.14915558695793152
191,-0.4512898921966553,0.4512898921966553,0.14902721345424652
192,-0.3509168028831482,0.4512963891029358,0.14915558695793152
193,-0.2506120204925537,0.45133984088897705,0.14919793605804443
194,-0.15035218000411987,0.4513770341873169,0.14922168850898743
195,-0.05011506751179695,0.45139607787132263,0.1492317020893097
196,0.05011506751179695,0.45139607787132263,0.1492317020893097
197,0.15035218000411987,0.4513770341873169,0.14922168850898743
198,0.2506120204925537,0.45133984088897705,0.14919793605804443
199,0.3509168028831482,0.4512963891029358,0.14915558695793152
200,0.4512898921966553,0.4512898921966553,0.14902721345424652
201,-0.45169752836227417,-0.45169752836227417,0.2481500208377838
202,-0.35127800703048706,-0.4517243206501007,0.24830906093120575
203,-0.2508833408355713,-0.45175737142562866,0.24838882684707642
204,-0.15051768720149994,-0.45179250836372375,0.24843324720859528
205,-0.05017050728201866,-0.4518122375011444,0.24845346808433533
206,0.05017050728201866,-0.4518122375011444,0.24845346808433533
207,0.15051768720149994,-0.45179250836372375,0.24843324720859528
208,0.2508833408355713,-0.45175737142562866,0.24838882684707642
209,0.35127800703048706,-0.4517243206501007,0.24830906093120575
210,0.45169752836227417,-0.45169752836227417,0.2481500208377838
211,-0.4517243206501007,-0.35127800703048706,0.24830906093120575
212,-0.35129275918006897,-0.35129275918006897,0.24846570193767548
213,-0.25088948011398315,-0.3513202965259552,0.2485453337430954
214,-0.15051956474781036,-0.35134831070899963,0.24858936667442322
215,-0.050170812755823135,-0.35136446356773376,0.24860958755016327
216,0.050170812755823135,-0.35136446356773376,0.24860958755016327
217,0.15051956474781036,-0.35134831070899963,0.24858936667442322
218,0.25088948011398315,-0.3513202965259552,0.2485453337430954
219,0.35129275918006897,-0.35129275918006897,0.24846570193767548
220,0.4517243206501007,-0.35127800703048706,0.24830906093120575
221,-0.45175737142562866,-0.2508833408355713,0.24838882684707642
222,-0.3513202965259552,-0.25088948011398315,0.2485453337430954
223,-0.25090864300727844,-0.25090864300727844,0.24862973392009735
224,-0.15053056180477142,-0.2509283125400543,0.24867622554302216
225,-0.05017435923218727,-0.25093981623649597,0.2486974596977234
226,0.05017435923218727,-0.25093981623649597,0.2486974596977234
227,0.15053056180477142,-0.2509283125400543,0.24867622554302216
228,0.25090864300727844,-0.25090864300727844,0.24862973392009735
229,0.3513202965259552,-0.25088948011398315,0.2485453337430954
230,0.45175737142562866,-0.2508833408355713,0.24838882684707642
231,-0.45179250836372375,-0.15051768720149994,0.24843324720859528
232,-0.35134831070899963,-0.15051956474781036,0.24858936667442322
233,-0.2509283125400543,-0.15053056180477142,0.24867622554302216
234,-0.15054209530353546,-0.15054209530353546,0.24872487783432007
235,-0.05017814412713051,-0.15054892003536224,0.2487470954656601
236,0.05017814412713051,-0.15054892003536224,0.2487470954656601
237,0.15054209530353546,-0.15054209530353546,0.24872487783432007
238,0.2509283125400543,-0.15053056180477142,0.24867622554302216
239,0.35134831070899963,-0.15051956474781036,0.24858936667442322
240,0.45179250836372375,-0.15051768720149994,0.24843324720859528
241,-0.4518122375011444,-0.05017050728201866,0.24845346808433533
242,-0.35136446356773376,-0.050170812755823135,0.24860958755016327
243,-0.25093981623649597,-0.05017435923218727,0.2486974596977234
244,-0.15054892003536224,-0.05017814412713051,0.2487470954656601
245,-0.05018039792776108,-0.05018039792776108,0.2487698644399643
246,0.05018039792776108,-0.05018039792776108,0.2487698644399643
247,0.15054892003536224,-0.05017814412713051,0.2487470954656601
248,0.25093981623649597,-0.05017435923218727,0.2486974596977234
249,0.35136446356773376,-0.050170812755823135,0.24860958755016327
250,0.4518122375011444,-0.05017050728201866,0.24845346808433533
251,-0.4518122375011444,0.05017050728201866,0.24845346808433533
252,-0.35136446356773376,0.050170812755823135,0.24860958755016327
253,-0.25093981623649597,0.05017435923218727,0.2486974596977234
254,-0.15054892003536224,0.05017814412713051,0.2487470954656601
255,-0.05018039792776108,0.05018039792776108,0.2487698644399643
256,0.05018039792776108,0.05018039792776108,0.2487698644399643
257,0.15054892003536224,0.05017814412713051,0.2487470954656601
258,0.25093981623649597,0.05017435923218727,0.2486974596977234
259,0.35136446356773376,0.050170812755823135,0.24860958755016327
260,0.4518122375011444,0.05017050728201866,0.24845346808433533
261,-0.45179250836372375,0.15051768720149994,0.24843324720859528
262,-0.35134831070899963,0.15051956474781036,0.24858936667442322
263,-0.2509283125400543,0.15053056180477142,0.24867622554302216
264,-0.15054209530353546,0.15054209530353546,0.24872487783432007
265,-0.05017814412713051,0.15054892003536224,0.2487470954656601
266,0.05017814412713051,0.15054892003536224,0.2487470954656601
267,0.15054209530353546,0.15054209530353546,0.24872487783432007
268,0.2509283125400543,0.15053056180477142,0.24867622554302216
269,0.35134831070899963,0.15051956474781036,0.24858936667442322
270,0.45179250836372375,0.15051768720149994,0.24843324720859528
271,-0.45175737142562866,0.2508833408355713,0.24838882684707642
272,-0.3513202965259552,0.25088948011398315,0.2485453337430954
273,-0.25090864300727844,0.25090864300727844,0.24862973392009735
274,-0.15053056180477142,0.2509283125400543,0.24867622554302216
275,-0.05017435923218727,0.25093981623649597,0.2486974596977234
276,0.05017435923218727,0.25093981623649597,0.2486974596977234
277,0.15053056180477142,0.2509283125400543,0.24867622554302216
278,0.25090864300727844,0.25090864300727844,0.24862973392009735
279,0.3513202965259552,0.25088948011398315,0.2485453337430954
280,0.45175737142562866,0.2508833408355713,0.24838882684707642
281,-0.4517243206501007,0.35127800703048706,0.24830906093120575
282,-0.35129275918006897,0.35129275918006897,0.24846570193767548
283,-0.25088948011398315,0.3513202965259552,0.2485453337430954
284,-0.15051956474781036,0.35134831070899963,0.24858936667442322
285,-0.050170812755823135,0.35136446356773376,0.24860958755016327
286,0.050170812755823135,0.35136446356773376,0.24860958755016327
287,0.15051956474781036,0.35134831070899963,0.24858936667442322
288,0.25088948011398315,0.3513202965259552,0.2485453337430954
289,0.35129275918006897,0.35129275918006897,0.24846570193767548
290,0.4517243206501007,0.35127800703048706,0.24830906093120575
291,-0.45169752836227417,0.45169752836227417,0.2481500208377838
292,-0.35127800703048706,0.4517243206501007,0.24830906093120575
293,-0.2508833408355713,0.45175737142562866,0.24838882684707642
294,-0.15051768720149994,0.45179250836372375,0.24843324720859528
295,-0.05017050728201866,0.4518122375011444,0.24845346808433533
296,0.05017050728201866,0.4518122375011444,0.24845346808433533
297,0.15051768720149994,0.45179250836372375,0.24843324720859528
298,0.2508833408355713,0.45175737142562866,0.24838882684707642
299,0.35127800703048706,0.4517243206501007,0.24830906093120575
300,0.45169752836227417,0.45169752836227417,0.2481500208377838
301,-0.4519202411174774,-0.4519202411174774,0.347262442111969
302,-0.35148608684539795,-0.4519534707069397,0.34740617871284485
303,-0.25105077028274536,-0.45198410749435425,0.3475009500980377
304,-0.15062448382377625,-0.4520117938518524,0.34755849838256836
305,-0.05020704120397568,-0.4520281255245209,0.3475859761238098
306,0.05020704120397568,-0.4520281255245209,0.3475859761238098
307,0.15062448382377625,-0.4520117938518524,0.34755849838256836
308,0.25105077028274536,-0.45198410749435425,0.3475009500980377
309,0.35148608684539795,-0.4519534707069397,0.34740617871284485
310,0.4519202411174774,-0.4519202411174774,0.347262442111969
311,-0.4519534707069397,-0.35148608684539795,0.34740617871284485
312,-0.351504385471344,-0.351504385471344,0.34754878282546997
313,-0.25105851888656616,-0.3515302538871765,0.3476431667804718
314,-0.1506269872188568,-0.3515539765357971,0.3477005064487457
315,-0.05020751804113388,-0.35156795382499695,0.34772780537605286
316,0.05020751804113388,-0.35156795382499695,0.34772780537605286
317,0.1506269872188568,-0.3515539765357971,0.3477005064487457
318,0.25105851888656616,-0.3515302538871765,0.3476431667804718
319,0.351504385471344,-0.351504385471344,0.34754878282546997
320,0.4519534707069397,-0.35148608684539795,0.34740617871284485
321,-0.45198410749435425,-0.25105077028274536,0.3475009500980377
322,-0.3515302538871765,-0.25105851888656616,0.3476431667804718
323,-0.2510764002799988,-0.2510764002799988,0.34773996472358704
324,-0.15063707530498505,-0.2510937452316284,0.3477994501590729
325,-0.05021074041724205,-0.2511040270328522,0.3478277325630188
326,0.05021074041724205,-0.2511040270328522,0.3478277325630188
327,0.15063707530498505,-0.2510937452316284,0.3477994501590729
328,0.2510764002799988,-0.2510764002799988,0.34773996472358704
329,0.3515302538871765,-0.25105851888656616,0.3476431667804718
330,0.45198410749435425,-0.25105077028274536,0.3475009500980377
331,-0.4520117938518524,-0.15062448382377625,0.34755849838256836
332,-0.3515539765357971,-0.1506269872188568,0.3477005064487457
333,-0.2510937452316284,-0.15063707530498505,0.3477994501590729
334,-0.15064740180969238,-0.15064740180969238,0.3478611409664154
335,-0.05021414905786514,-0.15065358579158783,0.3478904962539673
336,0.05021414905786514,-0.15065358579158783,0.3478904962539673
337,0.15064740180969238,-0.15064740180969238,0.3478611409664154
338,0.2510937452316284,-0.15063707530498505,0.3477994501590729
339,0.3515539765357971,-0.1506269872188568,0.3477005064487457
340,0.4520117938518524,-0.15062448382377625,0.34755849838256836
341,-0.4520281255245209,-0.05020704120397568,0.3475859761238098
342,-0.35156795382499695,-0.05020751804113388,0.34772780537605286
343,-0.2511040270328522,-0.05021074041724205,0.3478277325630188
344,-0.15065358579158783,-0.05021414905786514,0.3478904962539673
345,-0.050216205418109894,-0.050216205418109894,0.3479205071926117
346,0.050216205418109894,-0.050216205418109894,0.3479205071926117
347,0.15065358579158783,-0.05021414905786514,0.3478904962539673
348,0.2511040270328522,-0.05021074041724205,0.3478277325630188
349,0.35156795382499695,-0.05020751804113388,0.34772780537605286
350,0.4520281255245209,-0.05020704120397568,0.3475859761238098
351,-0.4520281255245209,0.05020704120397568,0.3475859761238098
352,-0.35156795382499695,0.05020751804113388,0.34772780537605286
353,-0.2511040270328522,0.05021074041724205,0.3478277325630188
354,-0.15065358579158783,0.05021414905786514,0.3478904962539673
355,-0.050216205418109894,0.050216205418109894,0.3479205071926117
356,0.050216205418109894,0.050216205418109894,0.3479205071926117
357,0.15065358579158783,0.05021414905786514,0.3478904962539673
358,0.2511040270328522,0.05021074041724205,0.3478277325630188
359,0.35156795382499695,0.05020751804113388,0.34772780537605286
360,0.4520281255245209,0.05020704120397568,0.3475859761238098
361,-0.4520117938518524,0.15062448382377625,0.34755849838256836
362,-0.3515539765357971,0.1506269872188568,0.3477005064487457
363,-0.2510937452316284,0.15063707530498505,0.3477994501590729
364,-0.15064740180969238,0.15064740180969238,0.3478611409664154
365,-0.05021414905786514,0.15065358579158783,0.3478904962539673
366,0.05021414905786514,0.15065358579158783,0.3478904962539673
367,0.15064740180969238,0.15064740180969238,0.3478611409664154
368,0.2510937452316284,0.15063707530498505,0.3477994501590729
369,0.3515539765357971,0.1506269872188568,0.3477005064487457
370,0.4520117938518524,0.15062448382377625,0.34755849838256836
371,-0.45198410749435425,0.25105077028274536,0.3475009500980377
372,-0.3515302538871765,0.25105851888656616,0.3476431667804718
373,-0.2510764002799988,0.2510764002799988,0.34773996472358704
374,-0.15063707530498505,0.2510937452316284,0.3477994501590729
375,-0.05021074041724205,0.2511040270328522,0.3478277325630188
376,0.05021074041724205,0.2511040270328522,0.3478277325630188
377,0.15063707530498505,0.2510937452316284,0.3477994501590729
378,0.2510764002799988,0.2510764002799988,0.34773996472358704
379,0.3515302538871765,0.25105851888656616,0.3476431667804718
380,0.45198410749435425,0.25105077028274536,0.3475009500980377
381,-0.4519534707069397,0.35148608684539795,0.34740617871284485
382,-0.351504385471344,0.351504385471344,0.34754878282546997
383,-0.25105851888656616,0.3515302538871765,0.3476431667804718
384,-0.1506269872188568,0.3515539765357971,0.3477005064487457
385,-0.05020751804113388,0.35156795382499695,0.34772780537605286
386,0.05020751804113388,0.35156795382499695,0.34772780537605286
387,0.1506269872188568,0.3515539765357971,0.3477005064487457
388,0.25105851888656616,0.3515302538871765,0.3476431667804718
389,0.351504385471344,0.351504385471344,0.34754878282546997
390,0.4519534707069397,0.35148608684539795,0.34740617871284485
391,-0.4519202411174774,0.4519202411174774,0.347262442111969
392,-0.35148608684539795,0.4519534707069397,0.34740617871284485
393,-0.25105077028274536,0.45198410749435425,0.3475009500980377
394,-0.15062448382377625,0.4520117938518524,0.34755849838256836
395,-0.05020704120397568,0.4520281255245209,0.3475859761238098
396,0.05020704120397568,0.4520281255245209,0.3475859761238098
397,0.15062448382377625,0.4520117938518524,0.34755849838256836
398,0.25105077028274536,0.45198410749435425,0.3475009500980377
399,0.35148608684539795,0.4519534707069397,0.34740617871284485
400,0.4519202411174774,0.4519202411174774,0.347262442111969
401,-0.45204535126686096,-0.45204535126686096,0.44636693596839905
402,-0.3516010344028473,-0.4520746171474457,0.4464816451072693
403,-0.25114506483078003,-0.4521023631095886,0.44657254219055176
404,-0.15068626403808594,-0.4521246552467346,0.44663316011428833
405,-0.05022848770022392,-0.4521372318267822,0.44666340947151184
406,0.05022848770022392,-0.4521372318267822,0.44666340947151184
407,0.15068626403808594,-0.4521246552467346,0.44663316011428833
408,0.25114506483078003,-0.4521023631095886,0.44657254219055176
409,0.3516010344028473,-0.4520746171474457,0.4464816451072693
410,0.45204535126686096,-0.45204535126686096,0.44636693596839905
411,-0.4520746171474457,-0.3516010344028473,0.4464816451072693
412,-0.35161760449409485,-0.35161760449409485,0.4465959370136261
413,-0.2511524260044098,-0.35164037346839905,0.44668662548065186
414,-0.1506887972354889,-0.35165995359420776,0.44674715399742126
415,-0.0502290204167366,-0.35167109966278076,0.44677725434303284
416,0.0502290204167366,-0.35167109966278076,0.44677725434303284
417,0.1506887972354889,-0.35165995359420776,0.44674715399742126
418,0.2511524260044098,-0.35164037346839905,0.44668662548065186
419,0.35161760449409485,-0.35161760449409485,0.4465959370136261
420,0.4520746171474457,-0.3516010344028473,0.4464816451072693
421,-0.4521023631095886,-0.25114506483078003,0.44657254219055176
422,-0.35164037346839905,-0.2511524260044098,0.44668662548065186
423,-0.251167893409729,-0.251167893409729,0.44677814841270447
424,-0.15069745481014252,-0.2511824369430542,0.4468401074409485
425,-0.050231773406267166,-0.25119084119796753,0.44687098264694214
426,0.050231773406267166,-0.25119084119796753,0.44687098264694214
427,0.15069745481014252,-0.2511824369430542,0.4468401074409485
428,0.251167893409729,-0.251167893409729,0.44677814841270447
429,0.35164037346839905,-0.2511524260044098,0.44668662548065186
430,0.4521023631095886,-0.25114506483078003,0.44657254219055176
431,-0.4521246552467346,-0.15068626403808594,0.44663316011428833
432,-0.35165995359420776,-0.1506887972354889,0.44674715399742126
433,-0.2511824369430542,-0.15069745481014252,0.4468401074409485
434,-0.15070617198944092,-0.15070617198944092,0.44690370559692383
435,-0.05023464933037758,-0.1507113128900528,0.4469355344772339
436,0.05023464933037758,-0.1507113128900528,0.4469355344772339
437,0.15070617198944092,-0.15070617198944092,0.44690370559692383
438,0.2511824369430542,-0.15069745481014252,0.4468401074409485
439,0.35165995359420776,-0.1506887972354889,0.44674715399742126
440,0.4521246552467346,-0.15068626403808594,0.44663316011428833
441,-0.4521372318267822,-0.05022848770022392,0.44666340947151184
442,-0.35167109966278076,-0.0502290204167366,0.44677725434303284
443,-0.25119084119796753,-0.050231773406267166,0.44687098264694214
444,-0.1507113128900528,-0.05023464933037758,0.4469355344772339
445,-0.05023636668920517,-0.05023636668920517,0.4469678997993469
446,0.05023636668920517,-0.05023636668920517,0.4469678997993469
447,0.1507113128900528,-0.05023464933037758,0.4469355344772339
448,0.25119084119796753,-0.050231773406267166,0.44687098264694214
449,0.35167109966278076,-0.0502290204167366,0.44677725434303284
450,0.4521372318267822,-0.05022848770022392,0.44666340947151184
451,-0.4521372318267822,0.05022848770022392,0.44666340947151184
452,-0.35167109966278076,0.0502290204167366,0.44677725434303284
453,-0.25119084119796753,0.050231773406267166,0.44687098264694214
454,-0.1507113128900528,0.05023464933037758,0.4469355344772339
455,-0.05023636668920517,0.05023636668920517,0.4469678997993469
456,0.05023636668920517,0.05023636668920517,0.4469678997993469
457,0.1507113128900528,0.05023464933037758,0.4469355344772339
458,0.25119084119796753,0.050231773406267166,0.44687098264694214
459,0.35167109966278076,0.0502290204167366,0.44677725434303284
460,0.4521372318267822,0.05022848770022392,0.44666340947151184
461,-0.4521246552467346,0.15068626403808594,0.44663316011428833
462,-0.35165995359420776,0.1506887972354889,0.44674715399742126
463,-0.2511824369430542,0.15069745481014252,0.4468401074409485
464,-0.15070617198944092,0.15070617198944092,0.44690370559692383
465,-0.05023464933037758,0.1507113128900528,0.4469355344772339
466,0.05023464933037758,0.1507113128900528,0.4469355344772339
467,0.15070617198944092,0.15070617198944092,0.44690370559692383
468,0.2511824369430542,0.15069745481014252,0.4468401074409485
469,0.35165995359420776,0.1506887972354889,0.44674715399742126
470,0.4521246552467346,0.15068626403808594,0.44663316011428833
471,-0.4521023631095886,0.25114506483078003,0.44657254219055176
472,-0.35164037346839905,0.2511524260044098,0.44668662548065186
473,-0.251167893409729,0.251167893409729,0.44677814841270447
474,-0.15069745481014252,0.2511824369430542,0.4468401074409485
475,-0.050231773406267166,0.25119084119796753,0.44687098264694214
476,0.050231773406267166,0.25119084119796753,0.44687098264694214
477,0.15069745481014252,0.2511824369430542,0.4468401074409485
478,0.251167893409729,0.251167893409729,0.44677814841270447
479,0.35164037346839905,0.2511524260044098,0.44668662548065186
480,0.4521023631095886,0.25114506483078003,0.44657254219055176
481,-0.4520746171474457,0.3516010344028473,0.4464816451072693
482,-0.35161760449409485,0.35161760449409485,0.4465959370136261
483,-0.2511524260044098,0.35164037346839905,0.44668662548065186
484,-0.1506887972354889,0.35165995359420776,0.44674715399742126
485,-0.0502290204167366,0.35167109966278076,0.44677725434303284
486,0.0502290204167366,0.35167109966278076,0.44677725434303284
487,0.1506887972354889,0.35165995359420776,0.44674715399742126
488,0.2511524260044098,0.35164037346839905,0.44668662548065186
489,0.35161760449409485,0.35161760449409485,0.4465959370136261
490,0.4520746171474457,0.3516010344028473,0.4464816451072693
491,-0.45204535126686096,0.45204535126686096,0.44636693596839905
492,-0.3516010344028473,0.4520746171474457,0.4464816451072693
493,-0.25114506483078003,0.4521023631095886,0.44657254219055176
494,-0.15068626403808594,0.4521246552467346,0.44663316011428833
495,-0.05022848770022392,0.4521372318267822,0.44666340947151184
496,0.05022848770022392,0.4521372318267822,0.44666340947151184
497,0.15068626403808594,0.4521246552467346,0.44663316011428833
498,0.25114506483078003,0.4521023631095886,0.44657254219055176
499,0.3516010344028473,0.4520746171474457,0.4464816451072693
500,0.45204535126686096,0.45204535126686096,0.44636693596839905
501,-0.4521157145500183,-0.4521157145500183,0.5454537272453308
502,-0.3516615331172943,-0.4521377384662628,0.5455406904220581
503,-0.2511938512325287,-0.4521602988243103,0.5456193685531616
504,-0.15071836113929749,-0.45217785239219666,0.5456761717796326
505,-0.05023970454931259,-0.4521874189376831,0.5457056164741516
506,0.05023970454931259,-0.4521874189376831,0.5457056164741516
507,0.15071836113929749,-0.45217785239219666,0.5456761717796326
508,0.2511938512325287,-0.4521602988243103,0.5456193685531616
509,0.3516615331172943,-0.4521377384662628,0.5455406904220581
510,0.4521157145500183,-0.4521157145500183,0.5454537272453308
511,-0.4521377384662628,-0.3516615331172943,0.5455406904220581
512,-0.35167431831359863,-0.35167431831359863,0.5456271767616272
513,-0.25119972229003906,-0.3516925275325775,0.5457056164741516
514,-0.1507204920053482,-0.35170796513557434,0.5457622408866882
515,-0.050240181386470795,-0.351716548204422,0.5457915663719177
516,0.050240181386470795,-0.351716548204422,0.5457915663719177
517,0.1507204920053482,-0.35170796513557434,0.5457622408866882
518,0.25119972229003906,-0.3516925275325775,0.5457056164741516
519,0.35167431831359863,-0.35167431831359863,0.5456271767616272
520,0.4521377384662628,-0.3516615331172943,0.5455406904220581
521,-0.4521602988243103,-0.2511938512325287,0.5456193685531616
522,-0.3516925275325775,-0.25119972229003906,0.5457056164741516
523,-0.2512120008468628,-0.2512120008468628,0.5457842946052551
524,-0.15072734653949738,-0.25122344493865967,0.5458418130874634
525,-0.050242360681295395,-0.25123000144958496,0.5458716750144958
526,0.050242360681295395,-0.25123000144958496,0.5458716750144958
527,0.15072734653949738,-0.25122344493865967,0.5458418130874634
528,0.2512120008468628,-0.2512120008468628,0.5457842946052551
529,0.3516925275325775,-0.25119972229003906,0.5457056164741516
530,0.4521602988243103,-0.2511938512325287,0.5456193685531616
531,-0.45217785239219666,-0.15071836113929749,0.5456761717796326
532,-0.35170796513557434,-0.1507204920053482,0.5457622408866882
533,-0.25122344493865967,-0.15072734653949738,0.5458418130874634
534,-0.15073420107364655,-0.15073420107364655,0.5459004044532776
535,-0.05024462565779686,-0.15073823928833008,0.5459309220314026
536,0.05024462565779686,-0.15073823928833008,0.5459309220314026
537,0.15073420107364655,-0.15073420107364655,0.5459004044532776
538,0.25122344493865967,-0.15072734653949738,0.5458418130874634
539,0.35170796513557434,-0.1507204920053482,0.5457622408866882
540,0.45217785239219666,-0.15071836113929749,0.5456761717796326
541,-0.4521874189376831,-0.05023970454931259,0.5457056164741516
542,-0.351716548204422,-0.050240181386470795,0.5457915663719177
543,-0.25123000144958496,-0.050242360681295395,0.5458716750144958
544,-0.15073823928833008,-0.05024462565779686,0.5459309220314026
545,-0.0502459779381752,-0.0502459779381752,0.5459619164466858
546,0.0502459779381752,-0.0502459779381752,0.5459619164466858
547,0.15073823928833008,-0.05024462565779686,0.5459309220314026
548,0.25123000144958496,-0.050242360681295395,0.5458716750144958
549,0.351716548204422,-0.050240181386470795,0.5457915663719177
550,0.4521874189376831,-0.05023970454931259,0.5457056164741516
551,-0.4521874189376831,0.05023970454931259,0.5457056164741516
552,-0.351716548204422,0.050240181386470795,0.5457915663719177
553,-0.25123000144958496,0.050242360681295395,0.5458716750144958
554,-0.15073823928833008,0.05024462565779686,0.5459309220314026
555,-0.0502459779381752,0.0502459779381752,0.5459619164466858
556,0.0502459779381752,0.0502459779381752,0.5459619164466858
557,0.15073823928833008,0.05024462565779686,0.5459309220314026
558,0.25123000144958496,0.050242360681295395,0.5458716750144958
559,0.351716548204422,0.050240181386470795,0.5457915663719177
560,0.4521874189376831,0.05023970454931259,0.5457056164741516
561,-0.45217785239219666,0.15071836113929749,0.5456761717796326
562,-0.35170796513557434,0.1507204920053482,0.5457622408866882
563,-0.25122344493865967,0.15072734653949738,0.5458418130874634
564,-0.15073420107364655,0.15073420107364655,0.5459004044532776
565,-0.05024462565779686,0.15073823928833008,0.5459309220314026
566,0.05024462565779686,0.15073823928833008,0.5459309220314026
567,0.15073420107364655,0.15073420107364655,0.5459004044532776
568,0.25122344493865967,0.15072734653949738,0.5458418130874634
569,0.35170796513557434,0.1507204920053482,0.5457622408866882
570,0.45217785239219666,0.15071836113929749,0.5456761717796326
571,-0.4521602988243103,0.2511938512325287,0.5456193685531616
572,-0.3516925275325775,0.25119972229003906,0.5457056164741516
573,-0.2512120008468628,0.2512120008468628,0.5457842946052551
574,-0.15072734653949738,0.25122344493865967,0.5458418130874634
575,-0.050242360681295395,0.25123000144958496,0.5458716750144958
576,0.050242360681295395,0.25123000144958496,0.5458716750144958
577,0.15072734653949738,0.25122344493865967,0.5458418130874634
578,0.2512120008468628,0.2512120008468628,0.5457842946052551
579,0.3516925275325775,0.25119972229003906,0.5457056164741516
580,0.4521602988243103,0.2511938512325287,0.5456193685531616
581,-0.4521377384662628,0.3516615331172943,0.5455406904220581
582,-0.35167431831359863,0.35167431831359863,0.5456271767616272
583,-0.25119972229003906,0.3516925275325775,0.5457056164741516
584,-0.1507204920053482,0.35170796513557434,0.5457622408866882
585,-0.050240181386470795,0.351716548204422,0.5457915663719177
586,0.050240181386470795,0.351716548204422,0.5457915663719177
587,0.1507204920053482,0.35170796513557434,0.5457622408866882
588,0.25119972229003906,0.3516925275325775,0.5457056164741516
589,0.35167431831359863,0.35167431831359863,0.5456271767616272
590,0.4521377384662628,0.3516615331172943,0.5455406904220581
591,-0.4521157145500183,0.4521157145500183,0.5454537272453308
592,-0.3516615331172943,0.4521377384662628,0.5455406904220581
593,-0.2511938512325287,0.4521602988243103,0.5456193685531616
594,-0.15071836113929749,0.45217785239219666,0.5456761717796326
595,-0.05023970454931259,0.4521874189376831,0.5457056164741516
596,0.05023970454931259,0.4521874189376831,0.5457056164741516
597,0.15071836113929749,0.45217785239219666,0.5456761717796326
598,0.2511938512325287,0.4521602988243103,0.5456193685531616
599,0.3516615331172943,0.4521377384662628,0.5455406904220581
600,0.4521157145500183,0.4521157145500183,0.5454537272453308
601,-0.452155739068985,-0.452155739068985,0.6445181369781494
602,-0.3516920804977417,-0.4521704614162445,0.6445835828781128
603,-0.251216858625412,-0.4521867632865906,0.6446487903594971
604,-0.1507331281900406,-0.4521995186805725,0.6446989178657532
605,-0.05024483799934387,-0.4522063434123993,0.6447258591651917
606,0.05024483799934387,-0.4522063434123993,0.6447258591651917
607,0.1507331281900406,-0.4521995186805725,0.6446989178657532
608,0.251216858625412,-0.4521867632865906,0.6446487903594971
609,0.3516920804977417,-0.4521704614162445,0.6445835828781128
610,0.452155739068985,-0.452155739068985,0.6445181369781494
611,-0.4521704614162445,-0.3516920804977417,0.6445835828781128
612,-0.35170087218284607,-0.35170087218284607,0.6446481943130493
613,-0.25122106075286865,-0.35171398520469666,0.6447129249572754
614,-0.15073473751544952,-0.35172513127326965,0.6447626948356628
615,-0.050245217978954315,-0.3517313003540039,0.6447892785072327
616,0.050245217978954315,-0.3517313003540039,0.6447892785072327
617,0.15073473751544952,-0.35172513127326965,0.6447626948356628
618,0.25122106075286865,-0.35171398520469666,0.6447129249572754
619,0.35170087218284607,-0.35170087218284607,0.6446481943130493
620,0.4521704614162445,-0.3516920804977417,0.6445835828781128
621,-0.4521867632865906,-0.251216858625412,0.6446487903594971
622,-0.35171398520469666,-0.25122106075286865,0.6447129249572754
623,-0.2512298822402954,-0.2512298822402954,0.6447777152061462
624,-0.15073968470096588,-0.2512381374835968,0.6448279619216919
625,-0.050246793776750565,-0.25124287605285645,0.6448549032211304
626,0.050246793776750565,-0.25124287605285645,0.6448549032211304
627,0.15073968470096588,-0.2512381374835968,0.6448279619216919
628,0.2512298822402954,-0.2512298822402954,0.6447777152061462
629,0.35171398520469666,-0.25122106075286865,0.6447129249572754
630,0.4521867632865906,-0.251216858625412,0.6446487903594971
631,-0.4521995186805725,-0.1507331281900406,0.6446989178657532
632,-0.35172513127326965,-0.15073473751544952,0.6447626948356628
633,-0.2512381374835968,-0.15073968470096588,0.6448279619216919
634,-0.15074463188648224,-0.15074463188648224,0.6448788642883301
635,-0.05024842917919159,-0.15074753761291504,0.6449063420295715
636,0.05024842917919159,-0.15074753761291504,0.6449063420295715
637,0.15074463188648224,-0.15074463188648224,0.6448788642883301
638,0.2512381374835968,-0.15073968470096588,0.6448279619216919
639,0.35172513127326965,-0.15073473751544952,0.6447626948356628
640,0.4521995186805725,-0.1507331281900406,0.6446989178657532
641,-0.4522063434123993,-0.05024483799934387,0.6447258591651917
642,-0.3517313003540039,-0.050245217978954315,0.6447892785072327
643,-0.25124287605285645,-0.050246793776750565,0.6448549032211304
644,-0.15074753761291504,-0.05024842917919159,0.6449063420295715
645,-0.05024940147995949,-0.05024940147995949,0.6449341177940369
646,0.05024940147995949,-0.05024940147995949,0.6449341177940369
647,0.15074753761291504,-0.05024842917919159,0.6449063420295715
648,0.25124287605285645,-0.050246793776750565,0.6448549032211304
649,0.3517313003540039,-0.050245217978954315,0.6447892785072327
650,0.4522063434123993,-0.05024483799934387,0.6447258591651917
651,-0.4522063434123993,0.05024483799934387,0.6447258591651917
652,-0.3517313003540039,0.050245217978954315,0.6447892785072327
653,-0.25124287605285645,0.050246793776750565,0.6448549032211304
654,-0.15074753761291504,0.05024842917919159,0.6449063420295715
655,-0.05024940147995949,0.05024940147995949,0.6449341177940369
656,0.05024940147995949,0.05024940147995949,0.6449341177940369
657,0.15074753761291504,0.05024842917919159,0.6449063420295715
658,0.25124287605285645,0.050246793776750565,0.6448549032211304
659,0.3517313003540039,0.050245217978954315,0.6447892785072327
660,0.4522063434123993,0.05024483799934387,0.6447258591651917
661,-0.4521995186805725,0.1507331281900406,0.6446989178657532
662,-0.35172513127326965,0.15073473751544952,0.6447626948356628
663,-0.2512381374835968,0.15073968470096588,0.6448279619216919
664,-0.15074463188648224,0.15074463188648224,0.6448788642883301
665,-0.05024842917919159,0.15074753761291504,0.6449063420295715
666,0.05024842917919159,0.15074753761291504,0.6449063420295715
667,0.15074463188648224,0.15074463188648224,0.6448788642883301
668,0.2512381374835968,0.15073968470096588,0.6448279619216919
669,0.35172513127326965,0.15073473751544952,0.6447626948356628
670,0.4521995186805725,0.1507331281900406,0.6446989178657532
671,-0.4521867632865906,0.251216858625412,0.6446487903594971
672,-0.35171398520469666,0.25122106075286865,0.6447129249572754
673,-0.2512298822402954,0.2512298822402954,0.6447777152061462
674,-0.15073968470096588,0.2512381374835968,0.6448279619216919
675,-0.050246793776750565,0.25124287605285645,0.6448549032211304
676,0.050246793776750565,0.25124287605285645,0.6448549032211304
677,0.15073968470096588,0.2512381374835968,0.6448279619216919
678,0.2512298822402954,0.2512298822402954,0.6447777152061462
679,0.35171398520469666,0.25122106075286865,0.6447129249572754
680,0.4521867632865906,0.251216858625412,0.6446487903594971
681,-0.4521704614162445,0.3516920804977417,0.6445835828781128
682,-0.35170087218284607,0.35170087218284607,0.6446481943130493
683,-0.25122106075286865,0.35171398520469666,0.6447129249572754
684,-0.15073473751544952,0.35172513127326965,0.6447626948356628
685,-0.050245217978954315,0.3517313003540039,0.6447892785072327
686,0.050245217978954315,0.3517313003540039,0.6447892785072327
687,0.15073473751544952,0.35172513127326965,0.6447626948356628
688,0.25122106075286865,0.35171398520469666,0.6447129249572754
689,0.35170087218284607,0.35170087218284607,0.6446481943130493
690,0.4521704614162445,0.3516920804977417,0.6445835828781128
691,-0.452155739068985,0.452155739068985,0.6445181369781494
692,-0.3516920804977417,0.4521704614162445,0.6445835828781128
693,-0.251216858625412,0.4521867632865906,0.6446487903594971
694,-0.1507331281900406,0.4521995186805725,0.6446989178657532
695,-0.05024483799934387,0.4522063434123993,0.6447258591651917
696,0.05024483799934387,0.4522063434123993,0.6447258591651917
697,0.1507331281900406,0.4521995186805725,0.6446989178657532
698,0.251216858625412,0.4521867632865906,0.6446487903594971
699,0.3516920804977417,0.4521704614162445,0.6445835828781128
700,0.452155739068985,0.452155739068985,0.6445181369781494
701,-0.4521804749965668,-0.4521804749965668,0.743560254573822
702,-0.3517083525657654,-0.45218899846076965,0.7436110973358154
703,-0.25122761726379395,-0.4521991014480591,0.7436650991439819
704,-0.15073952078819275,-0.45220696926116943,0.7437084913253784
705,-0.05024699494242668,-0.4522111415863037,0.7437324523925781
706,0.05024699494242668,-0.4522111415863037,0.7437324523925781
707,0.15073952078819275,-0.45220696926116943,0.7437084913253784
708,0.25122761726379395,-0.4521991014480591,0.7436650991439819
709,0.3517083525657654,-0.45218899846076965,0.7436110973358154
710,0.4521804749965668,-0.4521804749965668,0.743560254573822
711,-0.45218899846076965,-0.3517083525657654,0.7436110973358154
712,-0.3517136573791504,-0.3517136573791504,0.7436606884002686
713,-0.2512303292751312,-0.351721853017807,0.7437137961387634
714,-0.15074068307876587,-0.35172879695892334,0.7437565326690674
715,-0.050247300416231155,-0.35173264145851135,0.7437799572944641
716,0.050247300416231155,-0.35173264145851135,0.7437799572944641
717,0.15074068307876587,-0.35172879695892334,0.7437565326690674
718,0.2512303292751312,-0.351721853017807,0.7437137961387634
719,0.3517136573791504,-0.3517136573791504,0.7436606884002686
720,0.45218899846076965,-0.3517083525657654,0.7436110973358154
721,-0.4521991014480591,-0.25122761726379395,0.7436650991439819
722,-0.351721853017807,-0.2512303292751312,0.7437137961387634
723,-0.2512359023094177,-0.2512359023094177,0.7437667846679688
724,-0.15074384212493896,-0.2512410879135132,0.7438096404075623
725,-0.05024831369519234,-0.25124403834342957,0.7438333034515381
726,0.05024831369519234,-0.25124403834342957,0.7438333034515381
727,0.15074384212493896,-0.2512410879135132,0.7438096404075623
728,0.2512359023094177,-0.2512359023094177,0.7437667846679688
729,0.351721853017807,-0.2512303292751312,0.7437137961387634
730,0.4521991014480591,-0.25122761726379395,0.7436650991439819
731,-0.45220696926116943,-0.15073952078819275,0.7437084913253784
732,-0.35172879695892334,-0.15074068307876587,0.7437565326690674
733,-0.2512410879135132,-0.15074384212493896,0.7438096404075623
734,-0.15074694156646729,-0.15074694156646729,0.743852972984314
735,-0.05024934187531471,-0.15074877440929413,0.7438769340515137
736,0.05024934187531471,-0.15074877440929413,0.7438769340515137
737,0.15074694156646729,-0.15074694156646729,0.743852972984314
738,0.2512410879135132,-0.15074384212493896,0.7438096404075623
739,0.35172879695892334,-0.15074068307876587,0.7437565326690674
740,0.45220696926116943,-0.15073952078819275,0.7437084913253784
741,-0.4522111415863037,-0.05024699494242668,0.7437324523925781
742,-0.35173264145851135,-0.050247300416231155,0.7437799572944641
743,-0.25124403834342957,-0.05024831369519234,0.7438333034515381
744,-0.15074877440929413,-0.05024934187531471,0.7438769340515137
745,-0.05024995282292366,-0.05024995282292366,0.7439011335372925
746,0.05024995282292366,-0.05024995282292366,0.7439011335372925
747,0.15074877440929413,-0.05024934187531471,0.7438769340515137
748,0.25124403834342957,-0.05024831369519234,0.7438333034515381
749,0.35173264145851135,-0.050247300416231155,0.7437799572944641
750,0.4522111415863037,-0.05024699494242668,0.7437324523925781
751,-0.4522111415863037,0.05024699494242668,0.7437324523925781
752,-0.35173264145851135,0.050247300416231155,0.7437799572944641
753,-0.25124403834342957,0.05024831369519234,0.7438333034515381
754,-0.15074877440929413,0.05024934187531471,0.7438769340515137
755,-0.05024995282292366,0.05024995282292366,0.7439011335372925
756,0.05024995282292366,0.05024995282292366,0.7439011335372925
757,0.15074877440929413,0.05024934187531471,0.7438769340515137
758,0.25124403834342957,0.05024831369519234,0.7438333034515381
759,0.35173264145851135,0.050247300416231155,0.7437799572944641
760,0.4522111415863037,0.05024699494242668,0.7437324523925781
761,-0.45220696926116943,0.15073952078819275,0.7437084913253784
762,-0.35172879695892334,0.15074068307876587,0.7437565326690674
763,-0.2512410879135132,0.15074384212493896,0.7438096404075623
764,-0.15074694156646729,0.15074694156646729,0.743852972984314
765,-0.05024934187531471,0.15074877440929413,0.7438769340515137
766,0.05024934187531471,0.15074877440929413,0.7438769340515137
767,0.15074694156646729,0.15074694156646729,0.743852972984314
768,0.2512410879135132,0.15074384212493896,0.7438096404075623
769,0.35172879695892334,0.15074068307876587,0.7437565326690674
770,0.45220696926116943,0.15073952078819275,0.7437084913253784
771,-0.4521991014480591,0.25122761726379395,0.7436650991439819
772,-0.351721853017807,0.2512303292751312,0.7437137961387634
773,-0.2512359023094177,0.2512359023094177,0.7437667846679688
774,-0.15074384212493896,0.2512410879135132,0.7438096404075623
775,-0.05024831369519234,0.25124403834342957,0.7438333034515381
776,0.05024831369519234,0.25124403834342957,0.7438333034515381
777,0.15074384212493896,0.2512410879135132,0.7438096404075623
778,0.2512359023094177,0.2512359023094177,0.7437667846679688
779,0.351721853017807,0.2512303292751312,0.7437137961387634
780,0.4521991014480591,0.25122761726379395,0.7436650991439819
781,-0.45218899846076965,0.3517083525657654,0.7436110973358154
782,-0.3517136573791504,0.3517136573791504,0.7436606884002686
783,-0.2512303292751312,0.351721853017807,0.7437137961387634
784,-0.15074068307876587,0.35172879695892334,0.7437565326690674
785,-0.050247300416231155,0.35173264145851135,0.7437799572944641
786,0.050247300416231155,0.35173264145851135,0.7437799572944641
787,0.15074068307876587,0.35172879695892334,0.7437565326690674
788,0.2512303292751312,0.351721853017807,0.7437137961387634
789,0.3517136573791504,0.3517136573791504,0.7436606884002686
790,0.45218899846076965,0.3517083525657654,0.7436110973358154
791,-0.4521804749965668,0.4521804749965668,0.743560254573822
792,-0.3517083525657654,0.45218899846076965,0.7436110973358154
793,-0.25122761726379395,0.4521991014480591,0.7436650991439819
794,-0.15073952078819275,0.45220696926116943,0.7437084913253784
795,-0.05024699494242668,0.4522111415863037,0.7437324523925781
796,0.05024699494242668,0.4522111415863037,0.7437324523925781
797,0.15073952078819275,0.45220696926116943,0.7437084913253784
798,0.25122761726379395,0.4521991014480591,0.7436650991439819
799,0.3517083525657654,0.45218899846076965,0.7436110973358154
800,0.4521804749965668,0.4521804749965668,0.743560254573822
801,-0.45220014452934265,-0.45220014452934265,0.842583179473877
802,-0.3517211079597473,-0.4522038996219635,0.8426252007484436
803,-0.251235693693161,-0.4522082507610321,0.8426710367202759
804,-0.15074415504932404,-0.4522113502025604,0.8427088856697083
805,-0.05024851858615875,-0.4522128403186798,0.8427301645278931
806,0.05024851858615875,-0.4522128403186798,0.8427301645278931
807,0.15074415504932404,-0.4522113502025604,0.8427088856697083
808,0.251235693693161,-0.4522082507610321,0.8426710367202759
809,0.3517211079597473,-0.4522038996219635,0.8426252007484436
810,0.45220014452934265,-0.45220014452934265,0.842583179473877
811,-0.4522038996219635,-0.3517211079597473,0.8426252007484436
812,-0.3517238199710846,-0.3517238199710846,0.8426656723022461
813,-0.2512374222278595,-0.35172751545906067,0.8427100777626038
814,-0.15074510872364044,-0.35173049569129944,0.8427466750144958
815,-0.050248827785253525,-0.3517320454120636,0.8427671790122986
816,0.050248827785253525,-0.3517320454120636,0.8427671790122986
817,0.15074510872364044,-0.35173049569129944,0.8427466750144958
818,0.2512374222278595,-0.35172751545906067,0.8427100777626038
819,0.3517238199710846,-0.3517238199710846,0.8426656723022461
820,0.4522038996219635,-0.3517211079597473,0.8426252007484436
821,-0.4522082507610321,-0.251235693693161,0.8426710367202759
822,-0.35172751545906067,-0.2512374222278595,0.8427100777626038
823,-0.251240074634552,-0.251240074634552,0.8427540063858032
824,-0.1507466584444046,-0.25124236941337585,0.8427905440330505
825,-0.050249338150024414,-0.2512436807155609,0.8428110480308533
826,0.050249338150024414,-0.2512436807155609,0.8428110480308533
827,0.1507466584444046,-0.25124236941337585,0.8427905440330505
828,0.251240074634552,-0.251240074634552,0.8427540063858032
829,0.35172751545906067,-0.2512374222278595,0.8427100777626038
830,0.4522082507610321,-0.251235693693161,0.8426710367202759
831,-0.4522113502025604,-0.15074415504932404,0.8427088856697083
832,-0.35173049569129944,-0.15074510872364044,0.8427466750144958
833,-0.25124236941337585,-0.1507466584444046,0.8427905440330505
834,-0.1507480889558792,-0.1507480889558792,0.8428273797035217
835,-0.050249818712472916,-0.15074892342090607,0.842848002910614
836,0.050249818712472916,-0.15074892342090607,0.842848002910614
837,0.1507480889558792,-0.1507480889558792,0.8428273797035217
838,0.25124236941337585,-0.1507466584444046,0.8427905440330505
839,0.35173049569129944,-0.15074510872364044,0.8427466750144958
840,0.4522113502025604,-0.15074415504932404,0.8427088856697083
841,-0.4522128403186798,-0.05024851858615875,0.8427301645278931
842,-0.3517320454120636,-0.050248827785253525,0.8427671790122986
843,-0.2512436807155609,-0.050249338150024414,0.8428110480308533
844,-0.15074892342090607,-0.050249818712472916,0.842848002910614
845,-0.0502501018345356,-0.0502501018345356,0.8428688049316406
846,0.0502501018345356,-0.0502501018345356,0.8428688049316406
847,0.15074892342090607,-0.050249818712472916,0.842848002910614
848,0.2512436807155609,-0.050249338150024414,0.8428110480308533
849,0.3517320454120636,-0.050248827785253525,0.8427671790122986
850,0.4522128403186798,-0.05024851858615875,0.8427301645278931
851,-0.4522128403186798,0.05024851858615875,0.8427301645278931
852,-0.3517320454120636,0.050248827785253525,0.8427671790122986
853,-0.2512436807155609,0.050249338150024414,0.8428110480308533
854,-0.15074892342090607,0.050249818712472916,0.842848002910614
855,-0.0502501018345356,0.0502501018345356,0.8428688049316406
856,0.0502501018345356,0.0502501018345356,0.8428688049316406
857,0.15074892342090607,0.050249818712472916,0.842848002910614
858,0.2512436807155609,0.050249338150024414,0.8428110480308533
859,0.3517320454120636,0.050248827785253525,0.8427671790122986
860,0.4522128403186798,0.05024851858615875,0.8427301645278931
861,-0.4522113502025604,0.15074415504932404,0.8427088856697083
862,-0.35173049569129944,0.15074510872364044,0.8427466750144958
863,-0.25124236941337585,0.1507466584444046,0.8427905440330505
864,-0.1507480889558792,0.1507480889558792,0.8428273797035217
865,-0.050249818712472916,0.15074892342090607,0.842848002910614
866,0.050249818712472916,0.15074892342090607,0.842848002910614
867,0.1507480889558792,0.1507480889558792,0.8428273797035217
868,0.25124236941337585,0.1507466584444046,0.8427905440330505
869,0.35173049569129944,0.15074510872364044,0.8427466750144958
870,0.4522113502025604,0.15074415504932404,0.8427088856697083
871,-0.4522082507610321,0.251235693693161,0.8426710367202759
872,-0.35172751545906067,0.2512374222278595,0.8427100777626038
873,-0.251240074634552,0.251240074634552,0.8427540063858032
874,-0.1507466584444046,0.25124236941337585,0.8427905440330505
875,-0.050249338150024414,0.2512436807155609,0.8428110480308533
876,0.050249338150024414,0.2512436807155609,0.8428110480308533
877,0.1507466584444046,0.25124236941337585,0.8427905440330505
878,0.251240074634552,0.251240074634552,0.8427540063858032
879,0.35172751545906067,0.2512374222278595,0.8427100777626038
880,0.4522082507610321,0.251235693693161,0.8426710367202759
881,-0.4522038996219635,0.3517211079597473,0.8426252007484436
882,-0.3517238199710846,0.3517238199710846,0.8426656723022461
883,-0.2512374222278595,0.35172751545906067,0.8427100777626038
884,-0.15074510872364044,0.35173049569129944,0.8427466750144958
885,-0.050248827785253525,0.3517320454120636,0.8427671790122986
886,0.050248827785253525,0.3517320454120636,0.8427671790122986
887,0.15074510872364044,0.35173049569129944,0.8427466750144958
888,0.2512374222278595,0.35172751545906067,0.8427100777626038
889,0.3517238199710846,0.3517238199710846,0.8426656723022461
890,0.4522038996219635,0.3517211079597473,0.8426252007484436
891,-0.45220014452934265,0.45220014452934265,0.842583179473877
892,-0.3517211079597473,0.4522038996219635,0.8426252007484436
893,-0.251235693693161,0.4522082507610321,0.8426710367202759
894,-0.15074415504932404,0.4522113502025604,0.8427088856697083
895,-0.05024851858615875,0.4522128403186798,0.8427301645278931
896,0.05024851858615875,0.4522128403186798,0.8427301645278931
897,0.15074415504932404,0.4522113502025604,0.8427088856697083
898,0.251235693693161,0.4522082507610321,0.8426710367202759
899,0.3517211079597473,0.4522038996219635,0.8426252007484436
900,0.45220014452934265,0.45220014452934265,0.842583179473877
901,-0.4522232115268707,-0.4522232115268707,0.9415926337242126
902,-0.35173988342285156,-0.4522230625152588,0.9416295886039734
903,-0.2512502372264862,-0.4522216022014618,0.941669225692749
904,-0.15075361728668213,-0.45221948623657227,0.9417024254798889
905,-0.050251834094524384,-0.4522179961204529,0.9417212605476379
906,0.050251834094524384,-0.4522179961204529,0.9417212605476379
907,0.15075361728668213,-0.45221948623657227,0.9417024254798889
908,0.2512502372264862,-0.4522216022014618,0.941669225692749
909,0.35173988342285156,-0.4522230625152588,0.9416295886039734
910,0.4522232115268707,-0.4522232115268707,0.9415926337242126
911,-0.4522230625152588,-0.35173988342285156,0.9416295886039734
912,-0.35174018144607544,-0.35174018144607544,0.9416643381118774
913,-0.2512507140636444,-0.3517396152019501,0.9417018890380859
914,-0.15075403451919556,-0.3517387807369232,0.941733181476593
915,-0.050251998007297516,-0.3517381548881531,0.9417508244514465
916,0.050251998007297516,-0.3517381548881531,0.9417508244514465
917,0.15075403451919556,-0.3517387807369232,0.941733181476593
918,0.2512507140636444,-0.3517396152019501,0.9417018890380859
919,0.35174018144607544,-0.35174018144607544,0.9416643381118774
920,0.4522230625152588,-0.35173988342285156,0.9416295886039734
921,-0.4522216022014618,-0.2512502372264862,0.941669225692749
922,-0.3517396152019501,-0.2512507140636444,0.9417018890380859
923,-0.2512505054473877,-0.2512505054473877,0.941738486289978
924,-0.1507539451122284,-0.251250296831131,0.9417692422866821
925,-0.05025196447968483,-0.25125014781951904,0.9417865872383118
926,0.05025196447968483,-0.25125014781951904,0.9417865872383118
927,0.1507539451122284,-0.251250296831131,0.9417692422866821
928,0.2512505054473877,-0.2512505054473877,0.941738486289978
929,0.3517396152019501,-0.2512507140636444,0.9417018890380859
930,0.4522216022014618,-0.2512502372264862,0.941669225692749
931,-0.45221948623657227,-0.15075361728668213,0.9417024254798889
932,-0.3517387807369232,-0.15075403451919556,0.941733181476593
933,-0.251250296831131,-0.1507539451122284,0.9417692422866821
934,-0.1507539302110672,-0.1507539302110672,0.9417998194694519
935,-0.05025197193026543,-0.1507539451122284,0.9418171048164368
936,0.05025197193026543,-0.1507539451122284,0.9418171048164368
937,0.1507539302110672,-0.1507539302110672,0.9417998194694519
938,0.251250296831131,-0.1507539451122284,0.9417692422866821
939,0.3517387807369232,-0.15075403451919556,0.941733181476593
940,0.45221948623657227,-0.15075361728668213,0.9417024254798889
941,-0.4522179961204529,-0.050251834094524384,0.9417212605476379
942,-0.3517381548881531,-0.050251998007297516,0.9417508244514465
943,-0.25125014781951904,-0.05025196447968483,0.9417865872383118
944,-0.1507539451122284,-0.05025197193026543,0.9418171048164368
945,-0.05025199055671692,-0.05025199055671692,0.9418344497680664
946,0.05025199055671692,-0.05025199055671692,0.9418344497680664
947,0.1507539451122284,-0.05025197193026543,0.9418171048164368
948,0.25125014781951904,-0.05025196447968483,0.9417865872383118
949,0.3517381548881531,-0.050251998007297516,0.9417508244514465
950,0.4522179961204529,-0.050251834094524384,0.9417212605476379
951,-0.4522179961204529,0.050251834094524384,0.9417212605476379
952,-0.3517381548881531,0.050251998007297516,0.9417508244514465
953,-0.25125014781951904,0.05025196447968483,0.9417865872383118
954,-0.1507539451122284,0.05025197193026543,0.9418171048164368
955,-0.05025199055671692,0.05025199055671692,0.9418344497680664
956,0.05025199055671692,0.05025199055671692,0.9418344497680664
957,0.1507539451122284,0.05025197193026543,0.9418171048164368
958,0.25125014781951904,0.05025196447968483,0.9417865872383118
959,0.3517381548881531,0.050251998007297516,0.9417508244514465
960,0.4522179961204529,0.050251834094524384,0.9417212605476379
961,-0.45221948623657227,0.15075361728668213,0.9417024254798889
962,-0.3517387807369232,0.15075403451919556,0.941733181476593
963,-0.251250296831131,0.1507539451122284,0.9417692422866821
964,-0.1507539302110672,0.1507539302110672,0.9417998194694519
965,-0.05025197193026543,0.1507539451122284,0.9418171048164368
966,0.05025197193026543,0.1507539451122284,0.9418171048164368
967,0.1507539302110672,0.1507539302110672,0.9417998194694519
968,0.251250296831131,0.1507539451122284,0.9417692422866821
969,0.3517387807369232,0.15075403451919556,0.941733181476593
970,0.45221948623657227,0.15075361728668213,0.9417024254798889
971,-0.4522216022014618,0.2512502372264862,0.941669225692749
972,-0.3517396152019501,0.2512507140636444,0.9417018890380859
973,-0.2512505054473877,0.2512505054473877,0.941738486289978
974,-0.1507539451122284,0.251250296831131,0.9417692422866821
975,-0.05025196447968483,0.25125014781951904,0.9417865872383118
976,0.05025196447968483,0.25125014781951904,0.9417865872383118
977,0.1507539451122284,0.251250296831131,0.9417692422866821
978,0.2512505054473877,0.2512505054473877,0.941738486289978
979,0.3517396152019501,0.2512507140636444,0.9417018890380859
980,0.4522216022014618,0.2512502372264862,0.941669225692749
981,-0.4522230625152588,0.35173988342285156,0.9416295886039734
982,-0.35174018144607544,0.35174018144607544,0.9416643381118774
983,-0.2512507140636444,0.3517396152019501,0.9417018890380859
984,-0.15075403451919556,0.3517387807369232,0.941733181476593
985,-0.050251998007297516,0.3517381548881531,0.9417508244514465
986,0.050251998007297516,0.3517381548881531,0.9417508244514465
987,0.15075403451919556,0.3517387807369232,0.941733181476593
988,0.2512507140636444,0.3517396152019501,0.9417018890380859
989,0.35174018144607544,0.35174018144607544,0.9416643381118774
990,0.4522230625152588,0.35173988342285156,0.9416295886039734
991,-0.4522232115268707,0.4522232115268707,0.9415926337242126
992,-0.35173988342285156,0.4522230625152588,0.9416295886039734
993,-0.2512502372264862,0.4522216022014618,0.941669225692749
994,-0.15075361728668213,0.45221948623657227,0.9417024254798889
995,-0.050251834094524384,0.4522179961204529,0.9417212605476379
996,0.050251834094524384,0.4522179961204529,0.9417212605476379
997,0.15075361728668213,0.45221948623657227,0.9417024254798889
998,0.2512502372264862,0.4522216022014618,0.941669225692749
999,0.35173988342285156,0.4522230625152588,0.9416295886039734
1000,0.4522232115268707,0.4522232115268707,0.9415926337242126
