1,0.19980260729789734,-0.06151880696415901,0.03463304042816162
2,0.19818496704101562,-0.06162600964307785,0.034757133573293686
3,0.19671019911766052,-0.061598047614097595,0.03482117876410484
4,0.1952330470085144,-0.061556607484817505,0.03481214866042137
5,0.1935572326183319,-0.06137170270085335,0.034749701619148254
6,0.19985345005989075,-0.06195683032274246,0.03393818065524101
7,0.1982475370168686,-0.06205686181783676,0.03406961262226105
8,0.1967793107032776,-0.06203630194067955,0.03411995619535446
9,0.19530560076236725,-0.06198824942111969,0.03412376344203949
10,0.19364485144615173,-0.061811767518520355,0.03405270352959633
11,0.19993212819099426,-0.062242504209280014,0.03322382643818855
12,0.1982882171869278,-0.062341105192899704,0.033363547176122665
13,0.19679732620716095,-0.062325868755578995,0.03340786322951317
14,0.19529925286769867,-0.06227179244160652,0.033418040722608566
15,0.19360047578811646,-0.06209544464945793,0.03333950415253639
16,0.19988873600959778,-0.06249673664569855,0.03247879818081856
17,0.1982678920030594,-0.06259221583604813,0.032622963190078735
18,0.19678667187690735,-0.06257787346839905,0.03265651315450668
19,0.19529978930950165,-0.06252377480268478,0.0326765775680542
20,0.19362440705299377,-0.06235203891992569,0.03259218856692314
21,0.19987809658050537,-0.06266158819198608,0.031543150544166565
22,0.19822832942008972,-0.06275620311498642,0.03170214965939522
23,0.19672593474388123,-0.06274564564228058,0.03171917423605919
24,0.1952206790447235,-0.06268715113401413,0.03175603225827217
25,0.19351345300674438,-0.0625152587890625,0.031657397747039795
26,0.2031472623348236,-0.05801085755228996,0.03452532738447189
27,0.1994791030883789,-0.05827438831329346,0.03490762412548065
28,0.19593960046768188,-0.05824969336390495,0.03506011143326759
29,0.1923828125,-0.0580991730093956,0.0350489541888237
30,0.1885872781276703,-0.05764993652701378,0.034816667437553406
31,0.20352257788181305,-0.05905148759484291,0.032987143844366074
32,0.19980603456497192,-0.05930916965007782,0.033366091549396515
33,0.1962222158908844,-0.05929098650813103,0.03351103886961937
34,0.19261622428894043,-0.059134937822818756,0.03350524604320526
35,0.18877489864826202,-0.058692723512649536,0.033273909240961075
36,0.20372487604618073,-0.05977863073348999,0.031269971281290054
37,0.19994661211967468,-0.06003909930586815,0.03165122866630554
38,0.19631034135818481,-0.06002972275018692,0.03179391101002693
39,0.19264838099479675,-0.0598648302257061,0.03178916871547699
40,0.18874458968639374,-0.059419527649879456,0.0315544568002224
41,0.20370833575725555,-0.06037437543272972,0.029390422627329826
42,0.19990721344947815,-0.0606333389878273,0.02976825088262558
43,0.19624337553977966,-0.06062065064907074,0.02989852987229824
44,0.19255736470222473,-0.06046013534069061,0.02990415319800377
45,0.1886322945356369,-0.06001773104071617,0.029670527204871178
46,0.20352938771247864,-0.06072716787457466,0.027134748175740242
47,0.19968760013580322,-0.06099250540137291,0.027517030015587807
48,0.19598394632339478,-0.06098097562789917,0.02763424627482891
49,0.1922629475593567,-0.06081940606236458,0.027651695534586906
50,0.18829545378684998,-0.06037059798836708,0.0274124126881361
51,0.20368067920207977,-0.0538390576839447,0.03256481885910034
52,0.1993725299835205,-0.05411010980606079,0.03305989131331444
53,0.1950118988752365,-0.054116301238536835,0.03325743228197098
54,0.19061192870140076,-0.053882353007793427,0.03324594721198082
55,0.1861889511346817,-0.053382664918899536,0.032937854528427124
56,0.204292431473732,-0.055051952600479126,0.030724182724952698
57,0.1998695582151413,-0.0553327314555645,0.03119875304400921
58,0.19540101289749146,-0.055337801575660706,0.03140312805771828
59,0.1908947378396988,-0.05510446056723595,0.03138317912817001
60,0.18634416162967682,-0.05459369719028473,0.03109467774629593
61,0.20454701781272888,-0.05599205195903778,0.028588013723492622
62,0.20007440447807312,-0.056282322853803635,0.029043881222605705
63,0.19553950428962708,-0.056292347609996796,0.02924906276166439
64,0.19096514582633972,-0.05605496093630791,0.029225600883364677
65,0.18636083602905273,-0.055536314845085144,0.028952574357390404
66,0.20457832515239716,-0.05670827627182007,0.02618294209241867
67,0.2000298947095871,-0.0570049025118351,0.026617202907800674
68,0.19543370604515076,-0.0570116825401783,0.026817552745342255
69,0.19080008566379547,-0.05677827075123787,0.026796460151672363
70,0.18612442910671234,-0.056253284215927124,0.026543177664279938
71,0.20424745976924896,-0.05714781954884529,0.023486139252781868
72,0.19969218969345093,-0.05745644494891167,0.023884354159235954
73,0.19507835805416107,-0.057460762560367584,0.02408836968243122
74,0.19042596220970154,-0.057231951504945755,0.02406015433371067
75,0.1857566386461258,-0.05669786408543587,0.02383890189230442
76,0.20321954786777496,-0.04927592724561691,0.02993905358016491
77,0.19867601990699768,-0.049480464309453964,0.030419226735830307
78,0.19404740631580353,-0.0494769811630249,0.030649228021502495
79,0.18938440084457397,-0.049226272851228714,0.030629027634859085
80,0.18475903570652008,-0.04876955598592758,0.030357109382748604
81,0.2038850486278534,-0.05048523470759392,0.027913639321923256
82,0.19921879470348358,-0.05070650205016136,0.02837570197880268
83,0.1944711059331894,-0.050704751163721085,0.028605252504348755
84,0.1896866112947464,-0.05045144632458687,0.028583915904164314
85,0.1849210560321808,-0.04997631534934044,0.028329303488135338
86,0.20420698821544647,-0.05149456858634949,0.02559792622923851
87,0.19946566224098206,-0.051725976169109344,0.026039084419608116
88,0.19462989270687103,-0.05172637477517128,0.026260916143655777
89,0.18975630402565002,-0.05147135257720947,0.02624468319118023
90,0.18491099774837494,-0.05098696053028107,0.026008065789937973
91,0.2042173445224762,-0.0522630549967289,0.022993778809905052
92,0.1994083672761917,-0.05250227823853493,0.0234088022261858
93,0.19451381266117096,-0.052506688982248306,0.023622043430805206
94,0.18958251178264618,-0.05224911496043205,0.023611055687069893
95,0.18467435240745544,-0.051757875829935074,0.023397693410515785
96,0.20387454330921173,-0.0528092086315155,0.020155424252152443
97,0.19905155897140503,-0.05305492505431175,0.0205267071723938
98,0.19413326680660248,-0.0530603751540184,0.02073344774544239
99,0.18918094038963318,-0.05280447378754616,0.020724758505821228
100,0.1842760592699051,-0.05231018364429474,0.02055039070546627
101,0.20240463316440582,-0.04434169828891754,0.027025172486901283
102,0.19777768850326538,-0.04448536038398743,0.027455704286694527
103,0.19306398928165436,-0.04445928707718849,0.027685295790433884
104,0.18832331895828247,-0.04421345889568329,0.027682119980454445
105,0.18363524973392487,-0.04380084574222565,0.027475664392113686
106,0.2030414193868637,-0.045512605458498,0.024878060445189476
107,0.198311448097229,-0.045672666281461716,0.025301607325673103
108,0.1934943050146103,-0.04564943537116051,0.02552880346775055
109,0.1886473000049591,-0.04540072754025459,0.025525709614157677
110,0.18384332954883575,-0.04497119411826134,0.025324376299977303
111,0.20337796211242676,-0.04653370752930641,0.02245902642607689
112,0.19856590032577515,-0.04670071229338646,0.022870231419801712
113,0.19365930557250977,-0.0466771125793457,0.023089325055480003
114,0.18872284889221191,-0.04642932489514351,0.023091521114110947
115,0.18383380770683289,-0.04599359259009361,0.02289963886141777
116,0.203397735953331,-0.04734205827116966,0.01976657100021839
117,0.19851726293563843,-0.04751332849264145,0.020160788670182228
118,0.19354604184627533,-0.04749539867043495,0.020373769104480743
119,0.18854495882987976,-0.04724337160587311,0.020378639921545982
120,0.18359072506427765,-0.046804580837488174,0.020200533792376518
121,0.2031090408563614,-0.04797470197081566,0.01687011681497097
122,0.1981857717037201,-0.04814339429140091,0.017234446480870247
123,0.1931675225496292,-0.04812639579176903,0.0174398273229599
124,0.1881224811077118,-0.04787542670965195,0.017448509112000465
125,0.1831381469964981,-0.047441598027944565,0.017296230420470238
