1,0.38055485486984253,-0.3238130509853363,0.6977532505989075
2,0.38285449147224426,-0.3212708830833435,0.7004117369651794
3,0.38466957211494446,-0.31907203793525696,0.7034582495689392
4,0.3866472542285919,-0.3168259859085083,0.7054372429847717
5,0.3885843753814697,-0.3144121468067169,0.708392322063446
6,0.3838866651058197,-0.32290858030319214,0.6803116798400879
7,0.3860967457294464,-0.32040050625801086,0.6831850409507751
8,0.38794010877609253,-0.3181953430175781,0.6858989000320435
9,0.38982710242271423,-0.3159733712673187,0.6881894469261169
10,0.3917628824710846,-0.3135688304901123,0.6908791065216064
11,0.386646568775177,-0.32226067781448364,0.6643956899642944
12,0.3888583183288574,-0.31970489025115967,0.6674787402153015
13,0.3907439708709717,-0.31745684146881104,0.6700570583343506
14,0.3926045894622803,-0.31521064043045044,0.6725617051124573
15,0.3945854902267456,-0.312743604183197,0.6751697063446045
16,0.3894776999950409,-0.3214731812477112,0.6485955715179443
17,0.39161327481269836,-0.3189617693424225,0.6517778038978577
18,0.3934934139251709,-0.3167243003845215,0.6541546583175659
19,0.39529070258140564,-0.3145028054714203,0.6568246483802795
20,0.39724114537239075,-0.3120657205581665,0.6592533588409424
21,0.3923834562301636,-0.32077160477638245,0.630595862865448
22,0.39449450373649597,-0.3182297945022583,0.6340817809104919
23,0.3964304029941559,-0.3159506618976593,0.6361662745475769
24,0.3981744945049286,-0.31371718645095825,0.6391976475715637
25,0.40017157793045044,-0.31122586131095886,0.641428530216217
26,0.36389797925949097,-0.3334592282772064,0.7330132126808167
27,0.3691242039203644,-0.32787272334098816,0.7400413751602173
28,0.3738386929035187,-0.3225913345813751,0.7466387152671814
29,0.37862709164619446,-0.31723323464393616,0.7522735595703125
30,0.3834131956100464,-0.31164833903312683,0.7581471800804138
31,0.37164488434791565,-0.3315986692905426,0.692122220993042
32,0.3767811357975006,-0.3259570002555847,0.6992525458335876
33,0.38145366311073303,-0.32060399651527405,0.7057182788848877
34,0.38611742854118347,-0.31519240140914917,0.7116199135780334
35,0.3908121883869171,-0.3095369040966034,0.7175257205963135
36,0.37859734892845154,-0.3299156129360199,0.6529276371002197
37,0.3836868405342102,-0.32419687509536743,0.6601779460906982
38,0.3883293867111206,-0.3187645673751831,0.6666003465652466
39,0.3928954601287842,-0.31329089403152466,0.6727204322814941
40,0.39751574397087097,-0.307548850774765,0.6787086725234985
41,0.38539525866508484,-0.3281051218509674,0.613652229309082
42,0.3903867304325104,-0.32237035036087036,0.6209446787834167
43,0.3949514329433441,-0.31690844893455505,0.627259373664856
44,0.39939913153648376,-0.31141144037246704,0.6335716843605042
45,0.40389809012413025,-0.3056447207927704,0.6395883560180664
46,0.3920938968658447,-0.3262626826763153,0.5717461705207825
47,0.39701512455940247,-0.32048752903938293,0.5791574716567993
48,0.40152695775032043,-0.3149772584438324,0.5853322148323059
49,0.4058535397052765,-0.3094494044780731,0.5919222831726074
50,0.4102451205253601,-0.30363354086875916,0.5979735255241394
51,0.3545018434524536,-0.3382628858089447,0.7435866594314575
52,0.3605344295501709,-0.33192095160484314,0.7529311776161194
53,0.36661869287490845,-0.3254455029964447,0.7606916427612305
54,0.3725513815879822,-0.3189058005809784,0.7682954668998718
55,0.37849992513656616,-0.3123020827770233,0.7743098735809326
56,0.36352166533470154,-0.3362113833427429,0.694269597530365
57,0.3696174621582031,-0.3296872079372406,0.703237771987915
58,0.3756064176559448,-0.32307225465774536,0.7113145589828491
59,0.38148313760757446,-0.3163762390613556,0.7189371585845947
60,0.3872663080692291,-0.3096165060997009,0.725713312625885
61,0.37225982546806335,-0.33398568630218506,0.6447573900222778
62,0.37830308079719543,-0.32738494873046875,0.653404951095581
63,0.3841783404350281,-0.32068464159965515,0.661580502986908
64,0.38991639018058777,-0.31390535831451416,0.6693165302276611
65,0.3954673707485199,-0.3070988655090332,0.6765714883804321
66,0.380569189786911,-0.3317300081253052,0.5949084162712097
67,0.3865855932235718,-0.32502517104148865,0.603274941444397
68,0.3923325538635254,-0.3182571530342102,0.61153244972229
69,0.3979352116584778,-0.31140461564064026,0.6193879842758179
70,0.4032905399799347,-0.30452120304107666,0.6271725296974182
71,0.3884972333908081,-0.3292747437953949,0.544925332069397
72,0.3944375514984131,-0.3225586712360382,0.5527052283287048
73,0.39998918771743774,-0.31579503417015076,0.5611382722854614
74,0.40543121099472046,-0.30892959237098694,0.5688899159431458
75,0.4104732871055603,-0.3021007478237152,0.5772693157196045
76,0.34746748208999634,-0.34119299054145813,0.7453261017799377
77,0.35382312536239624,-0.33469265699386597,0.7552392482757568
78,0.3603319525718689,-0.32793155312538147,0.7639371156692505
79,0.3667842149734497,-0.3210439682006836,0.7718490362167358
80,0.37321656942367554,-0.3140980303287506,0.7783653140068054
81,0.35685569047927856,-0.3389992415904999,0.6921743750572205
82,0.36327558755874634,-0.3323010802268982,0.7016803026199341
83,0.3697114884853363,-0.3253779411315918,0.7105333209037781
84,0.3760647773742676,-0.318325400352478,0.7186753749847412
85,0.38230985403060913,-0.31121692061424255,0.7260262370109558
86,0.3660711646080017,-0.3365769684314728,0.6383288502693176
87,0.37244850397109985,-0.32976409792900085,0.6474873423576355
88,0.3787819743156433,-0.32272353768348694,0.6563403606414795
89,0.3849761486053467,-0.31556180119514465,0.6647670865058899
90,0.3909873366355896,-0.3083733022212982,0.6727113127708435
91,0.374872088432312,-0.3340151011943817,0.5842708945274353
92,0.3811911344528198,-0.3271055221557617,0.5930601358413696
93,0.3873886168003082,-0.31999319791793823,0.6018663048744202
94,0.39338594675064087,-0.3127731680870056,0.6105315685272217
95,0.3991544246673584,-0.3055296838283539,0.6190621256828308
96,0.38321954011917114,-0.33125486969947815,0.5307349562644958
97,0.3894360661506653,-0.32432204484939575,0.5388785600662231
98,0.39544326066970825,-0.3171974718570709,0.5476773977279663
99,0.40122532844543457,-0.30997025966644287,0.5564277172088623
100,0.4066656231880188,-0.3027781546115875,0.5656202435493469
101,0.3407190144062042,-0.3433794379234314,0.7444512844085693
102,0.34728896617889404,-0.33689361810684204,0.7541019916534424
103,0.3539925217628479,-0.33011773228645325,0.7630958557128906
104,0.3606669306755066,-0.32317739725112915,0.77134108543396
105,0.367279976606369,-0.31616610288619995,0.7787058353424072
106,0.3502028286457062,-0.34101003408432007,0.6891813278198242
107,0.35675111413002014,-0.33436739444732666,0.6986583471298218
108,0.3633556067943573,-0.3274521827697754,0.7077494263648987
109,0.36989477276802063,-0.32037442922592163,0.7162330150604248
110,0.3763228952884674,-0.3132297396659851,0.7241261005401611
111,0.3595091700553894,-0.33842936158180237,0.6330786943435669
112,0.3659737706184387,-0.3316722810268402,0.642411470413208
113,0.3724572956562042,-0.3246411085128784,0.6515263915061951
114,0.3788350820541382,-0.3174530565738678,0.6602747440338135
115,0.38506150245666504,-0.3102128207683563,0.6685802936553955
116,0.36841389536857605,-0.335679292678833,0.576827883720398
117,0.3747726380825043,-0.3288322687149048,0.5859856605529785
118,0.3811131417751312,-0.32172054052352905,0.5950890183448792
119,0.3872927129268646,-0.31446510553359985,0.6040602922439575
120,0.3933015763759613,-0.3071596622467041,0.6127604246139526
121,0.3768440783023834,-0.3327697515487671,0.5212241411209106
122,0.383067786693573,-0.32587122917175293,0.5300614833831787
123,0.38923609256744385,-0.31871137022972107,0.5391638278961182
124,0.39521336555480957,-0.3114156723022461,0.5482883453369141
125,0.4009734094142914,-0.3040975332260132,0.5574277639389038
