1,0.017153,0.017153,0.017153,0.017153,0.017153,0.017153,0.017153,0.017153,0.017153,0.017153,0.017153
2,0.0107909,0.0107909,0.0107909,0.0107909,0.0107909,0.0107909,0.0107909,0.0107909,0.0107909,0.0107909,0.0107909
3,0.0118883,0.0118883,0.0118883,0.0118883,0.0118883,0.0118883,0.0118883,0.0118883,0.0118883,0.0118883,0.0118883
4,0.0129857,0.0129857,0.0129857,0.0129857,0.0129857,0.0129857,0.0129857,0.0129857,0.0129857,0.0129857,0.0129857
5,0.0245043,0.0245043,0.0245043,0.0245043,0.0245043,0.0245043,0.0245043,0.0245043,0.0245043,0.0245043,0.0245043
6,0.0140831,0.0140831,0.0140831,0.0140831,0.0140831,0.0140831,0.0140831,0.0140831,0.0140831,0.0140831,0.0140831
7,0.017153,0.017153,0.017153,0.017153,0.017153,0.017153,0.017153,0.017153,0.017153,0.017153,0.017153
8,0.0107909,0.0107909,0.0107909,0.0107909,0.0107909,0.0107909,0.0107909,0.0107909,0.0107909,0.0107909,0.0107909
9,0.0118883,0.0118883,0.0118883,0.0118883,0.0118883,0.0118883,0.0118883,0.0118883,0.0118883,0.0118883,0.0118883
10,0.0129857,0.0129857,0.0129857,0.0129857,0.0129857,0.0129857,0.0129857,0.0129857,0.0129857,0.0129857,0.0129857
11,0.0245043,0.0245043,0.0245043,0.0245043,0.0245043,0.0245043,0.0245043,0.0245043,0.0245043,0.0245043,0.0245043
12,0.0140831,0.0140831,0.0140831,0.0140831,0.0140831,0.0140831,0.0140831,0.0140831,0.0140831,0.0140831,0.0140831
13,0.017153,0.017153,0.017153,0.017153,0.017153,0.017153,0.017153,0.017153,0.017153,0.017153,0.017153
14,0.0107909,0.0107909,0.0107909,0.0107909,0.0107909,0.0107909,0.0107909,0.0107909,0.0107909,0.0107909,0.0107909
15,0.0118883,0.0118883,0.0118883,0.0118883,0.0118883,0.0118883,0.0118883,0.0118883,0.0118883,0.0118883,0.0118883
16,0.0129857,0.0129857,0.0129857,0.0129857,0.0129857,0.0129857,0.0129857,0.0129857,0.0129857,0.0129857,0.0129857
17,0.0245043,0.0245043,0.0245043,0.0245043,0.0245043,0.0245043,0.0245043,0.0245043,0.0245043,0.0245043,0.0245043
18,0.0140831,0.0140831,0.0140831,0.0140831,0.0140831,0.0140831,0.0140831,0.0140831,0.0140831,0.0140831,0.0140831
19,0.017153,0.017153,0.017153,0.017153,0.017153,0.017153,0.017153,0.017153,0.017153,0.017153,0.017153
20,0.0107909,0.0107909,0.0107909,0.0107909,0.0107909,0.0107909,0.0107909,0.0107909,0.0107909,0.0107909,0.0107909
21,0.0118883,0.0118883,0.0118883,0.0118883,0.0118883,0.0118883,0.0118883,0.0118883,0.0118883,0.0118883,0.0118883
22,0.0129857,0.0129857,0.0129857,0.0129857,0.0129857,0.0129857,0.0129857,0.0129857,0.0129857,0.0129857,0.0129857
23,0.0245043,0.0245043,0.0245043,0.0245043,0.0245043,0.0245043,0.0245043,0.0245043,0.0245043,0.0245043,0.0245043
24,0.0140831,0.0140831,0.0140831,0.0140831,0.0140831,0.0140831,0.0140831,0.0140831,0.0140831,0.0140831,0.0140831
25,0.017153,0.017153,0.017153,0.017153,0.017153,0.017153,0.017153,0.017153,0.017153,0.017153,0.017153
26,0.0107909,0.0107909,0.0107909,0.0107909,0.0107909,0.0107909,0.0107909,0.0107909,0.0107909,0.0107909,0.0107909
27,0.0118883,0.0118883,0.0118883,0.0118883,0.0118883,0.0118883,0.0118883,0.0118883,0.0118883,0.0118883,0.0118883
28,0.0129857,0.0129857,0.0129857,0.0129857,0.0129857,0.0129857,0.0129857,0.0129857,0.0129857,0.0129857,0.0129857
29,0.0245043,0.0245043,0.0245043,0.0245043,0.0245043,0.0245043,0.0245043,0.0245043,0.0245043,0.0245043,0.0245043
30,0.0140831,0.0140831,0.0140831,0.0140831,0.0140831,0.0140831,0.0140831,0.0140831,0.0140831,0.0140831,0.0140831
31,0.017153,0.017153,0.017153,0.017153,0.017153,0.017153,0.017153,0.017153,0.017153,0.017153,0.017153
32,0.0107909,0.0107909,0.0107909,0.0107909,0.0107909,0.0107909,0.0107909,0.0107909,0.0107909,0.0107909,0.0107909
33,0.0118883,0.0118883,0.0118883,0.0118883,0.0118883,0.0118883,0.0118883,0.0118883,0.0118883,0.0118883,0.0118883
34,0.0129857,0.0129857,0.0129857,0.0129857,0.0129857,0.0129857,0.0129857,0.0129857,0.0129857,0.0129857,0.0129857
35,0.0245043,0.0245043,0.0245043,0.0245043,0.0245043,0.0245043,0.0245043,0.0245043,0.0245043,0.0245043,0.0245043
36,0.0140831,0.0140831,0.0140831,0.0140831,0.0140831,0.0140831,0.0140831,0.0140831,0.0140831,0.0140831,0.0140831
37,0.017153,0.017153,0.017153,0.017153,0.017153,0.017153,0.017153,0.017153,0.017153,0.017153,0.017153
38,0.0107909,0.0107909,0.0107909,0.0107909,0.0107909,0.0107909,0.0107909,0.0107909,0.0107909,0.0107909,0.0107909
39,0.0118883,0.0118883,0.0118883,0.0118883,0.0118883,0.0118883,0.0118883,0.0118883,0.0118883,0.0118883,0.0118883
40,0.0129857,0.0129857,0.0129857,0.0129857,0.0129857,0.0129857,0.0129857,0.0129857,0.0129857,0.0129857,0.0129857
41,0.0245043,0.0245043,0.0245043,0.0245043,0.0245043,0.0245043,0.0245043,0.0245043,0.0245043,0.0245043,0.0245043
42,0.0140831,0.0140831,0.0140831,0.0140831,0.0140831,0.0140831,0.0140831,0.0140831,0.0140831,0.0140831,0.0140831
43,0.017153,0.017153,0.017153,0.017153,0.017153,0.017153,0.017153,0.017153,0.017153,0.017153,0.017153
44,0.0107909,0.0107909,0.0107909,0.0107909,0.0107909,0.0107909,0.0107909,0.0107909,0.0107909,0.0107909,0.0107909
45,0.0118883,0.0118883,0.0118883,0.0118883,0.0118883,0.0118883,0.0118883,0.0118883,0.0118883,0.0118883,0.0118883
46,0.0129857,0.0129857,0.0129857,0.0129857,0.0129857,0.0129857,0.0129857,0.0129857,0.0129857,0.0129857,0.0129857
47,0.0245043,0.0245043,0.0245043,0.0245043,0.0245043,0.0245043,0.0245043,0.0245043,0.0245043,0.0245043,0.0245043
48,0.0140831,0.0140831,0.0140831,0.0140831,0.0140831,0.0140831,0.0140831,0.0140831,0.0140831,0.0140831,0.0140831
49,0.017153,0.017153,0.017153,0.017153,0.017153,0.017153,0.017153,0.017153,0.017153,0.017153,0.017153
50,0.0245043,0.0245043,0.0245043,0.0245043,0.0245043,0.0245043,0.0245043,0.0245043,0.0245043,0.0245043,0.0245043
51,0.017153,0.017153,0.017153,0.017153,0.017153,0.017153,0.017153,0.017153,0.017153,0.017153,0.017153
52,0.0245043,0.0245043,0.0245043,0.0245043,0.0245043,0.0245043,0.0245043,0.0245043,0.0245043,0.0245043,0.0245043
53,0.017153,0.017153,0.017153,0.017153,0.017153,0.017153,0.017153,0.017153,0.017153,0.017153,0.017153
54,0.0245043,0.0245043,0.0245043,0.0245043,0.0245043,0.0245043,0.0245043,0.0245043,0.0245043,0.0245043,0.0245043
55,0.017153,0.017153,0.017153,0.017153,0.017153,0.017153,0.017153,0.017153,0.017153,0.017153,0.017153
56,0.0245043,0.0245043,0.0245043,0.0245043,0.0245043,0.0245043,0.0245043,0.0245043,0.0245043,0.0245043,0.0245043
57,0.017153,0.017153,0.017153,0.017153,0.017153,0.017153,0.017153,0.017153,0.017153,0.017153,0.017153
58,0.0245043,0.0245043,0.0245043,0.0245043,0.0245043,0.0245043,0.0245043,0.0245043,0.0245043,0.0245043,0.0245043
59,0.017153,0.017153,0.017153,0.017153,0.017153,0.017153,0.017153,0.017153,0.017153,0.017153,0.017153
60,0.0245043,0.0245043,0.0245043,0.0245043,0.0245043,0.0245043,0.0245043,0.0245043,0.0245043,0.0245043,0.0245043
61,0.017153,0.017153,0.017153,0.017153,0.017153,0.017153,0.017153,0.017153,0.017153,0.017153,0.017153
62,0.0245043,0.0245043,0.0245043,0.0245043,0.0245043,0.0245043,0.0245043,0.0245043,0.0245043,0.0245043,0.0245043
63,0.017153,0.017153,0.017153,0.017153,0.017153,0.017153,0.017153,0.017153,0.017153,0.017153,0.017153
64,0.0245043,0.0245043,0.0245043,0.0245043,0.0245043,0.0245043,0.0245043,0.0245043,0.0245043,0.0245043,0.0245043
65,0.017153,0.017153,0.017153,0.017153,0.017153,0.017153,0.017153,0.017153,0.017153,0.017153,0.017153
66,0.0245043,0.0245043,0.0245043,0.0245043,0.0245043,0.0245043,0.0245043,0.0245043,0.0245043,0.0245043,0.0245043
67,0.017153,0.017153,0.017153,0.017153,0.017153,0.017153,0.017153,0.017153,0.017153,0.017153,0.017153
68,0.0245043,0.0245043,0.0245043,0.0245043,0.0245043,0.0245043,0.0245043,0.0245043,0.0245043,0.0245043,0.0245043
69,0.017153,0.017153,0.017153,0.017153,0.017153,0.017153,0.017153,0.017153,0.017153,0.017153,0.017153
70,0.0245043,0.0245043,0.0245043,0.0245043,0.0245043,0.0245043,0.0245043,0.0245043,0.0245043,0.0245043,0.0245043
71,0.017153,0.017153,0.017153,0.017153,0.017153,0.017153,0.017153,0.017153,0.017153,0.017153,0.017153
72,0.0245043,0.0245043,0.0245043,0.0245043,0.0245043,0.0245043,0.0245043,0.0245043,0.0245043,0.0245043,0.0245043
73,0.017153,0.017153,0.017153,0.017153,0.017153,0.017153,0.017153,0.017153,0.017153,0.017153,0.017153
74,0.0245043,0.0245043,0.0245043,0.0245043,0.0245043,0.0245043,0.0245043,0.0245043,0.0245043,0.0245043,0.0245043
75,0.017153,0.017153,0.017153,0.017153,0.017153,0.017153,0.017153,0.017153,0.017153,0.017153,0.017153
76,0.0245043,0.0245043,0.0245043,0.0245043,0.0245043,0.0245043,0.0245043,0.0245043,0.0245043,0.0245043,0.0245043
77,0.017153,0.017153,0.017153,0.017153,0.017153,0.017153,0.017153,0.017153,0.017153,0.017153,0.017153
78,0.0245043,0.0245043,0.0245043,0.0245043,0.0245043,0.0245043,0.0245043,0.0245043,0.0245043,0.0245043,0.0245043
79,0.017153,0.017153,0.017153,0.017153,0.017153,0.017153,0.017153,0.017153,0.017153,0.017153,0.017153
80,0.0245043,0.0245043,0.0245043,0.0245043,0.0245043,0.0245043,0.0245043,0.0245043,0.0245043,0.0245043,0.0245043
81,0.017153,0.017153,0.017153,0.017153,0.017153,0.017153,0.017153,0.017153,0.017153,0.017153,0.017153
82,0.0245043,0.0245043,0.0245043,0.0245043,0.0245043,0.0245043,0.0245043,0.0245043,0.0245043,0.0245043,0.0245043
83,0.017153,0.017153,0.017153,0.017153,0.017153,0.017153,0.017153,0.017153,0.017153,0.017153,0.017153
84,0.0245043,0.0245043,0.0245043,0.0245043,0.0245043,0.0245043,0.0245043,0.0245043,0.0245043,0.0245043,0.0245043
85,0.017153,0.017153,0.017153,0.017153,0.017153,0.017153,0.017153,0.017153,0.017153,0.017153,0.017153
86,0.0245043,0.0245043,0.0245043,0.0245043,0.0245043,0.0245043,0.0245043,0.0245043,0.0245043,0.0245043,0.0245043
87,0.017153,0.017153,0.017153,0.017153,0.017153,0.017153,0.017153,0.017153,0.017153,0.017153,0.017153
88,0.0245043,0.0245043,0.0245043,0.0245043,0.0245043,0.0245043,0.0245043,0.0245043,0.0245043,0.0245043,0.0245043
89,0.017153,0.017153,0.017153,0.017153,0.017153,0.017153,0.017153,0.017153,0.017153,0.017153,0.017153
90,0.0245043,0.0245043,0.0245043,0.0245043,0.0245043,0.0245043,0.0245043,0.0245043,0.0245043,0.0245043,0.0245043
91,0.017153,0.017153,0.017153,0.017153,0.017153,0.017153,0.017153,0.017153,0.017153,0.017153,0.017153
92,0.0245043,0.0245043,0.0245043,0.0245043,0.0245043,0.0245043,0.0245043,0.0245043,0.0245043,0.0245043,0.0245043
93,0.017153,0.017153,0.017153,0.017153,0.017153,0.017153,0.017153,0.017153,0.017153,0.017153,0.017153
94,0.0245043,0.0245043,0.0245043,0.0245043,0.0245043,0.0245043,0.0245043,0.0245043,0.0245043,0.0245043,0.0245043
95,0.017153,0.017153,0.017153,0.017153,0.017153,0.017153,0.017153,0.017153,0.017153,0.017153,0.017153
96,0.0245043,0.0245043,0.0245043,0.0245043,0.0245043,0.0245043,0.0245043,0.0245043,0.0245043,0.0245043,0.0245043
97,0.017153,0.017153,0.017153,0.017153,0.017153,0.017153,0.017153,0.017153,0.017153,0.017153,0.017153
98,0.0245043,0.0245043,0.0245043,0.0245043,0.0245043,0.0245043,0.0245043,0.0245043,0.0245043,0.0245043,0.0245043
99,0.017153,0.017153,0.017153,0.017153,0.017153,0.017153,0.017153,0.017153,0.017153,0.017153,0.017153
100,0.0245043,0.0245043,0.0245043,0.0245043,0.0245043,0.0245043,0.0245043,0.0245043,0.0245043,0.0245043,0.0245043
101,0.017153,0.017153,0.017153,0.017153,0.017153,0.017153,0.017153,0.017153,0.017153,0.017153,0.017153
102,0.0245043,0.0245043,0.0245043,0.0245043,0.0245043,0.0245043,0.0245043,0.0245043,0.0245043,0.0245043,0.0245043
103,0.017153,0.017153,0.017153,0.017153,0.017153,0.017153,0.017153,0.017153,0.017153,0.017153,0.017153
104,0.0245043,0.0245043,0.0245043,0.0245043,0.0245043,0.0245043,0.0245043,0.0245043,0.0245043,0.0245043,0.0245043
105,0.017153,0.017153,0.017153,0.017153,0.017153,0.017153,0.017153,0.017153,0.017153,0.017153,0.017153
106,0.0245043,0.0245043,0.0245043,0.0245043,0.0245043,0.0245043,0.0245043,0.0245043,0.0245043,0.0245043,0.0245043
107,0.017153,0.017153,0.017153,0.017153,0.017153,0.017153,0.017153,0.017153,0.017153,0.017153,0.017153
108,0.0245043,0.0245043,0.0245043,0.0245043,0.0245043,0.0245043,0.0245043,0.0245043,0.0245043,0.0245043,0.0245043
109,0.017153,0.017153,0.017153,0.017153,0.017153,0.017153,0.017153,0.017153,0.017153,0.017153,0.017153
110,0.0245043,0.0245043,0.0245043,0.0245043,0.0245043,0.0245043,0.0245043,0.0245043,0.0245043,0.0245043,0.0245043
111,0.017153,0.017153,0.017153,0.017153,0.017153,0.017153,0.017153,0.017153,0.017153,0.017153,0.017153
112,0.0245043,0.0245043,0.0245043,0.0245043,0.0245043,0.0245043,0.0245043,0.0245043,0.0245043,0.0245043,0.0245043
113,0.017153,0.017153,0.017153,0.017153,0.017153,0.017153,0.017153,0.017153,0.017153,0.017153,0.017153
114,0.0245043,0.0245043,0.0245043,0.0245043,0.0245043,0.0245043,0.0245043,0.0245043,0.0245043,0.0245043,0.0245043
115,0.017153,0.017153,0.017153,0.017153,0.017153,0.017153,0.017153,0.017153,0.017153,0.017153,0.017153
116,0.0245043,0.0245043,0.0245043,0.0245043,0.0245043,0.0245043,0.0245043,0.0245043,0.0245043,0.0245043,0.0245043
117,0.017153,0.017153,0.017153,0.017153,0.017153,0.017153,0.017153,0.017153,0.017153,0.017153,0.017153
118,0.0245043,0.0245043,0.0245043,0.0245043,0.0245043,0.0245043,0.0245043,0.0245043,0.0245043,0.0245043,0.0245043
119,0.017153,0.017153,0.017153,0.017153,0.017153,0.017153,0.017153,0.017153,0.017153,0.017153,0.017153
120,0.0245043,0.0245043,0.0245043,0.0245043,0.0245043,0.0245043,0.0245043,0.0245043,0.0245043,0.0245043,0.0245043
121,0.017153,0.017153,0.017153,0.017153,0.017153,0.017153,0.017153,0.017153,0.017153,0.017153,0.017153
122,0.0245043,0.0245043,0.0245043,0.0245043,0.0245043,0.0245043,0.0245043,0.0245043,0.0245043,0.0245043,0.0245043
123,0.017153,0.017153,0.017153,0.017153,0.017153,0.017153,0.017153,0.017153,0.017153,0.017153,0.017153
124,0.0245043,0.0245043,0.0245043,0.0245043,0.0245043,0.0245043,0.0245043,0.0245043,0.0245043,0.0245043,0.0245043
125,0.017153,0.017153,0.017153,0.017153,0.017153,0.017153,0.017153,0.017153,0.017153,0.017153,0.017153
126,0.0245043,0.0245043,0.0245043,0.0245043,0.0245043,0.0245043,0.0245043,0.0245043,0.0245043,0.0245043,0.0245043
127,0.017153,0.017153,0.017153,0.017153,0.017153,0.017153,0.017153,0.017153,0.017153,0.017153,0.017153
128,0.0245043,0.0245043,0.0245043,0.0245043,0.0245043,0.0245043,0.0245043,0.0245043,0.0245043,0.0245043,0.0245043
129,0.017153,0.017153,0.017153,0.017153,0.017153,0.017153,0.017153,0.017153,0.017153,0.017153,0.017153
130,0.0245043,0.0245043,0.0245043,0.0245043,0.0245043,0.0245043,0.0245043,0.0245043,0.0245043,0.0245043,0.0245043
131,0.017153,0.017153,0.017153,0.017153,0.017153,0.017153,0.017153,0.017153,0.017153,0.017153,0.017153
132,0.0245043,0.0245043,0.0245043,0.0245043,0.0245043,0.0245043,0.0245043,0.0245043,0.0245043,0.0245043,0.0245043
133,0.017153,0.017153,0.017153,0.017153,0.017153,0.017153,0.017153,0.017153,0.017153,0.017153,0.017153
134,0.0245043,0.0245043,0.0245043,0.0245043,0.0245043,0.0245043,0.0245043,0.0245043,0.0245043,0.0245043,0.0245043
135,0.017153,0.017153,0.017153,0.017153,0.017153,0.017153,0.017153,0.017153,0.017153,0.017153,0.017153
136,0.0245043,0.0245043,0.0245043,0.0245043,0.0245043,0.0245043,0.0245043,0.0245043,0.0245043,0.0245043,0.0245043
137,0.017153,0.017153,0.017153,0.017153,0.017153,0.017153,0.017153,0.017153,0.017153,0.017153,0.017153
138,0.0245043,0.0245043,0.0245043,0.0245043,0.0245043,0.0245043,0.0245043,0.0245043,0.0245043,0.0245043,0.0245043
139,0.017153,0.017153,0.017153,0.017153,0.017153,0.017153,0.017153,0.017153,0.017153,0.017153,0.017153
140,0.0245043,0.0245043,0.0245043,0.0245043,0.0245043,0.0245043,0.0245043,0.0245043,0.0245043,0.0245043,0.0245043
141,0.017153,0.017153,0.017153,0.017153,0.017153,0.017153,0.017153,0.017153,0.017153,0.017153,0.017153
142,0.0245043,0.0245043,0.0245043,0.0245043,0.0245043,0.0245043,0.0245043,0.0245043,0.0245043,0.0245043,0.0245043
143,0.017153,0.017153,0.017153,0.017153,0.017153,0.017153,0.017153,0.017153,0.017153,0.017153,0.017153
144,0.0245043,0.0245043,0.0245043,0.0245043,0.0245043,0.0245043,0.0245043,0.0245043,0.0245043,0.0245043,0.0245043
145,0.017153,0.017153,0.017153,0.017153,0.017153,0.017153,0.017153,0.017153,0.017153,0.017153,0.017153
146,0.0107909,0.0107909,0.0107909,0.0107909,0.0107909,0.0107909,0.0107909,0.0107909,0.0107909,0.0107909,0.0107909
147,0.0118883,0.0118883,0.0118883,0.0118883,0.0118883,0.0118883,0.0118883,0.0118883,0.0118883,0.0118883,0.0118883
148,0.0129857,0.0129857,0.0129857,0.0129857,0.0129857,0.0129857,0.0129857,0.0129857,0.0129857,0.0129857,0.0129857
149,0.0245043,0.0245043,0.0245043,0.0245043,0.0245043,0.0245043,0.0245043,0.0245043,0.0245043,0.0245043,0.0245043
150,0.0140831,0.0140831,0.0140831,0.0140831,0.0140831,0.0140831,0.0140831,0.0140831,0.0140831,0.0140831,0.0140831
151,0.017153,0.017153,0.017153,0.017153,0.017153,0.017153,0.017153,0.017153,0.017153,0.017153,0.017153
152,0.0107909,0.0107909,0.0107909,0.0107909,0.0107909,0.0107909,0.0107909,0.0107909,0.0107909,0.0107909,0.0107909
153,0.0118883,0.0118883,0.0118883,0.0118883,0.0118883,0.0118883,0.0118883,0.0118883,0.0118883,0.0118883,0.0118883
154,0.0129857,0.0129857,0.0129857,0.0129857,0.0129857,0.0129857,0.0129857,0.0129857,0.0129857,0.0129857,0.0129857
155,0.0245043,0.0245043,0.0245043,0.0245043,0.0245043,0.0245043,0.0245043,0.0245043,0.0245043,0.0245043,0.0245043
156,0.0140831,0.0140831,0.0140831,0.0140831,0.0140831,0.0140831,0.0140831,0.0140831,0.0140831,0.0140831,0.0140831
157,0.017153,0.017153,0.017153,0.017153,0.017153,0.017153,0.017153,0.017153,0.017153,0.017153,0.017153
158,0.0107909,0.0107909,0.0107909,0.0107909,0.0107909,0.0107909,0.0107909,0.0107909,0.0107909,0.0107909,0.0107909
159,0.0118883,0.0118883,0.0118883,0.0118883,0.0118883,0.0118883,0.0118883,0.0118883,0.0118883,0.0118883,0.0118883
160,0.0129857,0.0129857,0.0129857,0.0129857,0.0129857,0.0129857,0.0129857,0.0129857,0.0129857,0.0129857,0.0129857
161,0.0245043,0.0245043,0.0245043,0.0245043,0.0245043,0.0245043,0.0245043,0.0245043,0.0245043,0.0245043,0.0245043
162,0.0140831,0.0140831,0.0140831,0.0140831,0.0140831,0.0140831,0.0140831,0.0140831,0.0140831,0.0140831,0.0140831
163,0.017153,0.017153,0.017153,0.017153,0.017153,0.017153,0.017153,0.017153,0.017153,0.017153,0.017153
164,0.0107909,0.0107909,0.0107909,0.0107909,0.0107909,0.0107909,0.0107909,0.0107909,0.0107909,0.0107909,0.0107909
165,0.0118883,0.0118883,0.0118883,0.0118883,0.0118883,0.0118883,0.0118883,0.0118883,0.0118883,0.0118883,0.0118883
166,0.0129857,0.0129857,0.0129857,0.0129857,0.0129857,0.0129857,0.0129857,0.0129857,0.0129857,0.0129857,0.0129857
167,0.0245043,0.0245043,0.0245043,0.0245043,0.0245043,0.0245043,0.0245043,0.0245043,0.0245043,0.0245043,0.0245043
168,0.0140831,0.0140831,0.0140831,0.0140831,0.0140831,0.0140831,0.0140831,0.0140831,0.0140831,0.0140831,0.0140831
169,0.017153,0.017153,0.017153,0.017153,0.017153,0.017153,0.017153,0.017153,0.017153,0.017153,0.017153
170,0.0107909,0.0107909,0.0107909,0.0107909,0.0107909,0.0107909,0.0107909,0.0107909,0.0107909,0.0107909,0.0107909
171,0.0118883,0.0118883,0.0118883,0.0118883,0.0118883,0.0118883,0.0118883,0.0118883,0.0118883,0.0118883,0.0118883
172,0.0129857,0.0129857,0.0129857,0.0129857,0.0129857,0.0129857,0.0129857,0.0129857,0.0129857,0.0129857,0.0129857
173,0.0245043,0.0245043,0.0245043,0.0245043,0.0245043,0.0245043,0.0245043,0.0245043,0.0245043,0.0245043,0.0245043
174,0.0140831,0.0140831,0.0140831,0.0140831,0.0140831,0.0140831,0.0140831,0.0140831,0.0140831,0.0140831,0.0140831
175,0.017153,0.017153,0.017153,0.017153,0.017153,0.017153,0.017153,0.017153,0.017153,0.017153,0.017153
176,0.0107909,0.0107909,0.0107909,0.0107909,0.0107909,0.0107909,0.0107909,0.0107909,0.0107909,0.0107909,0.0107909
177,0.0118883,0.0118883,0.0118883,0.0118883,0.0118883,0.0118883,0.0118883,0.0118883,0.0118883,0.0118883,0.0118883
178,0.0129857,0.0129857,0.0129857,0.0129857,0.0129857,0.0129857,0.0129857,0.0129857,0.0129857,0.0129857,0.0129857
179,0.0245043,0.0245043,0.0245043,0.0245043,0.0245043,0.0245043,0.0245043,0.0245043,0.0245043,0.0245043,0.0245043
180,0.0140831,0.0140831,0.0140831,0.0140831,0.0140831,0.0140831,0.0140831,0.0140831,0.0140831,0.0140831,0.0140831
181,0.017153,0.017153,0.017153,0.017153,0.017153,0.017153,0.017153,0.017153,0.017153,0.017153,0.017153
182,0.0107909,0.0107909,0.0107909,0.0107909,0.0107909,0.0107909,0.0107909,0.0107909,0.0107909,0.0107909,0.0107909
183,0.0118883,0.0118883,0.0118883,0.0118883,0.0118883,0.0118883,0.0118883,0.0118883,0.0118883,0.0118883,0.0118883
184,0.0129857,0.0129857,0.0129857,0.0129857,0.0129857,0.0129857,0.0129857,0.0129857,0.0129857,0.0129857,0.0129857
185,0.0245043,0.0245043,0.0245043,0.0245043,0.0245043,0.0245043,0.0245043,0.0245043,0.0245043,0.0245043,0.0245043
186,0.0140831,0.0140831,0.0140831,0.0140831,0.0140831,0.0140831,0.0140831,0.0140831,0.0140831,0.0140831,0.0140831
187,0.017153,0.017153,0.017153,0.017153,0.017153,0.017153,0.017153,0.017153,0.017153,0.017153,0.017153
188,0.0107909,0.0107909,0.0107909,0.0107909,0.0107909,0.0107909,0.0107909,0.0107909,0.0107909,0.0107909,0.0107909
189,0.0118883,0.0118883,0.0118883,0.0118883,0.0118883,0.0118883,0.0118883,0.0118883,0.0118883,0.0118883,0.0118883
190,0.0129857,0.0129857,0.0129857,0.0129857,0.0129857,0.0129857,0.0129857,0.0129857,0.0129857,0.0129857,0.0129857
191,0.0245043,0.0245043,0.0245043,0.0245043,0.0245043,0.0245043,0.0245043,0.0245043,0.0245043,0.0245043,0.0245043
192,0.0140831,0.0140831,0.0140831,0.0140831,0.0140831,0.0140831,0.0140831,0.0140831,0.0140831,0.0140831,0.0140831
193,0.017153,0.017153,0.017153,0.017153,0.017153,0.017153,0.017153,0.017153,0.017153,0.017153,0.017153
194,0.0107909,0.0107909,0.0107909,0.0107909,0.0107909,0.0107909,0.0107909,0.0107909,0.0107909,0.0107909,0.0107909
195,0.0118883,0.0118883,0.0118883,0.0118883,0.0118883,0.0118883,0.0118883,0.0118883,0.0118883,0.0118883,0.0118883
196,0.0129857,0.0129857,0.0129857,0.0129857,0.0129857,0.0129857,0.0129857,0.0129857,0.0129857,0.0129857,0.0129857
197,0.0245043,0.0245043,0.0245043,0.0245043,0.0245043,0.0245043,0.0245043,0.0245043,0.0245043,0.0245043,0.0245043
198,0.0140831,0.0140831,0.0140831,0.0140831,0.0140831,0.0140831,0.0140831,0.0140831,0.0140831,0.0140831,0.0140831
199,0.017153,0.017153,0.017153,0.017153,0.017153,0.017153,0.017153,0.017153,0.017153,0.017153,0.017153
200,0.0107909,0.0107909,0.0107909,0.0107909,0.0107909,0.0107909,0.0107909,0.0107909,0.0107909,0.0107909,0.0107909
201,0.0118883,0.0118883,0.0118883,0.0118883,0.0118883,0.0118883,0.0118883,0.0118883,0.0118883,0.0118883,0.0118883
202,0.0129857,0.0129857,0.0129857,0.0129857,0.0129857,0.0129857,0.0129857,0.0129857,0.0129857,0.0129857,0.0129857
203,0.0245043,0.0245043,0.0245043,0.0245043,0.0245043,0.0245043,0.0245043,0.0245043,0.0245043,0.0245043,0.0245043
204,0.0140831,0.0140831,0.0140831,0.0140831,0.0140831,0.0140831,0.0140831,0.0140831,0.0140831,0.0140831,0.0140831
205,0.017153,0.017153,0.017153,0.017153,0.017153,0.017153,0.017153,0.017153,0.017153,0.017153,0.017153
206,0.0107909,0.0107909,0.0107909,0.0107909,0.0107909,0.0107909,0.0107909,0.0107909,0.0107909,0.0107909,0.0107909
207,0.0118883,0.0118883,0.0118883,0.0118883,0.0118883,0.0118883,0.0118883,0.0118883,0.0118883,0.0118883,0.0118883
208,0.0129857,0.0129857,0.0129857,0.0129857,0.0129857,0.0129857,0.0129857,0.0129857,0.0129857,0.0129857,0.0129857
209,0.0245043,0.0245043,0.0245043,0.0245043,0.0245043,0.0245043,0.0245043,0.0245043,0.0245043,0.0245043,0.0245043
210,0.0140831,0.0140831,0.0140831,0.0140831,0.0140831,0.0140831,0.0140831,0.0140831,0.0140831,0.0140831,0.0140831
211,0.017153,0.017153,0.017153,0.017153,0.017153,0.017153,0.017153,0.017153,0.017153,0.017153,0.017153
212,0.0107909,0.0107909,0.0107909,0.0107909,0.0107909,0.0107909,0.0107909,0.0107909,0.0107909,0.0107909,0.0107909
213,0.0118883,0.0118883,0.0118883,0.0118883,0.0118883,0.0118883,0.0118883,0.0118883,0.0118883,0.0118883,0.0118883
214,0.0129857,0.0129857,0.0129857,0.0129857,0.0129857,0.0129857,0.0129857,0.0129857,0.0129857,0.0129857,0.0129857
215,0.0245043,0.0245043,0.0245043,0.0245043,0.0245043,0.0245043,0.0245043,0.0245043,0.0245043,0.0245043,0.0245043
216,0.0140831,0.0140831,0.0140831,0.0140831,0.0140831,0.0140831,0.0140831,0.0140831,0.0140831,0.0140831,0.0140831
217,0.017153,0.017153,0.017153,0.017153,0.017153,0.017153,0.017153,0.017153,0.017153,0.017153,0.017153
218,0.0107909,0.0107909,0.0107909,0.0107909,0.0107909,0.0107909,0.0107909,0.0107909,0.0107909,0.0107909,0.0107909
219,0.0118883,0.0118883,0.0118883,0.0118883,0.0118883,0.0118883,0.0118883,0.0118883,0.0118883,0.0118883,0.0118883
220,0.0129857,0.0129857,0.0129857,0.0129857,0.0129857,0.0129857,0.0129857,0.0129857,0.0129857,0.0129857,0.0129857
221,0.0245043,0.0245043,0.0245043,0.0245043,0.0245043,0.0245043,0.0245043,0.0245043,0.0245043,0.0245043,0.0245043
222,0.0140831,0.0140831,0.0140831,0.0140831,0.0140831,0.0140831,0.0140831,0.0140831,0.0140831,0.0140831,0.0140831
223,0.017153,0.017153,0.017153,0.017153,0.017153,0.017153,0.017153,0.017153,0.017153,0.017153,0.017153
224,0.0107909,0.0107909,0.0107909,0.0107909,0.0107909,0.0107909,0.0107909,0.0107909,0.0107909,0.0107909,0.0107909
225,0.0118883,0.0118883,0.0118883,0.0118883,0.0118883,0.0118883,0.0118883,0.0118883,0.0118883,0.0118883,0.0118883
226,0.0129857,0.0129857,0.0129857,0.0129857,0.0129857,0.0129857,0.0129857,0.0129857,0.0129857,0.0129857,0.0129857
227,0.0245043,0.0245043,0.0245043,0.0245043,0.0245043,0.0245043,0.0245043,0.0245043,0.0245043,0.0245043,0.0245043
228,0.0140831,0.0140831,0.0140831,0.0140831,0.0140831,0.0140831,0.0140831,0.0140831,0.0140831,0.0140831,0.0140831
229,0.017153,0.017153,0.017153,0.017153,0.017153,0.017153,0.017153,0.017153,0.017153,0.017153,0.017153
230,0.0107909,0.0107909,0.0107909,0.0107909,0.0107909,0.0107909,0.0107909,0.0107909,0.0107909,0.0107909,0.0107909
231,0.0118883,0.0118883,0.0118883,0.0118883,0.0118883,0.0118883,0.0118883,0.0118883,0.0118883,0.0118883,0.0118883
232,0.0129857,0.0129857,0.0129857,0.0129857,0.0129857,0.0129857,0.0129857,0.0129857,0.0129857,0.0129857,0.0129857
233,0.0245043,0.0245043,0.0245043,0.0245043,0.0245043,0.0245043,0.0245043,0.0245043,0.0245043,0.0245043,0.0245043
234,0.0140831,0.0140831,0.0140831,0.0140831,0.0140831,0.0140831,0.0140831,0.0140831,0.0140831,0.0140831,0.0140831
235,0.017153,0.017153,0.017153,0.017153,0.017153,0.017153,0.017153,0.017153,0.017153,0.017153,0.017153
236,0.0107909,0.0107909,0.0107909,0.0107909,0.0107909,0.0107909,0.0107909,0.0107909,0.0107909,0.0107909,0.0107909
237,0.0118883,0.0118883,0.0118883,0.0118883,0.0118883,0.0118883,0.0118883,0.0118883,0.0118883,0.0118883,0.0118883
238,0.0129857,0.0129857,0.0129857,0.0129857,0.0129857,0.0129857,0.0129857,0.0129857,0.0129857,0.0129857,0.0129857
239,0.0245043,0.0245043,0.0245043,0.0245043,0.0245043,0.0245043,0.0245043,0.0245043,0.0245043,0.0245043,0.0245043
240,0.0140831,0.0140831,0.0140831,0.0140831,0.0140831,0.0140831,0.0140831,0.0140831,0.0140831,0.0140831,0.0140831
241,0.017153,0.017153,0.017153,0.017153,0.017153,0.017153,0.017153,0.017153,0.017153,0.017153,0.017153
242,0.0245043,0.0245043,0.0245043,0.0245043,0.0245043,0.0245043,0.0245043,0.0245043,0.0245043,0.0245043,0.0245043
243,0.017153,0.017153,0.017153,0.017153,0.017153,0.017153,0.017153,0.017153,0.017153,0.017153,0.017153
244,0.0245043,0.0245043,0.0245043,0.0245043,0.0245043,0.0245043,0.0245043,0.0245043,0.0245043,0.0245043,0.0245043
245,0.017153,0.017153,0.017153,0.017153,0.017153,0.017153,0.017153,0.017153,0.017153,0.017153,0.017153
246,0.0245043,0.0245043,0.0245043,0.0245043,0.0245043,0.0245043,0.0245043,0.0245043,0.0245043,0.0245043,0.0245043
247,0.017153,0.017153,0.017153,0.017153,0.017153,0.017153,0.017153,0.017153,0.017153,0.017153,0.017153
248,0.0245043,0.0245043,0.0245043,0.0245043,0.0245043,0.0245043,0.0245043,0.0245043,0.0245043,0.0245043,0.0245043
249,0.017153,0.017153,0.017153,0.017153,0.017153,0.017153,0.017153,0.017153,0.017153,0.017153,0.017153
250,0.0245043,0.0245043,0.0245043,0.0245043,0.0245043,0.0245043,0.0245043,0.0245043,0.0245043,0.0245043,0.0245043
251,0.017153,0.017153,0.017153,0.017153,0.017153,0.017153,0.017153,0.017153,0.017153,0.017153,0.017153
252,0.0245043,0.0245043,0.0245043,0.0245043,0.0245043,0.0245043,0.0245043,0.0245043,0.0245043,0.0245043,0.0245043
253,0.017153,0.017153,0.017153,0.017153,0.017153,0.017153,0.017153,0.017153,0.017153,0.017153,0.017153
254,0.0245043,0.0245043,0.0245043,0.0245043,0.0245043,0.0245043,0.0245043,0.0245043,0.0245043,0.0245043,0.0245043
255,0.017153,0.017153,0.017153,0.017153,0.017153,0.017153,0.017153,0.017153,0.017153,0.017153,0.017153
256,0.0245043,0.0245043,0.0245043,0.0245043,0.0245043,0.0245043,0.0245043,0.0245043,0.0245043,0.0245043,0.0245043
257,0.017153,0.017153,0.017153,0.017153,0.017153,0.017153,0.017153,0.017153,0.017153,0.017153,0.017153
258,0.0245043,0.0245043,0.0245043,0.0245043,0.0245043,0.0245043,0.0245043,0.0245043,0.0245043,0.0245043,0.0245043
259,0.017153,0.017153,0.017153,0.017153,0.017153,0.017153,0.017153,0.017153,0.017153,0.017153,0.017153
260,0.0245043,0.0245043,0.0245043,0.0245043,0.0245043,0.0245043,0.0245043,0.0245043,0.0245043,0.0245043,0.0245043
261,0.017153,0.017153,0.017153,0.017153,0.017153,0.017153,0.017153,0.017153,0.017153,0.017153,0.017153
262,0.0245043,0.0245043,0.0245043,0.0245043,0.0245043,0.0245043,0.0245043,0.0245043,0.0245043,0.0245043,0.0245043
263,0.017153,0.017153,0.017153,0.017153,0.017153,0.017153,0.017153,0.017153,0.017153,0.017153,0.017153
264,0.0245043,0.0245043,0.0245043,0.0245043,0.0245043,0.0245043,0.0245043,0.0245043,0.0245043,0.0245043,0.0245043
265,0.017153,0.017153,0.017153,0.017153,0.017153,0.017153,0.017153,0.017153,0.017153,0.017153,0.017153
266,0.0245043,0.0245043,0.0245043,0.0245043,0.0245043,0.0245043,0.0245043,0.0245043,0.0245043,0.0245043,0.0245043
267,0.017153,0.017153,0.017153,0.017153,0.017153,0.017153,0.017153,0.017153,0.017153,0.017153,0.017153
268,0.0245043,0.0245043,0.0245043,0.0245043,0.0245043,0.0245043,0.0245043,0.0245043,0.0245043,0.0245043,0.0245043
269,0.017153,0.017153,0.017153,0.017153,0.017153,0.017153,0.017153,0.017153,0.017153,0.017153,0.017153
270,0.0245043,0.0245043,0.0245043,0.0245043,0.0245043,0.0245043,0.0245043,0.0245043,0.0245043,0.0245043,0.0245043
271,0.017153,0.017153,0.017153,0.017153,0.017153,0.017153,0.017153,0.017153,0.017153,0.017153,0.017153
272,0.0245043,0.0245043,0.0245043,0.0245043,0.0245043,0.0245043,0.0245043,0.0245043,0.0245043,0.0245043,0.0245043
273,0.017153,0.017153,0.017153,0.017153,0.017153,0.017153,0.017153,0.017153,0.017153,0.017153,0.017153
274,0.0245043,0.0245043,0.0245043,0.0245043,0.0245043,0.0245043,0.0245043,0.0245043,0.0245043,0.0245043,0.0245043
275,0.017153,0.017153,0.017153,0.017153,0.017153,0.017153,0.017153,0.017153,0.017153,0.017153,0.017153
276,0.0245043,0.0245043,0.0245043,0.0245043,0.0245043,0.0245043,0.0245043,0.0245043,0.0245043,0.0245043,0.0245043
277,0.017153,0.017153,0.017153,0.017153,0.017153,0.017153,0.017153,0.017153,0.017153,0.017153,0.017153
278,0.0245043,0.0245043,0.0245043,0.0245043,0.0245043,0.0245043,0.0245043,0.0245043,0.0245043,0.0245043,0.0245043
279,0.017153,0.017153,0.017153,0.017153,0.017153,0.017153,0.017153,0.017153,0.017153,0.017153,0.017153
280,0.0245043,0.0245043,0.0245043,0.0245043,0.0245043,0.0245043,0.0245043,0.0245043,0.0245043,0.0245043,0.0245043
281,0.017153,0.017153,0.017153,0.017153,0.017153,0.017153,0.017153,0.017153,0.017153,0.017153,0.017153
282,0.0245043,0.0245043,0.0245043,0.0245043,0.0245043,0.0245043,0.0245043,0.0245043,0.0245043,0.0245043,0.0245043
283,0.017153,0.017153,0.017153,0.017153,0.017153,0.017153,0.017153,0.017153,0.017153,0.017153,0.017153
284,0.0245043,0.0245043,0.0245043,0.0245043,0.0245043,0.0245043,0.0245043,0.0245043,0.0245043,0.0245043,0.0245043
285,0.017153,0.017153,0.017153,0.017153,0.017153,0.017153,0.017153,0.017153,0.017153,0.017153,0.017153
286,0.0245043,0.0245043,0.0245043,0.0245043,0.0245043,0.0245043,0.0245043,0.0245043,0.0245043,0.0245043,0.0245043
287,0.017153,0.017153,0.017153,0.017153,0.017153,0.017153,0.017153,0.017153,0.017153,0.017153,0.017153
288,0.0245043,0.0245043,0.0245043,0.0245043,0.0245043,0.0245043,0.0245043,0.0245043,0.0245043,0.0245043,0.0245043
289,0.017153,0.017153,0.017153,0.017153,0.017153,0.017153,0.017153,0.017153,0.017153,0.017153,0.017153
290,0.0245043,0.0245043,0.0245043,0.0245043,0.0245043,0.0245043,0.0245043,0.0245043,0.0245043,0.0245043,0.0245043
291,0.017153,0.017153,0.017153,0.017153,0.017153,0.017153,0.017153,0.017153,0.017153,0.017153,0.017153
292,0.0245043,0.0245043,0.0245043,0.0245043,0.0245043,0.0245043,0.0245043,0.0245043,0.0245043,0.0245043,0.0245043
293,0.017153,0.017153,0.017153,0.017153,0.017153,0.017153,0.017153,0.017153,0.017153,0.017153,0.017153
294,0.0245043,0.0245043,0.0245043,0.0245043,0.0245043,0.0245043,0.0245043,0.0245043,0.0245043,0.0245043,0.0245043
295,0.017153,0.017153,0.017153,0.017153,0.017153,0.017153,0.017153,0.017153,0.017153,0.017153,0.017153
296,0.0245043,0.0245043,0.0245043,0.0245043,0.0245043,0.0245043,0.0245043,0.0245043,0.0245043,0.0245043,0.0245043
297,0.017153,0.017153,0.017153,0.017153,0.017153,0.017153,0.017153,0.017153,0.017153,0.017153,0.017153
298,0.0245043,0.0245043,0.0245043,0.0245043,0.0245043,0.0245043,0.0245043,0.0245043,0.0245043,0.0245043,0.0245043
299,0.017153,0.017153,0.017153,0.017153,0.017153,0.017153,0.017153,0.017153,0.017153,0.017153,0.017153
300,0.0245043,0.0245043,0.0245043,0.0245043,0.0245043,0.0245043,0.0245043,0.0245043,0.0245043,0.0245043,0.0245043
301,0.017153,0.017153,0.017153,0.017153,0.017153,0.017153,0.017153,0.017153,0.017153,0.017153,0.017153
302,0.0245043,0.0245043,0.0245043,0.0245043,0.0245043,0.0245043,0.0245043,0.0245043,0.0245043,0.0245043,0.0245043
303,0.017153,0.017153,0.017153,0.017153,0.017153,0.017153,0.017153,0.017153,0.017153,0.017153,0.017153
304,0.0245043,0.0245043,0.0245043,0.0245043,0.0245043,0.0245043,0.0245043,0.0245043,0.0245043,0.0245043,0.0245043
305,0.017153,0.017153,0.017153,0.017153,0.017153,0.017153,0.017153,0.017153,0.017153,0.017153,0.017153
306,0.0245043,0.0245043,0.0245043,0.0245043,0.0245043,0.0245043,0.0245043,0.0245043,0.0245043,0.0245043,0.0245043
307,0.017153,0.017153,0.017153,0.017153,0.017153,0.017153,0.017153,0.017153,0.017153,0.017153,0.017153
308,0.0245043,0.0245043,0.0245043,0.0245043,0.0245043,0.0245043,0.0245043,0.0245043,0.0245043,0.0245043,0.0245043
309,0.017153,0.017153,0.017153,0.017153,0.017153,0.017153,0.017153,0.017153,0.017153,0.017153,0.017153
310,0.0245043,0.0245043,0.0245043,0.0245043,0.0245043,0.0245043,0.0245043,0.0245043,0.0245043,0.0245043,0.0245043
311,0.017153,0.017153,0.017153,0.017153,0.017153,0.017153,0.017153,0.017153,0.017153,0.017153,0.017153
312,0.0245043,0.0245043,0.0245043,0.0245043,0.0245043,0.0245043,0.0245043,0.0245043,0.0245043,0.0245043,0.0245043
313,0.017153,0.017153,0.017153,0.017153,0.017153,0.017153,0.017153,0.017153,0.017153,0.017153,0.017153
314,0.0245043,0.0245043,0.0245043,0.0245043,0.0245043,0.0245043,0.0245043,0.0245043,0.0245043,0.0245043,0.0245043
315,0.017153,0.017153,0.017153,0.017153,0.017153,0.017153,0.017153,0.017153,0.017153,0.017153,0.017153
316,0.0245043,0.0245043,0.0245043,0.0245043,0.0245043,0.0245043,0.0245043,0.0245043,0.0245043,0.0245043,0.0245043
317,0.017153,0.017153,0.017153,0.017153,0.017153,0.017153,0.017153,0.017153,0.017153,0.017153,0.017153
318,0.0245043,0.0245043,0.0245043,0.0245043,0.0245043,0.0245043,0.0245043,0.0245043,0.0245043,0.0245043,0.0245043
319,0.017153,0.017153,0.017153,0.017153,0.017153,0.017153,0.017153,0.017153,0.017153,0.017153,0.017153
320,0.0245043,0.0245043,0.0245043,0.0245043,0.0245043,0.0245043,0.0245043,0.0245043,0.0245043,0.0245043,0.0245043
321,0.017153,0.017153,0.017153,0.017153,0.017153,0.017153,0.017153,0.017153,0.017153,0.017153,0.017153
322,0.0245043,0.0245043,0.0245043,0.0245043,0.0245043,0.0245043,0.0245043,0.0245043,0.0245043,0.0245043,0.0245043
323,0.017153,0.017153,0.017153,0.017153,0.017153,0.017153,0.017153,0.017153,0.017153,0.017153,0.017153
324,0.0245043,0.0245043,0.0245043,0.0245043,0.0245043,0.0245043,0.0245043,0.0245043,0.0245043,0.0245043,0.0245043
325,0.017153,0.017153,0.017153,0.017153,0.017153,0.017153,0.017153,0.017153,0.017153,0.017153,0.017153
326,0.0245043,0.0245043,0.0245043,0.0245043,0.0245043,0.0245043,0.0245043,0.0245043,0.0245043,0.0245043,0.0245043
327,0.017153,0.017153,0.017153,0.017153,0.017153,0.017153,0.017153,0.017153,0.017153,0.017153,0.017153
328,0.0245043,0.0245043,0.0245043,0.0245043,0.0245043,0.0245043,0.0245043,0.0245043,0.0245043,0.0245043,0.0245043
329,0.017153,0.017153,0.017153,0.017153,0.017153,0.017153,0.017153,0.017153,0.017153,0.017153,0.017153
330,0.0245043,0.0245043,0.0245043,0.0245043,0.0245043,0.0245043,0.0245043,0.0245043,0.0245043,0.0245043,0.0245043
331,0.017153,0.017153,0.017153,0.017153,0.017153,0.017153,0.017153,0.017153,0.017153,0.017153,0.017153
332,0.0245043,0.0245043,0.0245043,0.0245043,0.0245043,0.0245043,0.0245043,0.0245043,0.0245043,0.0245043,0.0245043
333,0.017153,0.017153,0.017153,0.017153,0.017153,0.017153,0.017153,0.017153,0.017153,0.017153,0.017153
334,0.0245043,0.0245043,0.0245043,0.0245043,0.0245043,0.0245043,0.0245043,0.0245043,0.0245043,0.0245043,0.0245043
335,0.017153,0.017153,0.017153,0.017153,0.017153,0.017153,0.017153,0.017153,0.017153,0.017153,0.017153
336,0.0245043,0.0245043,0.0245043,0.0245043,0.0245043,0.0245043,0.0245043,0.0245043,0.0245043,0.0245043,0.0245043
337,0.017153,0.017153,0.017153,0.017153,0.017153,0.017153,0.017153,0.017153,0.017153,0.017153,0.017153
338,0.0107909,0.0107909,0.0107909,0.0107909,0.0107909,0.0107909,0.0107909,0.0107909,0.0107909,0.0107909,0.0107909
339,0.0118883,0.0118883,0.0118883,0.0118883,0.0118883,0.0118883,0.0118883,0.0118883,0.0118883,0.0118883,0.0118883
340,0.0129857,0.0129857,0.0129857,0.0129857,0.0129857,0.0129857,0.0129857,0.0129857,0.0129857,0.0129857,0.0129857
341,0.0245043,0.0245043,0.0245043,0.0245043,0.0245043,0.0245043,0.0245043,0.0245043,0.0245043,0.0245043,0.0245043
342,0.0140831,0.0140831,0.0140831,0.0140831,0.0140831,0.0140831,0.0140831,0.0140831,0.0140831,0.0140831,0.0140831
343,0.017153,0.017153,0.017153,0.017153,0.017153,0.017153,0.017153,0.017153,0.017153,0.017153,0.017153
344,0.0107909,0.0107909,0.0107909,0.0107909,0.0107909,0.0107909,0.0107909,0.0107909,0.0107909,0.0107909,0.0107909
345,0.0118883,0.0118883,0.0118883,0.0118883,0.0118883,0.0118883,0.0118883,0.0118883,0.0118883,0.0118883,0.0118883
346,0.0129857,0.0129857,0.0129857,0.0129857,0.0129857,0.0129857,0.0129857,0.0129857,0.0129857,0.0129857,0.0129857
347,0.0245043,0.0245043,0.0245043,0.0245043,0.0245043,0.0245043,0.0245043,0.0245043,0.0245043,0.0245043,0.0245043
348,0.0140831,0.0140831,0.0140831,0.0140831,0.0140831,0.0140831,0.0140831,0.0140831,0.0140831,0.0140831,0.0140831
349,0.017153,0.017153,0.017153,0.017153,0.017153,0.017153,0.017153,0.017153,0.017153,0.017153,0.017153
350,0.0107909,0.0107909,0.0107909,0.0107909,0.0107909,0.0107909,0.0107909,0.0107909,0.0107909,0.0107909,0.0107909
351,0.0118883,0.0118883,0.0118883,0.0118883,0.0118883,0.0118883,0.0118883,0.0118883,0.0118883,0.0118883,0.0118883
352,0.0129857,0.0129857,0.0129857,0.0129857,0.0129857,0.0129857,0.0129857,0.0129857,0.0129857,0.0129857,0.0129857
353,0.0245043,0.0245043,0.0245043,0.0245043,0.0245043,0.0245043,0.0245043,0.0245043,0.0245043,0.0245043,0.0245043
354,0.0140831,0.0140831,0.0140831,0.0140831,0.0140831,0.0140831,0.0140831,0.0140831,0.0140831,0.0140831,0.0140831
355,0.017153,0.017153,0.017153,0.017153,0.017153,0.017153,0.017153,0.017153,0.017153,0.017153,0.017153
356,0.0107909,0.0107909,0.0107909,0.0107909,0.0107909,0.0107909,0.0107909,0.0107909,0.0107909,0.0107909,0.0107909
357,0.0118883,0.0118883,0.0118883,0.0118883,0.0118883,0.0118883,0.0118883,0.0118883,0.0118883,0.0118883,0.0118883
358,0.0129857,0.0129857,0.0129857,0.0129857,0.0129857,0.0129857,0.0129857,0.0129857,0.0129857,0.0129857,0.0129857
359,0.0245043,0.0245043,0.0245043,0.0245043,0.0245043,0.0245043,0.0245043,0.0245043,0.0245043,0.0245043,0.0245043
360,0.0140831,0.0140831,0.0140831,0.0140831,0.0140831,0.0140831,0.0140831,0.0140831,0.0140831,0.0140831,0.0140831
361,0.017153,0.017153,0.017153,0.017153,0.017153,0.017153,0.017153,0.017153,0.017153,0.017153,0.017153
362,0.0107909,0.0107909,0.0107909,0.0107909,0.0107909,0.0107909,0.0107909,0.0107909,0.0107909,0.0107909,0.0107909
363,0.0118883,0.0118883,0.0118883,0.0118883,0.0118883,0.0118883,0.0118883,0.0118883,0.0118883,0.0118883,0.0118883
364,0.0129857,0.0129857,0.0129857,0.0129857,0.0129857,0.0129857,0.0129857,0.0129857,0.0129857,0.0129857,0.0129857
365,0.0245043,0.0245043,0.0245043,0.0245043,0.0245043,0.0245043,0.0245043,0.0245043,0.0245043,0.0245043,0.0245043
366,0.0140831,0.0140831,0.0140831,0.0140831,0.0140831,0.0140831,0.0140831,0.0140831,0.0140831,0.0140831,0.0140831
367,0.017153,0.017153,0.017153,0.017153,0.017153,0.017153,0.017153,0.017153,0.017153,0.017153,0.017153
368,0.0107909,0.0107909,0.0107909,0.0107909,0.0107909,0.0107909,0.0107909,0.0107909,0.0107909,0.0107909,0.0107909
369,0.0118883,0.0118883,0.0118883,0.0118883,0.0118883,0.0118883,0.0118883,0.0118883,0.0118883,0.0118883,0.0118883
370,0.0129857,0.0129857,0.0129857,0.0129857,0.0129857,0.0129857,0.0129857,0.0129857,0.0129857,0.0129857,0.0129857
371,0.0245043,0.0245043,0.0245043,0.0245043,0.0245043,0.0245043,0.0245043,0.0245043,0.0245043,0.0245043,0.0245043
372,0.0140831,0.0140831,0.0140831,0.0140831,0.0140831,0.0140831,0.0140831,0.0140831,0.0140831,0.0140831,0.0140831
373,0.017153,0.017153,0.017153,0.017153,0.017153,0.017153,0.017153,0.017153,0.017153,0.017153,0.017153
374,0.0107909,0.0107909,0.0107909,0.0107909,0.0107909,0.0107909,0.0107909,0.0107909,0.0107909,0.0107909,0.0107909
375,0.0118883,0.0118883,0.0118883,0.0118883,0.0118883,0.0118883,0.0118883,0.0118883,0.0118883,0.0118883,0.0118883
376,0.0129857,0.0129857,0.0129857,0.0129857,0.0129857,0.0129857,0.0129857,0.0129857,0.0129857,0.0129857,0.0129857
377,0.0245043,0.0245043,0.0245043,0.0245043,0.0245043,0.0245043,0.0245043,0.0245043,0.0245043,0.0245043,0.0245043
378,0.0140831,0.0140831,0.0140831,0.0140831,0.0140831,0.0140831,0.0140831,0.0140831,0.0140831,0.0140831,0.0140831
379,0.017153,0.017153,0.017153,0.017153,0.017153,0.017153,0.017153,0.017153,0.017153,0.017153,0.017153
380,0.0107909,0.0107909,0.0107909,0.0107909,0.0107909,0.0107909,0.0107909,0.0107909,0.0107909,0.0107909,0.0107909
381,0.0118883,0.0118883,0.0118883,0.0118883,0.0118883,0.0118883,0.0118883,0.0118883,0.0118883,0.0118883,0.0118883
382,0.0129857,0.0129857,0.0129857,0.0129857,0.0129857,0.0129857,0.0129857,0.0129857,0.0129857,0.0129857,0.0129857
383,0.0245043,0.0245043,0.0245043,0.0245043,0.0245043,0.0245043,0.0245043,0.0245043,0.0245043,0.0245043,0.0245043
384,0.0140831,0.0140831,0.0140831,0.0140831,0.0140831,0.0140831,0.0140831,0.0140831,0.0140831,0.0140831,0.0140831
385,0.017153,0.017153,0.017153,0.017153,0.017153,0.017153,0.017153,0.017153,0.017153,0.017153,0.017153
386,0.0107909,0.0107909,0.0107909,0.0107909,0.0107909,0.0107909,0.0107909,0.0107909,0.0107909,0.0107909,0.0107909
387,0.0118883,0.0118883,0.0118883,0.0118883,0.0118883,0.0118883,0.0118883,0.0118883,0.0118883,0.0118883,0.0118883
388,0.0129857,0.0129857,0.0129857,0.0129857,0.0129857,0.0129857,0.0129857,0.0129857,0.0129857,0.0129857,0.0129857
389,0.0245043,0.0245043,0.0245043,0.0245043,0.0245043,0.0245043,0.0245043,0.0245043,0.0245043,0.0245043,0.0245043
390,0.0140831,0.0140831,0.0140831,0.0140831,0.0140831,0.0140831,0.0140831,0.0140831,0.0140831,0.0140831,0.0140831
391,0.017153,0.017153,0.017153,0.017153,0.017153,0.017153,0.017153,0.017153,0.017153,0.017153,0.017153
392,0.0107909,0.0107909,0.0107909,0.0107909,0.0107909,0.0107909,0.0107909,0.0107909,0.0107909,0.0107909,0.0107909
393,0.0118883,0.0118883,0.0118883,0.0118883,0.0118883,0.0118883,0.0118883,0.0118883,0.0118883,0.0118883,0.0118883
394,0.0129857,0.0129857,0.0129857,0.0129857,0.0129857,0.0129857,0.0129857,0.0129857,0.0129857,0.0129857,0.0129857
395,0.0245043,0.0245043,0.0245043,0.0245043,0.0245043,0.0245043,0.0245043,0.0245043,0.0245043,0.0245043,0.0245043
396,0.0140831,0.0140831,0.0140831,0.0140831,0.0140831,0.0140831,0.0140831,0.0140831,0.0140831,0.0140831,0.0140831
397,0.017153,0.017153,0.017153,0.017153,0.017153,0.017153,0.017153,0.017153,0.017153,0.017153,0.017153
398,0.0107909,0.0107909,0.0107909,0.0107909,0.0107909,0.0107909,0.0107909,0.0107909,0.0107909,0.0107909,0.0107909
399,0.0118883,0.0118883,0.0118883,0.0118883,0.0118883,0.0118883,0.0118883,0.0118883,0.0118883,0.0118883,0.0118883
400,0.0129857,0.0129857,0.0129857,0.0129857,0.0129857,0.0129857,0.0129857,0.0129857,0.0129857,0.0129857,0.0129857
401,0.0245043,0.0245043,0.0245043,0.0245043,0.0245043,0.0245043,0.0245043,0.0245043,0.0245043,0.0245043,0.0245043
402,0.0140831,0.0140831,0.0140831,0.0140831,0.0140831,0.0140831,0.0140831,0.0140831,0.0140831,0.0140831,0.0140831
403,0.017153,0.017153,0.017153,0.017153,0.017153,0.017153,0.017153,0.017153,0.017153,0.017153,0.017153
404,0.0107909,0.0107909,0.0107909,0.0107909,0.0107909,0.0107909,0.0107909,0.0107909,0.0107909,0.0107909,0.0107909
405,0.0118883,0.0118883,0.0118883,0.0118883,0.0118883,0.0118883,0.0118883,0.0118883,0.0118883,0.0118883,0.0118883
406,0.0129857,0.0129857,0.0129857,0.0129857,0.0129857,0.0129857,0.0129857,0.0129857,0.0129857,0.0129857,0.0129857
407,0.0245043,0.0245043,0.0245043,0.0245043,0.0245043,0.0245043,0.0245043,0.0245043,0.0245043,0.0245043,0.0245043
408,0.0140831,0.0140831,0.0140831,0.0140831,0.0140831,0.0140831,0.0140831,0.0140831,0.0140831,0.0140831,0.0140831
409,0.017153,0.017153,0.017153,0.017153,0.017153,0.017153,0.017153,0.017153,0.017153,0.017153,0.017153
410,0.0107909,0.0107909,0.0107909,0.0107909,0.0107909,0.0107909,0.0107909,0.0107909,0.0107909,0.0107909,0.0107909
411,0.0118883,0.0118883,0.0118883,0.0118883,0.0118883,0.0118883,0.0118883,0.0118883,0.0118883,0.0118883,0.0118883
412,0.0129857,0.0129857,0.0129857,0.0129857,0.0129857,0.0129857,0.0129857,0.0129857,0.0129857,0.0129857,0.0129857
413,0.0245043,0.0245043,0.0245043,0.0245043,0.0245043,0.0245043,0.0245043,0.0245043,0.0245043,0.0245043,0.0245043
414,0.0140831,0.0140831,0.0140831,0.0140831,0.0140831,0.0140831,0.0140831,0.0140831,0.0140831,0.0140831,0.0140831
415,0.017153,0.017153,0.017153,0.017153,0.017153,0.017153,0.017153,0.017153,0.017153,0.017153,0.017153
416,0.0107909,0.0107909,0.0107909,0.0107909,0.0107909,0.0107909,0.0107909,0.0107909,0.0107909,0.0107909,0.0107909
417,0.0118883,0.0118883,0.0118883,0.0118883,0.0118883,0.0118883,0.0118883,0.0118883,0.0118883,0.0118883,0.0118883
418,0.0129857,0.0129857,0.0129857,0.0129857,0.0129857,0.0129857,0.0129857,0.0129857,0.0129857,0.0129857,0.0129857
419,0.0245043,0.0245043,0.0245043,0.0245043,0.0245043,0.0245043,0.0245043,0.0245043,0.0245043,0.0245043,0.0245043
420,0.0140831,0.0140831,0.0140831,0.0140831,0.0140831,0.0140831,0.0140831,0.0140831,0.0140831,0.0140831,0.0140831
421,0.017153,0.017153,0.017153,0.017153,0.017153,0.017153,0.017153,0.017153,0.017153,0.017153,0.017153
422,0.0107909,0.0107909,0.0107909,0.0107909,0.0107909,0.0107909,0.0107909,0.0107909,0.0107909,0.0107909,0.0107909
423,0.0118883,0.0118883,0.0118883,0.0118883,0.0118883,0.0118883,0.0118883,0.0118883,0.0118883,0.0118883,0.0118883
424,0.0129857,0.0129857,0.0129857,0.0129857,0.0129857,0.0129857,0.0129857,0.0129857,0.0129857,0.0129857,0.0129857
425,0.0245043,0.0245043,0.0245043,0.0245043,0.0245043,0.0245043,0.0245043,0.0245043,0.0245043,0.0245043,0.0245043
426,0.0140831,0.0140831,0.0140831,0.0140831,0.0140831,0.0140831,0.0140831,0.0140831,0.0140831,0.0140831,0.0140831
427,0.017153,0.017153,0.017153,0.017153,0.017153,0.017153,0.017153,0.017153,0.017153,0.017153,0.017153
428,0.0107909,0.0107909,0.0107909,0.0107909,0.0107909,0.0107909,0.0107909,0.0107909,0.0107909,0.0107909,0.0107909
429,0.0118883,0.0118883,0.0118883,0.0118883,0.0118883,0.0118883,0.0118883,0.0118883,0.0118883,0.0118883,0.0118883
430,0.0129857,0.0129857,0.0129857,0.0129857,0.0129857,0.0129857,0.0129857,0.0129857,0.0129857,0.0129857,0.0129857
431,0.0245043,0.0245043,0.0245043,0.0245043,0.0245043,0.0245043,0.0245043,0.0245043,0.0245043,0.0245043,0.0245043
432,0.0140831,0.0140831,0.0140831,0.0140831,0.0140831,0.0140831,0.0140831,0.0140831,0.0140831,0.0140831,0.0140831
433,0.017153,0.017153,0.017153,0.017153,0.017153,0.017153,0.017153,0.017153,0.017153,0.017153,0.017153
434,0.0245043,0.0245043,0.0245043,0.0245043,0.0245043,0.0245043,0.0245043,0.0245043,0.0245043,0.0245043,0.0245043
435,0.017153,0.017153,0.017153,0.017153,0.017153,0.017153,0.017153,0.017153,0.017153,0.017153,0.017153
436,0.0245043,0.0245043,0.0245043,0.0245043,0.0245043,0.0245043,0.0245043,0.0245043,0.0245043,0.0245043,0.0245043
437,0.017153,0.017153,0.017153,0.017153,0.017153,0.017153,0.017153,0.017153,0.017153,0.017153,0.017153
438,0.0245043,0.0245043,0.0245043,0.0245043,0.0245043,0.0245043,0.0245043,0.0245043,0.0245043,0.0245043,0.0245043
439,0.017153,0.017153,0.017153,0.017153,0.017153,0.017153,0.017153,0.017153,0.017153,0.017153,0.017153
440,0.0245043,0.0245043,0.0245043,0.0245043,0.0245043,0.0245043,0.0245043,0.0245043,0.0245043,0.0245043,0.0245043
441,0.017153,0.017153,0.017153,0.017153,0.017153,0.017153,0.017153,0.017153,0.017153,0.017153,0.017153
442,0.0245043,0.0245043,0.0245043,0.0245043,0.0245043,0.0245043,0.0245043,0.0245043,0.0245043,0.0245043,0.0245043
443,0.017153,0.017153,0.017153,0.017153,0.017153,0.017153,0.017153,0.017153,0.017153,0.017153,0.017153
444,0.0245043,0.0245043,0.0245043,0.0245043,0.0245043,0.0245043,0.0245043,0.0245043,0.0245043,0.0245043,0.0245043
445,0.017153,0.017153,0.017153,0.017153,0.017153,0.017153,0.017153,0.017153,0.017153,0.017153,0.017153
446,0.0245043,0.0245043,0.0245043,0.0245043,0.0245043,0.0245043,0.0245043,0.0245043,0.0245043,0.0245043,0.0245043
447,0.017153,0.017153,0.017153,0.017153,0.017153,0.017153,0.017153,0.017153,0.017153,0.017153,0.017153
448,0.0245043,0.0245043,0.0245043,0.0245043,0.0245043,0.0245043,0.0245043,0.0245043,0.0245043,0.0245043,0.0245043
449,0.017153,0.017153,0.017153,0.017153,0.017153,0.017153,0.017153,0.017153,0.017153,0.017153,0.017153
450,0.0245043,0.0245043,0.0245043,0.0245043,0.0245043,0.0245043,0.0245043,0.0245043,0.0245043,0.0245043,0.0245043
451,0.017153,0.017153,0.017153,0.017153,0.017153,0.017153,0.017153,0.017153,0.017153,0.017153,0.017153
452,0.0245043,0.0245043,0.0245043,0.0245043,0.0245043,0.0245043,0.0245043,0.0245043,0.0245043,0.0245043,0.0245043
453,0.017153,0.017153,0.017153,0.017153,0.017153,0.017153,0.017153,0.017153,0.017153,0.017153,0.017153
454,0.0245043,0.0245043,0.0245043,0.0245043,0.0245043,0.0245043,0.0245043,0.0245043,0.0245043,0.0245043,0.0245043
455,0.017153,0.017153,0.017153,0.017153,0.017153,0.017153,0.017153,0.017153,0.017153,0.017153,0.017153
456,0.0245043,0.0245043,0.0245043,0.0245043,0.0245043,0.0245043,0.0245043,0.0245043,0.0245043,0.0245043,0.0245043
457,0.017153,0.017153,0.017153,0.017153,0.017153,0.017153,0.017153,0.017153,0.017153,0.017153,0.017153
458,0.0245043,0.0245043,0.0245043,0.0245043,0.0245043,0.0245043,0.0245043,0.0245043,0.0245043,0.0245043,0.0245043
459,0.017153,0.017153,0.017153,0.017153,0.017153,0.017153,0.017153,0.017153,0.017153,0.017153,0.017153
460,0.0245043,0.0245043,0.0245043,0.0245043,0.0245043,0.0245043,0.0245043,0.0245043,0.0245043,0.0245043,0.0245043
461,0.017153,0.017153,0.017153,0.017153,0.017153,0.017153,0.017153,0.017153,0.017153,0.017153,0.017153
462,0.0245043,0.0245043,0.0245043,0.0245043,0.0245043,0.0245043,0.0245043,0.0245043,0.0245043,0.0245043,0.0245043
463,0.017153,0.017153,0.017153,0.017153,0.017153,0.017153,0.017153,0.017153,0.017153,0.017153,0.017153
464,0.0245043,0.0245043,0.0245043,0.0245043,0.0245043,0.0245043,0.0245043,0.0245043,0.0245043,0.0245043,0.0245043
465,0.017153,0.017153,0.017153,0.017153,0.017153,0.017153,0.017153,0.017153,0.017153,0.017153,0.017153
466,0.0245043,0.0245043,0.0245043,0.0245043,0.0245043,0.0245043,0.0245043,0.0245043,0.0245043,0.0245043,0.0245043
467,0.017153,0.017153,0.017153,0.017153,0.017153,0.017153,0.017153,0.017153,0.017153,0.017153,0.017153
468,0.0245043,0.0245043,0.0245043,0.0245043,0.0245043,0.0245043,0.0245043,0.0245043,0.0245043,0.0245043,0.0245043
469,0.017153,0.017153,0.017153,0.017153,0.017153,0.017153,0.017153,0.017153,0.017153,0.017153,0.017153
470,0.0245043,0.0245043,0.0245043,0.0245043,0.0245043,0.0245043,0.0245043,0.0245043,0.0245043,0.0245043,0.0245043
471,0.017153,0.017153,0.017153,0.017153,0.017153,0.017153,0.017153,0.017153,0.017153,0.017153,0.017153
472,0.0245043,0.0245043,0.0245043,0.0245043,0.0245043,0.0245043,0.0245043,0.0245043,0.0245043,0.0245043,0.0245043
473,0.017153,0.017153,0.017153,0.017153,0.017153,0.017153,0.017153,0.017153,0.017153,0.017153,0.017153
474,0.0245043,0.0245043,0.0245043,0.0245043,0.0245043,0.0245043,0.0245043,0.0245043,0.0245043,0.0245043,0.0245043
475,0.017153,0.017153,0.017153,0.017153,0.017153,0.017153,0.017153,0.017153,0.017153,0.017153,0.017153
476,0.0245043,0.0245043,0.0245043,0.0245043,0.0245043,0.0245043,0.0245043,0.0245043,0.0245043,0.0245043,0.0245043
477,0.017153,0.017153,0.017153,0.017153,0.017153,0.017153,0.017153,0.017153,0.017153,0.017153,0.017153
478,0.0245043,0.0245043,0.0245043,0.0245043,0.0245043,0.0245043,0.0245043,0.0245043,0.0245043,0.0245043,0.0245043
479,0.017153,0.017153,0.017153,0.017153,0.017153,0.017153,0.017153,0.017153,0.017153,0.017153,0.017153
480,0.0245043,0.0245043,0.0245043,0.0245043,0.0245043,0.0245043,0.0245043,0.0245043,0.0245043,0.0245043,0.0245043
481,0.017153,0.017153,0.017153,0.017153,0.017153,0.017153,0.017153,0.017153,0.017153,0.017153,0.017153
482,0.0245043,0.0245043,0.0245043,0.0245043,0.0245043,0.0245043,0.0245043,0.0245043,0.0245043,0.0245043,0.0245043
483,0.017153,0.017153,0.017153,0.017153,0.017153,0.017153,0.017153,0.017153,0.017153,0.017153,0.017153
484,0.0245043,0.0245043,0.0245043,0.0245043,0.0245043,0.0245043,0.0245043,0.0245043,0.0245043,0.0245043,0.0245043
485,0.017153,0.017153,0.017153,0.017153,0.017153,0.017153,0.017153,0.017153,0.017153,0.017153,0.017153
486,0.0245043,0.0245043,0.0245043,0.0245043,0.0245043,0.0245043,0.0245043,0.0245043,0.0245043,0.0245043,0.0245043
487,0.017153,0.017153,0.017153,0.017153,0.017153,0.017153,0.017153,0.017153,0.017153,0.017153,0.017153
488,0.0245043,0.0245043,0.0245043,0.0245043,0.0245043,0.0245043,0.0245043,0.0245043,0.0245043,0.0245043,0.0245043
489,0.017153,0.017153,0.017153,0.017153,0.017153,0.017153,0.017153,0.017153,0.017153,0.017153,0.017153
490,0.0245043,0.0245043,0.0245043,0.0245043,0.0245043,0.0245043,0.0245043,0.0245043,0.0245043,0.0245043,0.0245043
491,0.017153,0.017153,0.017153,0.017153,0.017153,0.017153,0.017153,0.017153,0.017153,0.017153,0.017153
492,0.0245043,0.0245043,0.0245043,0.0245043,0.0245043,0.0245043,0.0245043,0.0245043,0.0245043,0.0245043,0.0245043
493,0.017153,0.017153,0.017153,0.017153,0.017153,0.017153,0.017153,0.017153,0.017153,0.017153,0.017153
494,0.0245043,0.0245043,0.0245043,0.0245043,0.0245043,0.0245043,0.0245043,0.0245043,0.0245043,0.0245043,0.0245043
495,0.017153,0.017153,0.017153,0.017153,0.017153,0.017153,0.017153,0.017153,0.017153,0.017153,0.017153
496,0.0245043,0.0245043,0.0245043,0.0245043,0.0245043,0.0245043,0.0245043,0.0245043,0.0245043,0.0245043,0.0245043
497,0.017153,0.017153,0.017153,0.017153,0.017153,0.017153,0.017153,0.017153,0.017153,0.017153,0.017153
498,0.0245043,0.0245043,0.0245043,0.0245043,0.0245043,0.0245043,0.0245043,0.0245043,0.0245043,0.0245043,0.0245043
499,0.017153,0.017153,0.017153,0.017153,0.017153,0.017153,0.017153,0.017153,0.017153,0.017153,0.017153
500,0.0245043,0.0245043,0.0245043,0.0245043,0.0245043,0.0245043,0.0245043,0.0245043,0.0245043,0.0245043,0.0245043
501,0.017153,0.017153,0.017153,0.017153,0.017153,0.017153,0.017153,0.017153,0.017153,0.017153,0.017153
502,0.0245043,0.0245043,0.0245043,0.0245043,0.0245043,0.0245043,0.0245043,0.0245043,0.0245043,0.0245043,0.0245043
503,0.017153,0.017153,0.017153,0.017153,0.017153,0.017153,0.017153,0.017153,0.017153,0.017153,0.017153
504,0.0245043,0.0245043,0.0245043,0.0245043,0.0245043,0.0245043,0.0245043,0.0245043,0.0245043,0.0245043,0.0245043
505,0.017153,0.017153,0.017153,0.017153,0.017153,0.017153,0.017153,0.017153,0.017153,0.017153,0.017153
506,0.0245043,0.0245043,0.0245043,0.0245043,0.0245043,0.0245043,0.0245043,0.0245043,0.0245043,0.0245043,0.0245043
507,0.017153,0.017153,0.017153,0.017153,0.017153,0.017153,0.017153,0.017153,0.017153,0.017153,0.017153
508,0.0245043,0.0245043,0.0245043,0.0245043,0.0245043,0.0245043,0.0245043,0.0245043,0.0245043,0.0245043,0.0245043
509,0.017153,0.017153,0.017153,0.017153,0.017153,0.017153,0.017153,0.017153,0.017153,0.017153,0.017153
510,0.0245043,0.0245043,0.0245043,0.0245043,0.0245043,0.0245043,0.0245043,0.0245043,0.0245043,0.0245043,0.0245043
511,0.017153,0.017153,0.017153,0.017153,0.017153,0.017153,0.017153,0.017153,0.017153,0.017153,0.017153
512,0.0245043,0.0245043,0.0245043,0.0245043,0.0245043,0.0245043,0.0245043,0.0245043,0.0245043,0.0245043,0.0245043
513,0.017153,0.017153,0.017153,0.017153,0.017153,0.017153,0.017153,0.017153,0.017153,0.017153,0.017153
514,0.0245043,0.0245043,0.0245043,0.0245043,0.0245043,0.0245043,0.0245043,0.0245043,0.0245043,0.0245043,0.0245043
515,0.017153,0.017153,0.017153,0.017153,0.017153,0.017153,0.017153,0.017153,0.017153,0.017153,0.017153
516,0.0245043,0.0245043,0.0245043,0.0245043,0.0245043,0.0245043,0.0245043,0.0245043,0.0245043,0.0245043,0.0245043
517,0.017153,0.017153,0.017153,0.017153,0.017153,0.017153,0.017153,0.017153,0.017153,0.017153,0.017153
518,0.0245043,0.0245043,0.0245043,0.0245043,0.0245043,0.0245043,0.0245043,0.0245043,0.0245043,0.0245043,0.0245043
519,0.017153,0.017153,0.017153,0.017153,0.017153,0.017153,0.017153,0.017153,0.017153,0.017153,0.017153
520,0.0245043,0.0245043,0.0245043,0.0245043,0.0245043,0.0245043,0.0245043,0.0245043,0.0245043,0.0245043,0.0245043
521,0.017153,0.017153,0.017153,0.017153,0.017153,0.017153,0.017153,0.017153,0.017153,0.017153,0.017153
522,0.0245043,0.0245043,0.0245043,0.0245043,0.0245043,0.0245043,0.0245043,0.0245043,0.0245043,0.0245043,0.0245043
523,0.017153,0.017153,0.017153,0.017153,0.017153,0.017153,0.017153,0.017153,0.017153,0.017153,0.017153
524,0.0245043,0.0245043,0.0245043,0.0245043,0.0245043,0.0245043,0.0245043,0.0245043,0.0245043,0.0245043,0.0245043
525,0.017153,0.017153,0.017153,0.017153,0.017153,0.017153,0.017153,0.017153,0.017153,0.017153,0.017153
526,0.0245043,0.0245043,0.0245043,0.0245043,0.0245043,0.0245043,0.0245043,0.0245043,0.0245043,0.0245043,0.0245043
527,0.017153,0.017153,0.017153,0.017153,0.017153,0.017153,0.017153,0.017153,0.017153,0.017153,0.017153
528,0.0245043,0.0245043,0.0245043,0.0245043,0.0245043,0.0245043,0.0245043,0.0245043,0.0245043,0.0245043,0.0245043
529,0.017153,0.017153,0.017153,0.017153,0.017153,0.017153,0.017153,0.017153,0.017153,0.017153,0.017153
530,0.0107909,0.0107909,0.0107909,0.0107909,0.0107909,0.0107909,0.0107909,0.0107909,0.0107909,0.0107909,0.0107909
531,0.0118883,0.0118883,0.0118883,0.0118883,0.0118883,0.0118883,0.0118883,0.0118883,0.0118883,0.0118883,0.0118883
532,0.0129857,0.0129857,0.0129857,0.0129857,0.0129857,0.0129857,0.0129857,0.0129857,0.0129857,0.0129857,0.0129857
533,0.0245043,0.0245043,0.0245043,0.0245043,0.0245043,0.0245043,0.0245043,0.0245043,0.0245043,0.0245043,0.0245043
534,0.0140831,0.0140831,0.0140831,0.0140831,0.0140831,0.0140831,0.0140831,0.0140831,0.0140831,0.0140831,0.0140831
535,0.017153,0.017153,0.017153,0.017153,0.017153,0.017153,0.017153,0.017153,0.017153,0.017153,0.017153
536,0.0107909,0.0107909,0.0107909,0.0107909,0.0107909,0.0107909,0.0107909,0.0107909,0.0107909,0.0107909,0.0107909
537,0.0118883,0.0118883,0.0118883,0.0118883,0.0118883,0.0118883,0.0118883,0.0118883,0.0118883,0.0118883,0.0118883
538,0.0129857,0.0129857,0.0129857,0.0129857,0.0129857,0.0129857,0.0129857,0.0129857,0.0129857,0.0129857,0.0129857
539,0.0245043,0.0245043,0.0245043,0.0245043,0.0245043,0.0245043,0.0245043,0.0245043,0.0245043,0.0245043,0.0245043
540,0.0140831,0.0140831,0.0140831,0.0140831,0.0140831,0.0140831,0.0140831,0.0140831,0.0140831,0.0140831,0.0140831
541,0.017153,0.017153,0.017153,0.017153,0.017153,0.017153,0.017153,0.017153,0.017153,0.017153,0.017153
542,0.0107909,0.0107909,0.0107909,0.0107909,0.0107909,0.0107909,0.0107909,0.0107909,0.0107909,0.0107909,0.0107909
543,0.0118883,0.0118883,0.0118883,0.0118883,0.0118883,0.0118883,0.0118883,0.0118883,0.0118883,0.0118883,0.0118883
544,0.0129857,0.0129857,0.0129857,0.0129857,0.0129857,0.0129857,0.0129857,0.0129857,0.0129857,0.0129857,0.0129857
545,0.0245043,0.0245043,0.0245043,0.0245043,0.0245043,0.0245043,0.0245043,0.0245043,0.0245043,0.0245043,0.0245043
546,0.0140831,0.0140831,0.0140831,0.0140831,0.0140831,0.0140831,0.0140831,0.0140831,0.0140831,0.0140831,0.0140831
547,0.017153,0.017153,0.017153,0.017153,0.017153,0.017153,0.017153,0.017153,0.017153,0.017153,0.017153
548,0.0107909,0.0107909,0.0107909,0.0107909,0.0107909,0.0107909,0.0107909,0.0107909,0.0107909,0.0107909,0.0107909
549,0.0118883,0.0118883,0.0118883,0.0118883,0.0118883,0.0118883,0.0118883,0.0118883,0.0118883,0.0118883,0.0118883
550,0.0129857,0.0129857,0.0129857,0.0129857,0.0129857,0.0129857,0.0129857,0.0129857,0.0129857,0.0129857,0.0129857
551,0.0245043,0.0245043,0.0245043,0.0245043,0.0245043,0.0245043,0.0245043,0.0245043,0.0245043,0.0245043,0.0245043
552,0.0140831,0.0140831,0.0140831,0.0140831,0.0140831,0.0140831,0.0140831,0.0140831,0.0140831,0.0140831,0.0140831
553,0.017153,0.017153,0.017153,0.017153,0.017153,0.017153,0.017153,0.017153,0.017153,0.017153,0.017153
554,0.0107909,0.0107909,0.0107909,0.0107909,0.0107909,0.0107909,0.0107909,0.0107909,0.0107909,0.0107909,0.0107909
555,0.0118883,0.0118883,0.0118883,0.0118883,0.0118883,0.0118883,0.0118883,0.0118883,0.0118883,0.0118883,0.0118883
556,0.0129857,0.0129857,0.0129857,0.0129857,0.0129857,0.0129857,0.0129857,0.0129857,0.0129857,0.0129857,0.0129857
557,0.0245043,0.0245043,0.0245043,0.0245043,0.0245043,0.0245043,0.0245043,0.0245043,0.0245043,0.0245043,0.0245043
558,0.0140831,0.0140831,0.0140831,0.0140831,0.0140831,0.0140831,0.0140831,0.0140831,0.0140831,0.0140831,0.0140831
559,0.017153,0.017153,0.017153,0.017153,0.017153,0.017153,0.017153,0.017153,0.017153,0.017153,0.017153
560,0.0107909,0.0107909,0.0107909,0.0107909,0.0107909,0.0107909,0.0107909,0.0107909,0.0107909,0.0107909,0.0107909
561,0.0118883,0.0118883,0.0118883,0.0118883,0.0118883,0.0118883,0.0118883,0.0118883,0.0118883,0.0118883,0.0118883
562,0.0129857,0.0129857,0.0129857,0.0129857,0.0129857,0.0129857,0.0129857,0.0129857,0.0129857,0.0129857,0.0129857
563,0.0245043,0.0245043,0.0245043,0.0245043,0.0245043,0.0245043,0.0245043,0.0245043,0.0245043,0.0245043,0.0245043
564,0.0140831,0.0140831,0.0140831,0.0140831,0.0140831,0.0140831,0.0140831,0.0140831,0.0140831,0.0140831,0.0140831
565,0.017153,0.017153,0.017153,0.017153,0.017153,0.017153,0.017153,0.017153,0.017153,0.017153,0.017153
566,0.0107909,0.0107909,0.0107909,0.0107909,0.0107909,0.0107909,0.0107909,0.0107909,0.0107909,0.0107909,0.0107909
567,0.0118883,0.0118883,0.0118883,0.0118883,0.0118883,0.0118883,0.0118883,0.0118883,0.0118883,0.0118883,0.0118883
568,0.0129857,0.0129857,0.0129857,0.0129857,0.0129857,0.0129857,0.0129857,0.0129857,0.0129857,0.0129857,0.0129857
569,0.0245043,0.0245043,0.0245043,0.0245043,0.0245043,0.0245043,0.0245043,0.0245043,0.0245043,0.0245043,0.0245043
570,0.0140831,0.0140831,0.0140831,0.0140831,0.0140831,0.0140831,0.0140831,0.0140831,0.0140831,0.0140831,0.0140831
571,0.017153,0.017153,0.017153,0.017153,0.017153,0.017153,0.017153,0.017153,0.017153,0.017153,0.017153
572,0.0107909,0.0107909,0.0107909,0.0107909,0.0107909,0.0107909,0.0107909,0.0107909,0.0107909,0.0107909,0.0107909
573,0.0118883,0.0118883,0.0118883,0.0118883,0.0118883,0.0118883,0.0118883,0.0118883,0.0118883,0.0118883,0.0118883
574,0.0129857,0.0129857,0.0129857,0.0129857,0.0129857,0.0129857,0.0129857,0.0129857,0.0129857,0.0129857,0.0129857
575,0.0245043,0.0245043,0.0245043,0.0245043,0.0245043,0.0245043,0.0245043,0.0245043,0.0245043,0.0245043,0.0245043
576,0.0140831,0.0140831,0.0140831,0.0140831,0.0140831,0.0140831,0.0140831,0.0140831,0.0140831,0.0140831,0.0140831
577,0.017153,0.017153,0.017153,0.017153,0.017153,0.017153,0.017153,0.017153,0.017153,0.017153,0.017153
578,0.0107909,0.0107909,0.0107909,0.0107909,0.0107909,0.0107909,0.0107909,0.0107909,0.0107909,0.0107909,0.0107909
579,0.0118883,0.0118883,0.0118883,0.0118883,0.0118883,0.0118883,0.0118883,0.0118883,0.0118883,0.0118883,0.0118883
580,0.0129857,0.0129857,0.0129857,0.0129857,0.0129857,0.0129857,0.0129857,0.0129857,0.0129857,0.0129857,0.0129857
581,0.0245043,0.0245043,0.0245043,0.0245043,0.0245043,0.0245043,0.0245043,0.0245043,0.0245043,0.0245043,0.0245043
582,0.0140831,0.0140831,0.0140831,0.0140831,0.0140831,0.0140831,0.0140831,0.0140831,0.0140831,0.0140831,0.0140831
583,0.017153,0.017153,0.017153,0.017153,0.017153,0.017153,0.017153,0.017153,0.017153,0.017153,0.017153
584,0.0107909,0.0107909,0.0107909,0.0107909,0.0107909,0.0107909,0.0107909,0.0107909,0.0107909,0.0107909,0.0107909
585,0.0118883,0.0118883,0.0118883,0.0118883,0.0118883,0.0118883,0.0118883,0.0118883,0.0118883,0.0118883,0.0118883
586,0.0129857,0.0129857,0.0129857,0.0129857,0.0129857,0.0129857,0.0129857,0.0129857,0.0129857,0.0129857,0.0129857
587,0.0245043,0.0245043,0.0245043,0.0245043,0.0245043,0.0245043,0.0245043,0.0245043,0.0245043,0.0245043,0.0245043
588,0.0140831,0.0140831,0.0140831,0.0140831,0.0140831,0.0140831,0.0140831,0.0140831,0.0140831,0.0140831,0.0140831
589,0.017153,0.017153,0.017153,0.017153,0.017153,0.017153,0.017153,0.017153,0.017153,0.017153,0.017153
590,0.0107909,0.0107909,0.0107909,0.0107909,0.0107909,0.0107909,0.0107909,0.0107909,0.0107909,0.0107909,0.0107909
591,0.0118883,0.0118883,0.0118883,0.0118883,0.0118883,0.0118883,0.0118883,0.0118883,0.0118883,0.0118883,0.0118883
592,0.0129857,0.0129857,0.0129857,0.0129857,0.0129857,0.0129857,0.0129857,0.0129857,0.0129857,0.0129857,0.0129857
593,0.0245043,0.0245043,0.0245043,0.0245043,0.0245043,0.0245043,0.0245043,0.0245043,0.0245043,0.0245043,0.0245043
594,0.0140831,0.0140831,0.0140831,0.0140831,0.0140831,0.0140831,0.0140831,0.0140831,0.0140831,0.0140831,0.0140831
595,0.017153,0.017153,0.017153,0.017153,0.017153,0.017153,0.017153,0.017153,0.017153,0.017153,0.017153
596,0.0107909,0.0107909,0.0107909,0.0107909,0.0107909,0.0107909,0.0107909,0.0107909,0.0107909,0.0107909,0.0107909
597,0.0118883,0.0118883,0.0118883,0.0118883,0.0118883,0.0118883,0.0118883,0.0118883,0.0118883,0.0118883,0.0118883
598,0.0129857,0.0129857,0.0129857,0.0129857,0.0129857,0.0129857,0.0129857,0.0129857,0.0129857,0.0129857,0.0129857
599,0.0245043,0.0245043,0.0245043,0.0245043,0.0245043,0.0245043,0.0245043,0.0245043,0.0245043,0.0245043,0.0245043
600,0.0140831,0.0140831,0.0140831,0.0140831,0.0140831,0.0140831,0.0140831,0.0140831,0.0140831,0.0140831,0.0140831
601,0.017153,0.017153,0.017153,0.017153,0.017153,0.017153,0.017153,0.017153,0.017153,0.017153,0.017153
602,0.0107909,0.0107909,0.0107909,0.0107909,0.0107909,0.0107909,0.0107909,0.0107909,0.0107909,0.0107909,0.0107909
603,0.0118883,0.0118883,0.0118883,0.0118883,0.0118883,0.0118883,0.0118883,0.0118883,0.0118883,0.0118883,0.0118883
604,0.0129857,0.0129857,0.0129857,0.0129857,0.0129857,0.0129857,0.0129857,0.0129857,0.0129857,0.0129857,0.0129857
605,0.0245043,0.0245043,0.0245043,0.0245043,0.0245043,0.0245043,0.0245043,0.0245043,0.0245043,0.0245043,0.0245043
606,0.0140831,0.0140831,0.0140831,0.0140831,0.0140831,0.0140831,0.0140831,0.0140831,0.0140831,0.0140831,0.0140831
607,0.017153,0.017153,0.017153,0.017153,0.017153,0.017153,0.017153,0.017153,0.017153,0.017153,0.017153
608,0.0107909,0.0107909,0.0107909,0.0107909,0.0107909,0.0107909,0.0107909,0.0107909,0.0107909,0.0107909,0.0107909
609,0.0118883,0.0118883,0.0118883,0.0118883,0.0118883,0.0118883,0.0118883,0.0118883,0.0118883,0.0118883,0.0118883
610,0.0129857,0.0129857,0.0129857,0.0129857,0.0129857,0.0129857,0.0129857,0.0129857,0.0129857,0.0129857,0.0129857
611,0.0245043,0.0245043,0.0245043,0.0245043,0.0245043,0.0245043,0.0245043,0.0245043,0.0245043,0.0245043,0.0245043
612,0.0140831,0.0140831,0.0140831,0.0140831,0.0140831,0.0140831,0.0140831,0.0140831,0.0140831,0.0140831,0.0140831
613,0.017153,0.017153,0.017153,0.017153,0.017153,0.017153,0.017153,0.017153,0.017153,0.017153,0.017153
614,0.0107909,0.0107909,0.0107909,0.0107909,0.0107909,0.0107909,0.0107909,0.0107909,0.0107909,0.0107909,0.0107909
615,0.0118883,0.0118883,0.0118883,0.0118883,0.0118883,0.0118883,0.0118883,0.0118883,0.0118883,0.0118883,0.0118883
616,0.0129857,0.0129857,0.0129857,0.0129857,0.0129857,0.0129857,0.0129857,0.0129857,0.0129857,0.0129857,0.0129857
617,0.0245043,0.0245043,0.0245043,0.0245043,0.0245043,0.0245043,0.0245043,0.0245043,0.0245043,0.0245043,0.0245043
618,0.0140831,0.0140831,0.0140831,0.0140831,0.0140831,0.0140831,0.0140831,0.0140831,0.0140831,0.0140831,0.0140831
619,0.017153,0.017153,0.017153,0.017153,0.017153,0.017153,0.017153,0.017153,0.017153,0.017153,0.017153
620,0.0107909,0.0107909,0.0107909,0.0107909,0.0107909,0.0107909,0.0107909,0.0107909,0.0107909,0.0107909,0.0107909
621,0.0118883,0.0118883,0.0118883,0.0118883,0.0118883,0.0118883,0.0118883,0.0118883,0.0118883,0.0118883,0.0118883
622,0.0129857,0.0129857,0.0129857,0.0129857,0.0129857,0.0129857,0.0129857,0.0129857,0.0129857,0.0129857,0.0129857
623,0.0245043,0.0245043,0.0245043,0.0245043,0.0245043,0.0245043,0.0245043,0.0245043,0.0245043,0.0245043,0.0245043
624,0.0140831,0.0140831,0.0140831,0.0140831,0.0140831,0.0140831,0.0140831,0.0140831,0.0140831,0.0140831,0.0140831
625,0.017153,0.017153,0.017153,0.017153,0.017153,0.017153,0.017153,0.017153,0.017153,0.017153,0.017153
626,0.0245043,0.0245043,0.0245043,0.0245043,0.0245043,0.0245043,0.0245043,0.0245043,0.0245043,0.0245043,0.0245043
627,0.017153,0.017153,0.017153,0.017153,0.017153,0.017153,0.017153,0.017153,0.017153,0.017153,0.017153
628,0.0245043,0.0245043,0.0245043,0.0245043,0.0245043,0.0245043,0.0245043,0.0245043,0.0245043,0.0245043,0.0245043
629,0.017153,0.017153,0.017153,0.017153,0.017153,0.017153,0.017153,0.017153,0.017153,0.017153,0.017153
630,0.0245043,0.0245043,0.0245043,0.0245043,0.0245043,0.0245043,0.0245043,0.0245043,0.0245043,0.0245043,0.0245043
631,0.017153,0.017153,0.017153,0.017153,0.017153,0.017153,0.017153,0.017153,0.017153,0.017153,0.017153
632,0.0245043,0.0245043,0.0245043,0.0245043,0.0245043,0.0245043,0.0245043,0.0245043,0.0245043,0.0245043,0.0245043
633,0.017153,0.017153,0.017153,0.017153,0.017153,0.017153,0.017153,0.017153,0.017153,0.017153,0.017153
634,0.0245043,0.0245043,0.0245043,0.0245043,0.0245043,0.0245043,0.0245043,0.0245043,0.0245043,0.0245043,0.0245043
635,0.017153,0.017153,0.017153,0.017153,0.017153,0.017153,0.017153,0.017153,0.017153,0.017153,0.017153
636,0.0245043,0.0245043,0.0245043,0.0245043,0.0245043,0.0245043,0.0245043,0.0245043,0.0245043,0.0245043,0.0245043
637,0.017153,0.017153,0.017153,0.017153,0.017153,0.017153,0.017153,0.017153,0.017153,0.017153,0.017153
638,0.0245043,0.0245043,0.0245043,0.0245043,0.0245043,0.0245043,0.0245043,0.0245043,0.0245043,0.0245043,0.0245043
639,0.017153,0.017153,0.017153,0.017153,0.017153,0.017153,0.017153,0.017153,0.017153,0.017153,0.017153
640,0.0245043,0.0245043,0.0245043,0.0245043,0.0245043,0.0245043,0.0245043,0.0245043,0.0245043,0.0245043,0.0245043
641,0.017153,0.017153,0.017153,0.017153,0.017153,0.017153,0.017153,0.017153,0.017153,0.017153,0.017153
642,0.0245043,0.0245043,0.0245043,0.0245043,0.0245043,0.0245043,0.0245043,0.0245043,0.0245043,0.0245043,0.0245043
643,0.017153,0.017153,0.017153,0.017153,0.017153,0.017153,0.017153,0.017153,0.017153,0.017153,0.017153
644,0.0245043,0.0245043,0.0245043,0.0245043,0.0245043,0.0245043,0.0245043,0.0245043,0.0245043,0.0245043,0.0245043
645,0.017153,0.017153,0.017153,0.017153,0.017153,0.017153,0.017153,0.017153,0.017153,0.017153,0.017153
646,0.0245043,0.0245043,0.0245043,0.0245043,0.0245043,0.0245043,0.0245043,0.0245043,0.0245043,0.0245043,0.0245043
647,0.017153,0.017153,0.017153,0.017153,0.017153,0.017153,0.017153,0.017153,0.017153,0.017153,0.017153
648,0.0245043,0.0245043,0.0245043,0.0245043,0.0245043,0.0245043,0.0245043,0.0245043,0.0245043,0.0245043,0.0245043
649,0.017153,0.017153,0.017153,0.017153,0.017153,0.017153,0.017153,0.017153,0.017153,0.017153,0.017153
650,0.0245043,0.0245043,0.0245043,0.0245043,0.0245043,0.0245043,0.0245043,0.0245043,0.0245043,0.0245043,0.0245043
651,0.017153,0.017153,0.017153,0.017153,0.017153,0.017153,0.017153,0.017153,0.017153,0.017153,0.017153
652,0.0245043,0.0245043,0.0245043,0.0245043,0.0245043,0.0245043,0.0245043,0.0245043,0.0245043,0.0245043,0.0245043
653,0.017153,0.017153,0.017153,0.017153,0.017153,0.017153,0.017153,0.017153,0.017153,0.017153,0.017153
654,0.0245043,0.0245043,0.0245043,0.0245043,0.0245043,0.0245043,0.0245043,0.0245043,0.0245043,0.0245043,0.0245043
655,0.017153,0.017153,0.017153,0.017153,0.017153,0.017153,0.017153,0.017153,0.017153,0.017153,0.017153
656,0.0245043,0.0245043,0.0245043,0.0245043,0.0245043,0.0245043,0.0245043,0.0245043,0.0245043,0.0245043,0.0245043
657,0.017153,0.017153,0.017153,0.017153,0.017153,0.017153,0.017153,0.017153,0.017153,0.017153,0.017153
658,0.0245043,0.0245043,0.0245043,0.0245043,0.0245043,0.0245043,0.0245043,0.0245043,0.0245043,0.0245043,0.0245043
659,0.017153,0.017153,0.017153,0.017153,0.017153,0.017153,0.017153,0.017153,0.017153,0.017153,0.017153
660,0.0245043,0.0245043,0.0245043,0.0245043,0.0245043,0.0245043,0.0245043,0.0245043,0.0245043,0.0245043,0.0245043
661,0.017153,0.017153,0.017153,0.017153,0.017153,0.017153,0.017153,0.017153,0.017153,0.017153,0.017153
662,0.0245043,0.0245043,0.0245043,0.0245043,0.0245043,0.0245043,0.0245043,0.0245043,0.0245043,0.0245043,0.0245043
663,0.017153,0.017153,0.017153,0.017153,0.017153,0.017153,0.017153,0.017153,0.017153,0.017153,0.017153
664,0.0245043,0.0245043,0.0245043,0.0245043,0.0245043,0.0245043,0.0245043,0.0245043,0.0245043,0.0245043,0.0245043
665,0.017153,0.017153,0.017153,0.017153,0.017153,0.017153,0.017153,0.017153,0.017153,0.017153,0.017153
666,0.0245043,0.0245043,0.0245043,0.0245043,0.0245043,0.0245043,0.0245043,0.0245043,0.0245043,0.0245043,0.0245043
667,0.017153,0.017153,0.017153,0.017153,0.017153,0.017153,0.017153,0.017153,0.017153,0.017153,0.017153
668,0.0245043,0.0245043,0.0245043,0.0245043,0.0245043,0.0245043,0.0245043,0.0245043,0.0245043,0.0245043,0.0245043
669,0.017153,0.017153,0.017153,0.017153,0.017153,0.017153,0.017153,0.017153,0.017153,0.017153,0.017153
670,0.0245043,0.0245043,0.0245043,0.0245043,0.0245043,0.0245043,0.0245043,0.0245043,0.0245043,0.0245043,0.0245043
671,0.017153,0.017153,0.017153,0.017153,0.017153,0.017153,0.017153,0.017153,0.017153,0.017153,0.017153
672,0.0245043,0.0245043,0.0245043,0.0245043,0.0245043,0.0245043,0.0245043,0.0245043,0.0245043,0.0245043,0.0245043
673,0.017153,0.017153,0.017153,0.017153,0.017153,0.017153,0.017153,0.017153,0.017153,0.017153,0.017153
674,0.0245043,0.0245043,0.0245043,0.0245043,0.0245043,0.0245043,0.0245043,0.0245043,0.0245043,0.0245043,0.0245043
675,0.017153,0.017153,0.017153,0.017153,0.017153,0.017153,0.017153,0.017153,0.017153,0.017153,0.017153
676,0.0245043,0.0245043,0.0245043,0.0245043,0.0245043,0.0245043,0.0245043,0.0245043,0.0245043,0.0245043,0.0245043
677,0.017153,0.017153,0.017153,0.017153,0.017153,0.017153,0.017153,0.017153,0.017153,0.017153,0.017153
678,0.0245043,0.0245043,0.0245043,0.0245043,0.0245043,0.0245043,0.0245043,0.0245043,0.0245043,0.0245043,0.0245043
679,0.017153,0.017153,0.017153,0.017153,0.017153,0.017153,0.017153,0.017153,0.017153,0.017153,0.017153
680,0.0245043,0.0245043,0.0245043,0.0245043,0.0245043,0.0245043,0.0245043,0.0245043,0.0245043,0.0245043,0.0245043
681,0.017153,0.017153,0.017153,0.017153,0.017153,0.017153,0.017153,0.017153,0.017153,0.017153,0.017153
682,0.0245043,0.0245043,0.0245043,0.0245043,0.0245043,0.0245043,0.0245043,0.0245043,0.0245043,0.0245043,0.0245043
683,0.017153,0.017153,0.017153,0.017153,0.017153,0.017153,0.017153,0.017153,0.017153,0.017153,0.017153
684,0.0245043,0.0245043,0.0245043,0.0245043,0.0245043,0.0245043,0.0245043,0.0245043,0.0245043,0.0245043,0.0245043
685,0.017153,0.017153,0.017153,0.017153,0.017153,0.017153,0.017153,0.017153,0.017153,0.017153,0.017153
686,0.0245043,0.0245043,0.0245043,0.0245043,0.0245043,0.0245043,0.0245043,0.0245043,0.0245043,0.0245043,0.0245043
687,0.017153,0.017153,0.017153,0.017153,0.017153,0.017153,0.017153,0.017153,0.017153,0.017153,0.017153
688,0.0245043,0.0245043,0.0245043,0.0245043,0.0245043,0.0245043,0.0245043,0.0245043,0.0245043,0.0245043,0.0245043
689,0.017153,0.017153,0.017153,0.017153,0.017153,0.017153,0.017153,0.017153,0.017153,0.017153,0.017153
690,0.0245043,0.0245043,0.0245043,0.0245043,0.0245043,0.0245043,0.0245043,0.0245043,0.0245043,0.0245043,0.0245043
691,0.017153,0.017153,0.017153,0.017153,0.017153,0.017153,0.017153,0.017153,0.017153,0.017153,0.017153
692,0.0245043,0.0245043,0.0245043,0.0245043,0.0245043,0.0245043,0.0245043,0.0245043,0.0245043,0.0245043,0.0245043
693,0.017153,0.017153,0.017153,0.017153,0.017153,0.017153,0.017153,0.017153,0.017153,0.017153,0.017153
694,0.0245043,0.0245043,0.0245043,0.0245043,0.0245043,0.0245043,0.0245043,0.0245043,0.0245043,0.0245043,0.0245043
695,0.017153,0.017153,0.017153,0.017153,0.017153,0.017153,0.017153,0.017153,0.017153,0.017153,0.017153
696,0.0245043,0.0245043,0.0245043,0.0245043,0.0245043,0.0245043,0.0245043,0.0245043,0.0245043,0.0245043,0.0245043
697,0.017153,0.017153,0.017153,0.017153,0.017153,0.017153,0.017153,0.017153,0.017153,0.017153,0.017153
698,0.0245043,0.0245043,0.0245043,0.0245043,0.0245043,0.0245043,0.0245043,0.0245043,0.0245043,0.0245043,0.0245043
699,0.017153,0.017153,0.017153,0.017153,0.017153,0.017153,0.017153,0.017153,0.017153,0.017153,0.017153
700,0.0245043,0.0245043,0.0245043,0.0245043,0.0245043,0.0245043,0.0245043,0.0245043,0.0245043,0.0245043,0.0245043
701,0.017153,0.017153,0.017153,0.017153,0.017153,0.017153,0.017153,0.017153,0.017153,0.017153,0.017153
702,0.0245043,0.0245043,0.0245043,0.0245043,0.0245043,0.0245043,0.0245043,0.0245043,0.0245043,0.0245043,0.0245043
703,0.017153,0.017153,0.017153,0.017153,0.017153,0.017153,0.017153,0.017153,0.017153,0.017153,0.017153
704,0.0245043,0.0245043,0.0245043,0.0245043,0.0245043,0.0245043,0.0245043,0.0245043,0.0245043,0.0245043,0.0245043
705,0.017153,0.017153,0.017153,0.017153,0.017153,0.017153,0.017153,0.017153,0.017153,0.017153,0.017153
706,0.0245043,0.0245043,0.0245043,0.0245043,0.0245043,0.0245043,0.0245043,0.0245043,0.0245043,0.0245043,0.0245043
707,0.017153,0.017153,0.017153,0.017153,0.017153,0.017153,0.017153,0.017153,0.017153,0.017153,0.017153
708,0.0245043,0.0245043,0.0245043,0.0245043,0.0245043,0.0245043,0.0245043,0.0245043,0.0245043,0.0245043,0.0245043
709,0.017153,0.017153,0.017153,0.017153,0.017153,0.017153,0.017153,0.017153,0.017153,0.017153,0.017153
710,0.0245043,0.0245043,0.0245043,0.0245043,0.0245043,0.0245043,0.0245043,0.0245043,0.0245043,0.0245043,0.0245043
711,0.017153,0.017153,0.017153,0.017153,0.017153,0.017153,0.017153,0.017153,0.017153,0.017153,0.017153
712,0.0245043,0.0245043,0.0245043,0.0245043,0.0245043,0.0245043,0.0245043,0.0245043,0.0245043,0.0245043,0.0245043
713,0.017153,0.017153,0.017153,0.017153,0.017153,0.017153,0.017153,0.017153,0.017153,0.017153,0.017153
714,0.0245043,0.0245043,0.0245043,0.0245043,0.0245043,0.0245043,0.0245043,0.0245043,0.0245043,0.0245043,0.0245043
715,0.017153,0.017153,0.017153,0.017153,0.017153,0.017153,0.017153,0.017153,0.017153,0.017153,0.017153
716,0.0245043,0.0245043,0.0245043,0.0245043,0.0245043,0.0245043,0.0245043,0.0245043,0.0245043,0.0245043,0.0245043
717,0.017153,0.017153,0.017153,0.017153,0.017153,0.017153,0.017153,0.017153,0.017153,0.017153,0.017153
718,0.0245043,0.0245043,0.0245043,0.0245043,0.0245043,0.0245043,0.0245043,0.0245043,0.0245043,0.0245043,0.0245043
719,0.017153,0.017153,0.017153,0.017153,0.017153,0.017153,0.017153,0.017153,0.017153,0.017153,0.017153
720,0.0245043,0.0245043,0.0245043,0.0245043,0.0245043,0.0245043,0.0245043,0.0245043,0.0245043,0.0245043,0.0245043
721,0.017153,0.017153,0.017153,0.017153,0.017153,0.017153,0.017153,0.017153,0.017153,0.017153,0.017153
722,0.0107909,0.0107909,0.0107909,0.0107909,0.0107909,0.0107909,0.0107909,0.0107909,0.0107909,0.0107909,0.0107909
723,0.0118883,0.0118883,0.0118883,0.0118883,0.0118883,0.0118883,0.0118883,0.0118883,0.0118883,0.0118883,0.0118883
724,0.0129857,0.0129857,0.0129857,0.0129857,0.0129857,0.0129857,0.0129857,0.0129857,0.0129857,0.0129857,0.0129857
725,0.0245043,0.0245043,0.0245043,0.0245043,0.0245043,0.0245043,0.0245043,0.0245043,0.0245043,0.0245043,0.0245043
726,0.0140831,0.0140831,0.0140831,0.0140831,0.0140831,0.0140831,0.0140831,0.0140831,0.0140831,0.0140831,0.0140831
727,0.017153,0.017153,0.017153,0.017153,0.017153,0.017153,0.017153,0.017153,0.017153,0.017153,0.017153
728,0.0107909,0.0107909,0.0107909,0.0107909,0.0107909,0.0107909,0.0107909,0.0107909,0.0107909,0.0107909,0.0107909
729,0.0118883,0.0118883,0.0118883,0.0118883,0.0118883,0.0118883,0.0118883,0.0118883,0.0118883,0.0118883,0.0118883
730,0.0129857,0.0129857,0.0129857,0.0129857,0.0129857,0.0129857,0.0129857,0.0129857,0.0129857,0.0129857,0.0129857
731,0.0245043,0.0245043,0.0245043,0.0245043,0.0245043,0.0245043,0.0245043,0.0245043,0.0245043,0.0245043,0.0245043
732,0.0140831,0.0140831,0.0140831,0.0140831,0.0140831,0.0140831,0.0140831,0.0140831,0.0140831,0.0140831,0.0140831
733,0.017153,0.017153,0.017153,0.017153,0.017153,0.017153,0.017153,0.017153,0.017153,0.017153,0.017153
734,0.0107909,0.0107909,0.0107909,0.0107909,0.0107909,0.0107909,0.0107909,0.0107909,0.0107909,0.0107909,0.0107909
735,0.0118883,0.0118883,0.0118883,0.0118883,0.0118883,0.0118883,0.0118883,0.0118883,0.0118883,0.0118883,0.0118883
736,0.0129857,0.0129857,0.0129857,0.0129857,0.0129857,0.0129857,0.0129857,0.0129857,0.0129857,0.0129857,0.0129857
737,0.0245043,0.0245043,0.0245043,0.0245043,0.0245043,0.0245043,0.0245043,0.0245043,0.0245043,0.0245043,0.0245043
738,0.0140831,0.0140831,0.0140831,0.0140831,0.0140831,0.0140831,0.0140831,0.0140831,0.0140831,0.0140831,0.0140831
739,0.017153,0.017153,0.017153,0.017153,0.017153,0.017153,0.017153,0.017153,0.017153,0.017153,0.017153
740,0.0107909,0.0107909,0.0107909,0.0107909,0.0107909,0.0107909,0.0107909,0.0107909,0.0107909,0.0107909,0.0107909
741,0.0118883,0.0118883,0.0118883,0.0118883,0.0118883,0.0118883,0.0118883,0.0118883,0.0118883,0.0118883,0.0118883
742,0.0129857,0.0129857,0.0129857,0.0129857,0.0129857,0.0129857,0.0129857,0.0129857,0.0129857,0.0129857,0.0129857
743,0.0245043,0.0245043,0.0245043,0.0245043,0.0245043,0.0245043,0.0245043,0.0245043,0.0245043,0.0245043,0.0245043
744,0.0140831,0.0140831,0.0140831,0.0140831,0.0140831,0.0140831,0.0140831,0.0140831,0.0140831,0.0140831,0.0140831
745,0.017153,0.017153,0.017153,0.017153,0.017153,0.017153,0.017153,0.017153,0.017153,0.017153,0.017153
746,0.0107909,0.0107909,0.0107909,0.0107909,0.0107909,0.0107909,0.0107909,0.0107909,0.0107909,0.0107909,0.0107909
747,0.0118883,0.0118883,0.0118883,0.0118883,0.0118883,0.0118883,0.0118883,0.0118883,0.0118883,0.0118883,0.0118883
748,0.0129857,0.0129857,0.0129857,0.0129857,0.0129857,0.0129857,0.0129857,0.0129857,0.0129857,0.0129857,0.0129857
749,0.0245043,0.0245043,0.0245043,0.0245043,0.0245043,0.0245043,0.0245043,0.0245043,0.0245043,0.0245043,0.0245043
750,0.0140831,0.0140831,0.0140831,0.0140831,0.0140831,0.0140831,0.0140831,0.0140831,0.0140831,0.0140831,0.0140831
751,0.017153,0.017153,0.017153,0.017153,0.017153,0.017153,0.017153,0.017153,0.017153,0.017153,0.017153
752,0.0107909,0.0107909,0.0107909,0.0107909,0.0107909,0.0107909,0.0107909,0.0107909,0.0107909,0.0107909,0.0107909
753,0.0118883,0.0118883,0.0118883,0.0118883,0.0118883,0.0118883,0.0118883,0.0118883,0.0118883,0.0118883,0.0118883
754,0.0129857,0.0129857,0.0129857,0.0129857,0.0129857,0.0129857,0.0129857,0.0129857,0.0129857,0.0129857,0.0129857
755,0.0245043,0.0245043,0.0245043,0.0245043,0.0245043,0.0245043,0.0245043,0.0245043,0.0245043,0.0245043,0.0245043
756,0.0140831,0.0140831,0.0140831,0.0140831,0.0140831,0.0140831,0.0140831,0.0140831,0.0140831,0.0140831,0.0140831
757,0.017153,0.017153,0.017153,0.017153,0.017153,0.017153,0.017153,0.017153,0.017153,0.017153,0.017153
758,0.0107909,0.0107909,0.0107909,0.0107909,0.0107909,0.0107909,0.0107909,0.0107909,0.0107909,0.0107909,0.0107909
759,0.0118883,0.0118883,0.0118883,0.0118883,0.0118883,0.0118883,0.0118883,0.0118883,0.0118883,0.0118883,0.0118883
760,0.0129857,0.0129857,0.0129857,0.0129857,0.0129857,0.0129857,0.0129857,0.0129857,0.0129857,0.0129857,0.0129857
761,0.0245043,0.0245043,0.0245043,0.0245043,0.0245043,0.0245043,0.0245043,0.0245043,0.0245043,0.0245043,0.0245043
762,0.0140831,0.0140831,0.0140831,0.0140831,0.0140831,0.0140831,0.0140831,0.0140831,0.0140831,0.0140831,0.0140831
763,0.017153,0.017153,0.017153,0.017153,0.017153,0.017153,0.017153,0.017153,0.017153,0.017153,0.017153
764,0.0107909,0.0107909,0.0107909,0.0107909,0.0107909,0.0107909,0.0107909,0.0107909,0.0107909,0.0107909,0.0107909
765,0.0118883,0.0118883,0.0118883,0.0118883,0.0118883,0.0118883,0.0118883,0.0118883,0.0118883,0.0118883,0.0118883
766,0.0129857,0.0129857,0.0129857,0.0129857,0.0129857,0.0129857,0.0129857,0.0129857,0.0129857,0.0129857,0.0129857
767,0.0245043,0.0245043,0.0245043,0.0245043,0.0245043,0.0245043,0.0245043,0.0245043,0.0245043,0.0245043,0.0245043
768,0.0140831,0.0140831,0.0140831,0.0140831,0.0140831,0.0140831,0.0140831,0.0140831,0.0140831,0.0140831,0.0140831
