1, 1, 17, 367, 77, 36, 209, 853, 306
2, 17, 18, 368, 367, 209, 210, 854, 853
3, 18, 19, 369, 368, 210, 211, 855, 854
4, 19, 2, 37, 369, 211, 20, 230, 855
5, 77, 367, 364, 76, 306, 853, 856, 305
6, 367, 368, 365, 364, 853, 854, 857, 856
7, 368, 369, 366, 365, 854, 855, 858, 857
8, 369, 37, 38, 366, 855, 230, 231, 858
9, 76, 364, 361, 75, 305, 856, 859, 304
10, 364, 365, 362, 361, 856, 857, 860, 859
11, 365, 366, 363, 362, 857, 858, 861, 860
12, 366, 38, 39, 363, 858, 231, 232, 861
13, 75, 361, 358, 74, 304, 859, 862, 303
14, 361, 362, 359, 358, 859, 860, 863, 862
15, 362, 363, 360, 359, 860, 861, 864, 863
16, 363, 39, 40, 360, 861, 232, 233, 864
17, 74, 358, 355, 73, 303, 862, 865, 302
18, 358, 359, 356, 355, 862, 863, 866, 865
19, 359, 360, 357, 356, 863, 864, 867, 866
20, 360, 40, 41, 357, 864, 233, 234, 867
21, 73, 355, 352, 72, 302, 865, 868, 301
22, 355, 356, 353, 352, 865, 866, 869, 868
23, 356, 357, 354, 353, 866, 867, 870, 869
24, 357, 41, 42, 354, 867, 234, 235, 870
25, 72, 352, 349, 71, 301, 868, 871, 300
26, 352, 353, 350, 349, 868, 869, 872, 871
27, 353, 354, 351, 350, 869, 870, 873, 872
28, 354, 42, 43, 351, 870, 235, 236, 873
29, 71, 349, 60, 3, 300, 871, 281, 61
30, 349, 350, 59, 60, 871, 872, 280, 281
31, 350, 351, 58, 59, 872, 873, 279, 280
32, 351, 43, 4, 58, 873, 236, 44, 279
33, 36, 209, 853, 306, 35, 212, 874, 313
34, 209, 210, 854, 853, 212, 213, 875, 874
35, 210, 211, 855, 854, 213, 214, 876, 875
36, 211, 20, 230, 855, 214, 21, 237, 876
37, 306, 853, 856, 305, 313, 874, 877, 312
38, 853, 854, 857, 856, 874, 875, 878, 877
39, 854, 855, 858, 857, 875, 876, 879, 878
40, 855, 230, 231, 858, 876, 237, 238, 879
41, 305, 856, 859, 304, 312, 877, 880, 311
42, 856, 857, 860, 859, 877, 878, 881, 880
43, 857, 858, 861, 860, 878, 879, 882, 881
44, 858, 231, 232, 861, 879, 238, 239, 882
45, 304, 859, 862, 303, 311, 880, 883, 310
46, 859, 860, 863, 862, 880, 881, 884, 883
47, 860, 861, 864, 863, 881, 882, 885, 884
48, 861, 232, 233, 864, 882, 239, 240, 885
49, 303, 862, 865, 302, 310, 883, 886, 309
50, 862, 863, 866, 865, 883, 884, 887, 886
51, 863, 864, 867, 866, 884, 885, 888, 887
52, 864, 233, 234, 867, 885, 240, 241, 888
53, 302, 865, 868, 301, 309, 886, 889, 308
54, 865, 866, 869, 868, 886, 887, 890, 889
55, 866, 867, 870, 869, 887, 888, 891, 890
56, 867, 234, 235, 870, 888, 241, 242, 891
57, 301, 868, 871, 300, 308, 889, 892, 307
58, 868, 869, 872, 871, 889, 890, 893, 892
59, 869, 870, 873, 872, 890, 891, 894, 893
60, 870, 235, 236, 873, 891, 242, 243, 894
61, 300, 871, 281, 61, 307, 892, 284, 62
62, 871, 872, 280, 281, 892, 893, 283, 284
63, 872, 873, 279, 280, 893, 894, 282, 283
64, 873, 236, 44, 279, 894, 243, 45, 282
65, 35, 212, 874, 313, 34, 215, 895, 320
66, 212, 213, 875, 874, 215, 216, 896, 895
67, 213, 214, 876, 875, 216, 217, 897, 896
68, 214, 21, 237, 876, 217, 22, 244, 897
69, 313, 874, 877, 312, 320, 895, 898, 319
70, 874, 875, 878, 877, 895, 896, 899, 898
71, 875, 876, 879, 878, 896, 897, 900, 899
72, 876, 237, 238, 879, 897, 244, 245, 900
73, 312, 877, 880, 311, 319, 898, 901, 318
74, 877, 878, 881, 880, 898, 899, 902, 901
75, 878, 879, 882, 881, 899, 900, 903, 902
76, 879, 238, 239, 882, 900, 245, 246, 903
77, 311, 880, 883, 310, 318, 901, 904, 317
78, 880, 881, 884, 883, 901, 902, 905, 904
79, 881, 882, 885, 884, 902, 903, 906, 905
80, 882, 239, 240, 885, 903, 246, 247, 906
81, 310, 883, 886, 309, 317, 904, 907, 316
82, 883, 884, 887, 886, 904, 905, 908, 907
83, 884, 885, 888, 887, 905, 906, 909, 908
84, 885, 240, 241, 888, 906, 247, 248, 909
85, 309, 886, 889, 308, 316, 907, 910, 315
86, 886, 887, 890, 889, 907, 908, 911, 910
87, 887, 888, 891, 890, 908, 909, 912, 911
88, 888, 241, 242, 891, 909, 248, 249, 912
89, 308, 889, 892, 307, 315, 910, 913, 314
90, 889, 890, 893, 892, 910, 911, 914, 913
91, 890, 891, 894, 893, 911, 912, 915, 914
92, 891, 242, 243, 894, 912, 249, 250, 915
93, 307, 892, 284, 62, 314, 913, 287, 63
94, 892, 893, 283, 284, 913, 914, 286, 287
95, 893, 894, 282, 283, 914, 915, 285, 286
96, 894, 243, 45, 282, 915, 250, 46, 285
97, 34, 215, 895, 320, 33, 218, 916, 327
98, 215, 216, 896, 895, 218, 219, 917, 916
99, 216, 217, 897, 896, 219, 220, 918, 917
100, 217, 22, 244, 897, 220, 23, 251, 918
101, 320, 895, 898, 319, 327, 916, 919, 326
102, 895, 896, 899, 898, 916, 917, 920, 919
103, 896, 897, 900, 899, 917, 918, 921, 920
104, 897, 244, 245, 900, 918, 251, 252, 921
105, 319, 898, 901, 318, 326, 919, 922, 325
106, 898, 899, 902, 901, 919, 920, 923, 922
107, 899, 900, 903, 902, 920, 921, 924, 923
108, 900, 245, 246, 903, 921, 252, 253, 924
109, 318, 901, 904, 317, 325, 922, 925, 324
110, 901, 902, 905, 904, 922, 923, 926, 925
111, 902, 903, 906, 905, 923, 924, 927, 926
112, 903, 246, 247, 906, 924, 253, 254, 927
113, 317, 904, 907, 316, 324, 925, 928, 323
114, 904, 905, 908, 907, 925, 926, 929, 928
115, 905, 906, 909, 908, 926, 927, 930, 929
116, 906, 247, 248, 909, 927, 254, 255, 930
117, 316, 907, 910, 315, 323, 928, 931, 322
118, 907, 908, 911, 910, 928, 929, 932, 931
119, 908, 909, 912, 911, 929, 930, 933, 932
120, 909, 248, 249, 912, 930, 255, 256, 933
121, 315, 910, 913, 314, 322, 931, 934, 321
122, 910, 911, 914, 913, 931, 932, 935, 934
123, 911, 912, 915, 914, 932, 933, 936, 935
124, 912, 249, 250, 915, 933, 256, 257, 936
125, 314, 913, 287, 63, 321, 934, 290, 64
126, 913, 914, 286, 287, 934, 935, 289, 290
127, 914, 915, 285, 286, 935, 936, 288, 289
128, 915, 250, 46, 285, 936, 257, 47, 288
129, 33, 218, 916, 327, 32, 221, 937, 334
130, 218, 219, 917, 916, 221, 222, 938, 937
131, 219, 220, 918, 917, 222, 223, 939, 938
132, 220, 23, 251, 918, 223, 24, 258, 939
133, 327, 916, 919, 326, 334, 937, 940, 333
134, 916, 917, 920, 919, 937, 938, 941, 940
135, 917, 918, 921, 920, 938, 939, 942, 941
136, 918, 251, 252, 921, 939, 258, 259, 942
137, 326, 919, 922, 325, 333, 940, 943, 332
138, 919, 920, 923, 922, 940, 941, 944, 943
139, 920, 921, 924, 923, 941, 942, 945, 944
140, 921, 252, 253, 924, 942, 259, 260, 945
141, 325, 922, 925, 324, 332, 943, 946, 331
142, 922, 923, 926, 925, 943, 944, 947, 946
143, 923, 924, 927, 926, 944, 945, 948, 947
144, 924, 253, 254, 927, 945, 260, 261, 948
145, 324, 925, 928, 323, 331, 946, 949, 330
146, 925, 926, 929, 928, 946, 947, 950, 949
147, 926, 927, 930, 929, 947, 948, 951, 950
148, 927, 254, 255, 930, 948, 261, 262, 951
149, 323, 928, 931, 322, 330, 949, 952, 329
150, 928, 929, 932, 931, 949, 950, 953, 952
151, 929, 930, 933, 932, 950, 951, 954, 953
152, 930, 255, 256, 933, 951, 262, 263, 954
153, 322, 931, 934, 321, 329, 952, 955, 328
154, 931, 932, 935, 934, 952, 953, 956, 955
155, 932, 933, 936, 935, 953, 954, 957, 956
156, 933, 256, 257, 936, 954, 263, 264, 957
157, 321, 934, 290, 64, 328, 955, 293, 65
158, 934, 935, 289, 290, 955, 956, 292, 293
159, 935, 936, 288, 289, 956, 957, 291, 292
160, 936, 257, 47, 288, 957, 264, 48, 291
161, 32, 221, 937, 334, 31, 224, 958, 341
162, 221, 222, 938, 937, 224, 225, 959, 958
163, 222, 223, 939, 938, 225, 226, 960, 959
164, 223, 24, 258, 939, 226, 25, 265, 960
165, 334, 937, 940, 333, 341, 958, 961, 340
166, 937, 938, 941, 940, 958, 959, 962, 961
167, 938, 939, 942, 941, 959, 960, 963, 962
168, 939, 258, 259, 942, 960, 265, 266, 963
169, 333, 940, 943, 332, 340, 961, 964, 339
170, 940, 941, 944, 943, 961, 962, 965, 964
171, 941, 942, 945, 944, 962, 963, 966, 965
172, 942, 259, 260, 945, 963, 266, 267, 966
173, 332, 943, 946, 331, 339, 964, 967, 338
174, 943, 944, 947, 946, 964, 965, 968, 967
175, 944, 945, 948, 947, 965, 966, 969, 968
176, 945, 260, 261, 948, 966, 267, 268, 969
177, 331, 946, 949, 330, 338, 967, 970, 337
178, 946, 947, 950, 949, 967, 968, 971, 970
179, 947, 948, 951, 950, 968, 969, 972, 971
180, 948, 261, 262, 951, 969, 268, 269, 972
181, 330, 949, 952, 329, 337, 970, 973, 336
182, 949, 950, 953, 952, 970, 971, 974, 973
183, 950, 951, 954, 953, 971, 972, 975, 974
184, 951, 262, 263, 954, 972, 269, 270, 975
185, 329, 952, 955, 328, 336, 973, 976, 335
186, 952, 953, 956, 955, 973, 974, 977, 976
187, 953, 954, 957, 956, 974, 975, 978, 977
188, 954, 263, 264, 957, 975, 270, 271, 978
189, 328, 955, 293, 65, 335, 976, 296, 66
190, 955, 956, 292, 293, 976, 977, 295, 296
191, 956, 957, 291, 292, 977, 978, 294, 295
192, 957, 264, 48, 291, 978, 271, 49, 294
193, 31, 224, 958, 341, 30, 227, 979, 348
194, 224, 225, 959, 958, 227, 228, 980, 979
195, 225, 226, 960, 959, 228, 229, 981, 980
196, 226, 25, 265, 960, 229, 26, 272, 981
197, 341, 958, 961, 340, 348, 979, 982, 347
198, 958, 959, 962, 961, 979, 980, 983, 982
199, 959, 960, 963, 962, 980, 981, 984, 983
200, 960, 265, 266, 963, 981, 272, 273, 984
201, 340, 961, 964, 339, 347, 982, 985, 346
202, 961, 962, 965, 964, 982, 983, 986, 985
203, 962, 963, 966, 965, 983, 984, 987, 986
204, 963, 266, 267, 966, 984, 273, 274, 987
205, 339, 964, 967, 338, 346, 985, 988, 345
206, 964, 965, 968, 967, 985, 986, 989, 988
207, 965, 966, 969, 968, 986, 987, 990, 989
208, 966, 267, 268, 969, 987, 274, 275, 990
209, 338, 967, 970, 337, 345, 988, 991, 344
210, 967, 968, 971, 970, 988, 989, 992, 991
211, 968, 969, 972, 971, 989, 990, 993, 992
212, 969, 268, 269, 972, 990, 275, 276, 993
213, 337, 970, 973, 336, 344, 991, 994, 343
214, 970, 971, 974, 973, 991, 992, 995, 994
215, 971, 972, 975, 974, 992, 993, 996, 995
216, 972, 269, 270, 975, 993, 276, 277, 996
217, 336, 973, 976, 335, 343, 994, 997, 342
218, 973, 974, 977, 976, 994, 995, 998, 997
219, 974, 975, 978, 977, 995, 996, 999, 998
220, 975, 270, 271, 978, 996, 277, 278, 999
221, 335, 976, 296, 66, 342, 997, 299, 67
222, 976, 977, 295, 296, 997, 998, 298, 299
223, 977, 978, 294, 295, 998, 999, 297, 298
224, 978, 271, 49, 294, 999, 278, 50, 297
225, 30, 227, 979, 348, 9, 29, 370, 78
226, 227, 228, 980, 979, 29, 28, 371, 370
227, 228, 229, 981, 980, 28, 27, 372, 371
228, 229, 26, 272, 981, 27, 10, 57, 372
229, 348, 979, 982, 347, 78, 370, 373, 79
230, 979, 980, 983, 982, 370, 371, 374, 373
231, 980, 981, 984, 983, 371, 372, 375, 374
232, 981, 272, 273, 984, 372, 57, 56, 375
233, 347, 982, 985, 346, 79, 373, 376, 80
234, 982, 983, 986, 985, 373, 374, 377, 376
235, 983, 984, 987, 986, 374, 375, 378, 377
236, 984, 273, 274, 987, 375, 56, 55, 378
237, 346, 985, 988, 345, 80, 376, 379, 81
238, 985, 986, 989, 988, 376, 377, 380, 379
239, 986, 987, 990, 989, 377, 378, 381, 380
240, 987, 274, 275, 990, 378, 55, 54, 381
241, 345, 988, 991, 344, 81, 379, 382, 82
242, 988, 989, 992, 991, 379, 380, 383, 382
243, 989, 990, 993, 992, 380, 381, 384, 383
244, 990, 275, 276, 993, 381, 54, 53, 384
245, 344, 991, 994, 343, 82, 382, 385, 83
246, 991, 992, 995, 994, 382, 383, 386, 385
247, 992, 993, 996, 995, 383, 384, 387, 386
248, 993, 276, 277, 996, 384, 53, 52, 387
249, 343, 994, 997, 342, 83, 385, 388, 84
250, 994, 995, 998, 997, 385, 386, 389, 388
251, 995, 996, 999, 998, 386, 387, 390, 389
252, 996, 277, 278, 999, 387, 52, 51, 390
253, 342, 997, 299, 67, 84, 388, 68, 11
254, 997, 998, 298, 299, 388, 389, 69, 68
255, 998, 999, 297, 298, 389, 390, 70, 69
256, 999, 278, 50, 297, 390, 51, 12, 70
257, 3, 60, 528, 125, 61, 281, 1000, 467
258, 60, 59, 529, 528, 281, 280, 1001, 1000
259, 59, 58, 530, 529, 280, 279, 1002, 1001
260, 58, 4, 85, 530, 279, 44, 391, 1002
261, 125, 528, 525, 124, 467, 1000, 1003, 466
262, 528, 529, 526, 525, 1000, 1001, 1004, 1003
263, 529, 530, 527, 526, 1001, 1002, 1005, 1004
264, 530, 85, 86, 527, 1002, 391, 392, 1005
265, 124, 525, 522, 123, 466, 1003, 1006, 465
266, 525, 526, 523, 522, 1003, 1004, 1007, 1006
267, 526, 527, 524, 523, 1004, 1005, 1008, 1007
268, 527, 86, 87, 524, 1005, 392, 393, 1008
269, 123, 522, 519, 122, 465, 1006, 1009, 464
270, 522, 523, 520, 519, 1006, 1007, 1010, 1009
271, 523, 524, 521, 520, 1007, 1008, 1011, 1010
272, 524, 87, 88, 521, 1008, 393, 394, 1011
273, 122, 519, 516, 121, 464, 1009, 1012, 463
274, 519, 520, 517, 516, 1009, 1010, 1013, 1012
275, 520, 521, 518, 517, 1010, 1011, 1014, 1013
276, 521, 88, 89, 518, 1011, 394, 395, 1014
277, 121, 516, 513, 120, 463, 1012, 1015, 462
278, 516, 517, 514, 513, 1012, 1013, 1016, 1015
279, 517, 518, 515, 514, 1013, 1014, 1017, 1016
280, 518, 89, 90, 515, 1014, 395, 396, 1017
281, 120, 513, 510, 119, 462, 1015, 1018, 461
282, 513, 514, 511, 510, 1015, 1016, 1019, 1018
283, 514, 515, 512, 511, 1016, 1017, 1020, 1019
284, 515, 90, 91, 512, 1017, 396, 397, 1020
285, 119, 510, 108, 5, 461, 1018, 442, 109
286, 510, 511, 107, 108, 1018, 1019, 441, 442
287, 511, 512, 106, 107, 1019, 1020, 440, 441
288, 512, 91, 6, 106, 1020, 397, 92, 440
289, 61, 281, 1000, 467, 62, 284, 1021, 474
290, 281, 280, 1001, 1000, 284, 283, 1022, 1021
291, 280, 279, 1002, 1001, 283, 282, 1023, 1022
292, 279, 44, 391, 1002, 282, 45, 398, 1023
293, 467, 1000, 1003, 466, 474, 1021, 1024, 473
294, 1000, 1001, 1004, 1003, 1021, 1022, 1025, 1024
295, 1001, 1002, 1005, 1004, 1022, 1023, 1026, 1025
296, 1002, 391, 392, 1005, 1023, 398, 399, 1026
297, 466, 1003, 1006, 465, 473, 1024, 1027, 472
298, 1003, 1004, 1007, 1006, 1024, 1025, 1028, 1027
299, 1004, 1005, 1008, 1007, 1025, 1026, 1029, 1028
300, 1005, 392, 393, 1008, 1026, 399, 400, 1029
301, 465, 1006, 1009, 464, 472, 1027, 1030, 471
302, 1006, 1007, 1010, 1009, 1027, 1028, 1031, 1030
303, 1007, 1008, 1011, 1010, 1028, 1029, 1032, 1031
304, 1008, 393, 394, 1011, 1029, 400, 401, 1032
305, 464, 1009, 1012, 463, 471, 1030, 1033, 470
306, 1009, 1010, 1013, 1012, 1030, 1031, 1034, 1033
307, 1010, 1011, 1014, 1013, 1031, 1032, 1035, 1034
308, 1011, 394, 395, 1014, 1032, 401, 402, 1035
309, 463, 1012, 1015, 462, 470, 1033, 1036, 469
310, 1012, 1013, 1016, 1015, 1033, 1034, 1037, 1036
311, 1013, 1014, 1017, 1016, 1034, 1035, 1038, 1037
312, 1014, 395, 396, 1017, 1035, 402, 403, 1038
313, 462, 1015, 1018, 461, 469, 1036, 1039, 468
314, 1015, 1016, 1019, 1018, 1036, 1037, 1040, 1039
315, 1016, 1017, 1020, 1019, 1037, 1038, 1041, 1040
316, 1017, 396, 397, 1020, 1038, 403, 404, 1041
317, 461, 1018, 442, 109, 468, 1039, 445, 110
318, 1018, 1019, 441, 442, 1039, 1040, 444, 445
319, 1019, 1020, 440, 441, 1040, 1041, 443, 444
320, 1020, 397, 92, 440, 1041, 404, 93, 443
321, 62, 284, 1021, 474, 63, 287, 1042, 481
322, 284, 283, 1022, 1021, 287, 286, 1043, 1042
323, 283, 282, 1023, 1022, 286, 285, 1044, 1043
324, 282, 45, 398, 1023, 285, 46, 405, 1044
325, 474, 1021, 1024, 473, 481, 1042, 1045, 480
326, 1021, 1022, 1025, 1024, 1042, 1043, 1046, 1045
327, 1022, 1023, 1026, 1025, 1043, 1044, 1047, 1046
328, 1023, 398, 399, 1026, 1044, 405, 406, 1047
329, 473, 1024, 1027, 472, 480, 1045, 1048, 479
330, 1024, 1025, 1028, 1027, 1045, 1046, 1049, 1048
331, 1025, 1026, 1029, 1028, 1046, 1047, 1050, 1049
332, 1026, 399, 400, 1029, 1047, 406, 407, 1050
333, 472, 1027, 1030, 471, 479, 1048, 1051, 478
334, 1027, 1028, 1031, 1030, 1048, 1049, 1052, 1051
335, 1028, 1029, 1032, 1031, 1049, 1050, 1053, 1052
336, 1029, 400, 401, 1032, 1050, 407, 408, 1053
337, 471, 1030, 1033, 470, 478, 1051, 1054, 477
338, 1030, 1031, 1034, 1033, 1051, 1052, 1055, 1054
339, 1031, 1032, 1035, 1034, 1052, 1053, 1056, 1055
340, 1032, 401, 402, 1035, 1053, 408, 409, 1056
341, 470, 1033, 1036, 469, 477, 1054, 1057, 476
342, 1033, 1034, 1037, 1036, 1054, 1055, 1058, 1057
343, 1034, 1035, 1038, 1037, 1055, 1056, 1059, 1058
344, 1035, 402, 403, 1038, 1056, 409, 410, 1059
345, 469, 1036, 1039, 468, 476, 1057, 1060, 475
346, 1036, 1037, 1040, 1039, 1057, 1058, 1061, 1060
347, 1037, 1038, 1041, 1040, 1058, 1059, 1062, 1061
348, 1038, 403, 404, 1041, 1059, 410, 411, 1062
349, 468, 1039, 445, 110, 475, 1060, 448, 111
350, 1039, 1040, 444, 445, 1060, 1061, 447, 448
351, 1040, 1041, 443, 444, 1061, 1062, 446, 447
352, 1041, 404, 93, 443, 1062, 411, 94, 446
353, 63, 287, 1042, 481, 64, 290, 1063, 488
354, 287, 286, 1043, 1042, 290, 289, 1064, 1063
355, 286, 285, 1044, 1043, 289, 288, 1065, 1064
356, 285, 46, 405, 1044, 288, 47, 412, 1065
357, 481, 1042, 1045, 480, 488, 1063, 1066, 487
358, 1042, 1043, 1046, 1045, 1063, 1064, 1067, 1066
359, 1043, 1044, 1047, 1046, 1064, 1065, 1068, 1067
360, 1044, 405, 406, 1047, 1065, 412, 413, 1068
361, 480, 1045, 1048, 479, 487, 1066, 1069, 486
362, 1045, 1046, 1049, 1048, 1066, 1067, 1070, 1069
363, 1046, 1047, 1050, 1049, 1067, 1068, 1071, 1070
364, 1047, 406, 407, 1050, 1068, 413, 414, 1071
365, 479, 1048, 1051, 478, 486, 1069, 1072, 485
366, 1048, 1049, 1052, 1051, 1069, 1070, 1073, 1072
367, 1049, 1050, 1053, 1052, 1070, 1071, 1074, 1073
368, 1050, 407, 408, 1053, 1071, 414, 415, 1074
369, 478, 1051, 1054, 477, 485, 1072, 1075, 484
370, 1051, 1052, 1055, 1054, 1072, 1073, 1076, 1075
371, 1052, 1053, 1056, 1055, 1073, 1074, 1077, 1076
372, 1053, 408, 409, 1056, 1074, 415, 416, 1077
373, 477, 1054, 1057, 476, 484, 1075, 1078, 483
374, 1054, 1055, 1058, 1057, 1075, 1076, 1079, 1078
375, 1055, 1056, 1059, 1058, 1076, 1077, 1080, 1079
376, 1056, 409, 410, 1059, 1077, 416, 417, 1080
377, 476, 1057, 1060, 475, 483, 1078, 1081, 482
378, 1057, 1058, 1061, 1060, 1078, 1079, 1082, 1081
379, 1058, 1059, 1062, 1061, 1079, 1080, 1083, 1082
380, 1059, 410, 411, 1062, 1080, 417, 418, 1083
381, 475, 1060, 448, 111, 482, 1081, 451, 112
382, 1060, 1061, 447, 448, 1081, 1082, 450, 451
383, 1061, 1062, 446, 447, 1082, 1083, 449, 450
384, 1062, 411, 94, 446, 1083, 418, 95, 449
385, 64, 290, 1063, 488, 65, 293, 1084, 495
386, 290, 289, 1064, 1063, 293, 292, 1085, 1084
387, 289, 288, 1065, 1064, 292, 291, 1086, 1085
388, 288, 47, 412, 1065, 291, 48, 419, 1086
389, 488, 1063, 1066, 487, 495, 1084, 1087, 494
390, 1063, 1064, 1067, 1066, 1084, 1085, 1088, 1087
391, 1064, 1065, 1068, 1067, 1085, 1086, 1089, 1088
392, 1065, 412, 413, 1068, 1086, 419, 420, 1089
393, 487, 1066, 1069, 486, 494, 1087, 1090, 493
394, 1066, 1067, 1070, 1069, 1087, 1088, 1091, 1090
395, 1067, 1068, 1071, 1070, 1088, 1089, 1092, 1091
396, 1068, 413, 414, 1071, 1089, 420, 421, 1092
397, 486, 1069, 1072, 485, 493, 1090, 1093, 492
398, 1069, 1070, 1073, 1072, 1090, 1091, 1094, 1093
399, 1070, 1071, 1074, 1073, 1091, 1092, 1095, 1094
400, 1071, 414, 415, 1074, 1092, 421, 422, 1095
401, 485, 1072, 1075, 484, 492, 1093, 1096, 491
402, 1072, 1073, 1076, 1075, 1093, 1094, 1097, 1096
403, 1073, 1074, 1077, 1076, 1094, 1095, 1098, 1097
404, 1074, 415, 416, 1077, 1095, 422, 423, 1098
405, 484, 1075, 1078, 483, 491, 1096, 1099, 490
406, 1075, 1076, 1079, 1078, 1096, 1097, 1100, 1099
407, 1076, 1077, 1080, 1079, 1097, 1098, 1101, 1100
408, 1077, 416, 417, 1080, 1098, 423, 424, 1101
409, 483, 1078, 1081, 482, 490, 1099, 1102, 489
410, 1078, 1079, 1082, 1081, 1099, 1100, 1103, 1102
411, 1079, 1080, 1083, 1082, 1100, 1101, 1104, 1103
412, 1080, 417, 418, 1083, 1101, 424, 425, 1104
413, 482, 1081, 451, 112, 489, 1102, 454, 113
414, 1081, 1082, 450, 451, 1102, 1103, 453, 454
415, 1082, 1083, 449, 450, 1103, 1104, 452, 453
416, 1083, 418, 95, 449, 1104, 425, 96, 452
417, 65, 293, 1084, 495, 66, 296, 1105, 502
418, 293, 292, 1085, 1084, 296, 295, 1106, 1105
419, 292, 291, 1086, 1085, 295, 294, 1107, 1106
420, 291, 48, 419, 1086, 294, 49, 426, 1107
421, 495, 1084, 1087, 494, 502, 1105, 1108, 501
422, 1084, 1085, 1088, 1087, 1105, 1106, 1109, 1108
423, 1085, 1086, 1089, 1088, 1106, 1107, 1110, 1109
424, 1086, 419, 420, 1089, 1107, 426, 427, 1110
425, 494, 1087, 1090, 493, 501, 1108, 1111, 500
426, 1087, 1088, 1091, 1090, 1108, 1109, 1112, 1111
427, 1088, 1089, 1092, 1091, 1109, 1110, 1113, 1112
428, 1089, 420, 421, 1092, 1110, 427, 428, 1113
429, 493, 1090, 1093, 492, 500, 1111, 1114, 499
430, 1090, 1091, 1094, 1093, 1111, 1112, 1115, 1114
431, 1091, 1092, 1095, 1094, 1112, 1113, 1116, 1115
432, 1092, 421, 422, 1095, 1113, 428, 429, 1116
433, 492, 1093, 1096, 491, 499, 1114, 1117, 498
434, 1093, 1094, 1097, 1096, 1114, 1115, 1118, 1117
435, 1094, 1095, 1098, 1097, 1115, 1116, 1119, 1118
436, 1095, 422, 423, 1098, 1116, 429, 430, 1119
437, 491, 1096, 1099, 490, 498, 1117, 1120, 497
438, 1096, 1097, 1100, 1099, 1117, 1118, 1121, 1120
439, 1097, 1098, 1101, 1100, 1118, 1119, 1122, 1121
440, 1098, 423, 424, 1101, 1119, 430, 431, 1122
441, 490, 1099, 1102, 489, 497, 1120, 1123, 496
442, 1099, 1100, 1103, 1102, 1120, 1121, 1124, 1123
443, 1100, 1101, 1104, 1103, 1121, 1122, 1125, 1124
444, 1101, 424, 425, 1104, 1122, 431, 432, 1125
445, 489, 1102, 454, 113, 496, 1123, 457, 114
446, 1102, 1103, 453, 454, 1123, 1124, 456, 457
447, 1103, 1104, 452, 453, 1124, 1125, 455, 456
448, 1104, 425, 96, 452, 1125, 432, 97, 455
449, 66, 296, 1105, 502, 67, 299, 1126, 509
450, 296, 295, 1106, 1105, 299, 298, 1127, 1126
451, 295, 294, 1107, 1106, 298, 297, 1128, 1127
452, 294, 49, 426, 1107, 297, 50, 433, 1128
453, 502, 1105, 1108, 501, 509, 1126, 1129, 508
454, 1105, 1106, 1109, 1108, 1126, 1127, 1130, 1129
455, 1106, 1107, 1110, 1109, 1127, 1128, 1131, 1130
456, 1107, 426, 427, 1110, 1128, 433, 434, 1131
457, 501, 1108, 1111, 500, 508, 1129, 1132, 507
458, 1108, 1109, 1112, 1111, 1129, 1130, 1133, 1132
459, 1109, 1110, 1113, 1112, 1130, 1131, 1134, 1133
460, 1110, 427, 428, 1113, 1131, 434, 435, 1134
461, 500, 1111, 1114, 499, 507, 1132, 1135, 506
462, 1111, 1112, 1115, 1114, 1132, 1133, 1136, 1135
463, 1112, 1113, 1116, 1115, 1133, 1134, 1137, 1136
464, 1113, 428, 429, 1116, 1134, 435, 436, 1137
465, 499, 1114, 1117, 498, 506, 1135, 1138, 505
466, 1114, 1115, 1118, 1117, 1135, 1136, 1139, 1138
467, 1115, 1116, 1119, 1118, 1136, 1137, 1140, 1139
468, 1116, 429, 430, 1119, 1137, 436, 437, 1140
469, 498, 1117, 1120, 497, 505, 1138, 1141, 504
470, 1117, 1118, 1121, 1120, 1138, 1139, 1142, 1141
471, 1118, 1119, 1122, 1121, 1139, 1140, 1143, 1142
472, 1119, 430, 431, 1122, 1140, 437, 438, 1143
473, 497, 1120, 1123, 496, 504, 1141, 1144, 503
474, 1120, 1121, 1124, 1123, 1141, 1142, 1145, 1144
475, 1121, 1122, 1125, 1124, 1142, 1143, 1146, 1145
476, 1122, 431, 432, 1125, 1143, 438, 439, 1146
477, 496, 1123, 457, 114, 503, 1144, 460, 115
478, 1123, 1124, 456, 457, 1144, 1145, 459, 460
479, 1124, 1125, 455, 456, 1145, 1146, 458, 459
480, 1125, 432, 97, 455, 1146, 439, 98, 458
481, 67, 299, 1126, 509, 11, 68, 531, 126
482, 299, 298, 1127, 1126, 68, 69, 532, 531
483, 298, 297, 1128, 1127, 69, 70, 533, 532
484, 297, 50, 433, 1128, 70, 12, 105, 533
485, 509, 1126, 1129, 508, 126, 531, 534, 127
486, 1126, 1127, 1130, 1129, 531, 532, 535, 534
487, 1127, 1128, 1131, 1130, 532, 533, 536, 535
488, 1128, 433, 434, 1131, 533, 105, 104, 536
489, 508, 1129, 1132, 507, 127, 534, 537, 128
490, 1129, 1130, 1133, 1132, 534, 535, 538, 537
491, 1130, 1131, 1134, 1133, 535, 536, 539, 538
492, 1131, 434, 435, 1134, 536, 104, 103, 539
493, 507, 1132, 1135, 506, 128, 537, 540, 129
494, 1132, 1133, 1136, 1135, 537, 538, 541, 540
495, 1133, 1134, 1137, 1136, 538, 539, 542, 541
496, 1134, 435, 436, 1137, 539, 103, 102, 542
497, 506, 1135, 1138, 505, 129, 540, 543, 130
498, 1135, 1136, 1139, 1138, 540, 541, 544, 543
499, 1136, 1137, 1140, 1139, 541, 542, 545, 544
500, 1137, 436, 437, 1140, 542, 102, 101, 545
501, 505, 1138, 1141, 504, 130, 543, 546, 131
502, 1138, 1139, 1142, 1141, 543, 544, 547, 546
503, 1139, 1140, 1143, 1142, 544, 545, 548, 547
504, 1140, 437, 438, 1143, 545, 101, 100, 548
505, 504, 1141, 1144, 503, 131, 546, 549, 132
506, 1141, 1142, 1145, 1144, 546, 547, 550, 549
507, 1142, 1143, 1146, 1145, 547, 548, 551, 550
508, 1143, 438, 439, 1146, 548, 100, 99, 551
509, 503, 1144, 460, 115, 132, 549, 116, 13
510, 1144, 1145, 459, 460, 549, 550, 117, 116
511, 1145, 1146, 458, 459, 550, 551, 118, 117
512, 1146, 439, 98, 458, 551, 99, 14, 118
513, 5, 108, 689, 173, 109, 442, 1147, 628
514, 108, 107, 690, 689, 442, 441, 1148, 1147
515, 107, 106, 691, 690, 441, 440, 1149, 1148
516, 106, 6, 133, 691, 440, 92, 552, 1149
517, 173, 689, 686, 172, 628, 1147, 1150, 627
518, 689, 690, 687, 686, 1147, 1148, 1151, 1150
519, 690, 691, 688, 687, 1148, 1149, 1152, 1151
520, 691, 133, 134, 688, 1149, 552, 553, 1152
521, 172, 686, 683, 171, 627, 1150, 1153, 626
522, 686, 687, 684, 683, 1150, 1151, 1154, 1153
523, 687, 688, 685, 684, 1151, 1152, 1155, 1154
524, 688, 134, 135, 685, 1152, 553, 554, 1155
525, 171, 683, 680, 170, 626, 1153, 1156, 625
526, 683, 684, 681, 680, 1153, 1154, 1157, 1156
527, 684, 685, 682, 681, 1154, 1155, 1158, 1157
528, 685, 135, 136, 682, 1155, 554, 555, 1158
529, 170, 680, 677, 169, 625, 1156, 1159, 624
530, 680, 681, 678, 677, 1156, 1157, 1160, 1159
531, 681, 682, 679, 678, 1157, 1158, 1161, 1160
532, 682, 136, 137, 679, 1158, 555, 556, 1161
533, 169, 677, 674, 168, 624, 1159, 1162, 623
534, 677, 678, 675, 674, 1159, 1160, 1163, 1162
535, 678, 679, 676, 675, 1160, 1161, 1164, 1163
536, 679, 137, 138, 676, 1161, 556, 557, 1164
537, 168, 674, 671, 167, 623, 1162, 1165, 622
538, 674, 675, 672, 671, 1162, 1163, 1166, 1165
539, 675, 676, 673, 672, 1163, 1164, 1167, 1166
540, 676, 138, 139, 673, 1164, 557, 558, 1167
541, 167, 671, 156, 7, 622, 1165, 603, 157
542, 671, 672, 155, 156, 1165, 1166, 602, 603
543, 672, 673, 154, 155, 1166, 1167, 601, 602
544, 673, 139, 8, 154, 1167, 558, 140, 601
545, 109, 442, 1147, 628, 110, 445, 1168, 635
546, 442, 441, 1148, 1147, 445, 444, 1169, 1168
547, 441, 440, 1149, 1148, 444, 443, 1170, 1169
548, 440, 92, 552, 1149, 443, 93, 559, 1170
549, 628, 1147, 1150, 627, 635, 1168, 1171, 634
550, 1147, 1148, 1151, 1150, 1168, 1169, 1172, 1171
551, 1148, 1149, 1152, 1151, 1169, 1170, 1173, 1172
552, 1149, 552, 553, 1152, 1170, 559, 560, 1173
553, 627, 1150, 1153, 626, 634, 1171, 1174, 633
554, 1150, 1151, 1154, 1153, 1171, 1172, 1175, 1174
555, 1151, 1152, 1155, 1154, 1172, 1173, 1176, 1175
556, 1152, 553, 554, 1155, 1173, 560, 561, 1176
557, 626, 1153, 1156, 625, 633, 1174, 1177, 632
558, 1153, 1154, 1157, 1156, 1174, 1175, 1178, 1177
559, 1154, 1155, 1158, 1157, 1175, 1176, 1179, 1178
560, 1155, 554, 555, 1158, 1176, 561, 562, 1179
561, 625, 1156, 1159, 624, 632, 1177, 1180, 631
562, 1156, 1157, 1160, 1159, 1177, 1178, 1181, 1180
563, 1157, 1158, 1161, 1160, 1178, 1179, 1182, 1181
564, 1158, 555, 556, 1161, 1179, 562, 563, 1182
565, 624, 1159, 1162, 623, 631, 1180, 1183, 630
566, 1159, 1160, 1163, 1162, 1180, 1181, 1184, 1183
567, 1160, 1161, 1164, 1163, 1181, 1182, 1185, 1184
568, 1161, 556, 557, 1164, 1182, 563, 564, 1185
569, 623, 1162, 1165, 622, 630, 1183, 1186, 629
570, 1162, 1163, 1166, 1165, 1183, 1184, 1187, 1186
571, 1163, 1164, 1167, 1166, 1184, 1185, 1188, 1187
572, 1164, 557, 558, 1167, 1185, 564, 565, 1188
573, 622, 1165, 603, 157, 629, 1186, 606, 158
574, 1165, 1166, 602, 603, 1186, 1187, 605, 606
575, 1166, 1167, 601, 602, 1187, 1188, 604, 605
576, 1167, 558, 140, 601, 1188, 565, 141, 604
577, 110, 445, 1168, 635, 111, 448, 1189, 642
578, 445, 444, 1169, 1168, 448, 447, 1190, 1189
579, 444, 443, 1170, 1169, 447, 446, 1191, 1190
580, 443, 93, 559, 1170, 446, 94, 566, 1191
581, 635, 1168, 1171, 634, 642, 1189, 1192, 641
582, 1168, 1169, 1172, 1171, 1189, 1190, 1193, 1192
583, 1169, 1170, 1173, 1172, 1190, 1191, 1194, 1193
584, 1170, 559, 560, 1173, 1191, 566, 567, 1194
585, 634, 1171, 1174, 633, 641, 1192, 1195, 640
586, 1171, 1172, 1175, 1174, 1192, 1193, 1196, 1195
587, 1172, 1173, 1176, 1175, 1193, 1194, 1197, 1196
588, 1173, 560, 561, 1176, 1194, 567, 568, 1197
589, 633, 1174, 1177, 632, 640, 1195, 1198, 639
590, 1174, 1175, 1178, 1177, 1195, 1196, 1199, 1198
591, 1175, 1176, 1179, 1178, 1196, 1197, 1200, 1199
592, 1176, 561, 562, 1179, 1197, 568, 569, 1200
593, 632, 1177, 1180, 631, 639, 1198, 1201, 638
594, 1177, 1178, 1181, 1180, 1198, 1199, 1202, 1201
595, 1178, 1179, 1182, 1181, 1199, 1200, 1203, 1202
596, 1179, 562, 563, 1182, 1200, 569, 570, 1203
597, 631, 1180, 1183, 630, 638, 1201, 1204, 637
598, 1180, 1181, 1184, 1183, 1201, 1202, 1205, 1204
599, 1181, 1182, 1185, 1184, 1202, 1203, 1206, 1205
600, 1182, 563, 564, 1185, 1203, 570, 571, 1206
601, 630, 1183, 1186, 629, 637, 1204, 1207, 636
602, 1183, 1184, 1187, 1186, 1204, 1205, 1208, 1207
603, 1184, 1185, 1188, 1187, 1205, 1206, 1209, 1208
604, 1185, 564, 565, 1188, 1206, 571, 572, 1209
605, 629, 1186, 606, 158, 636, 1207, 609, 159
606, 1186, 1187, 605, 606, 1207, 1208, 608, 609
607, 1187, 1188, 604, 605, 1208, 1209, 607, 608
608, 1188, 565, 141, 604, 1209, 572, 142, 607
609, 111, 448, 1189, 642, 112, 451, 1210, 649
610, 448, 447, 1190, 1189, 451, 450, 1211, 1210
611, 447, 446, 1191, 1190, 450, 449, 1212, 1211
612, 446, 94, 566, 1191, 449, 95, 573, 1212
613, 642, 1189, 1192, 641, 649, 1210, 1213, 648
614, 1189, 1190, 1193, 1192, 1210, 1211, 1214, 1213
615, 1190, 1191, 1194, 1193, 1211, 1212, 1215, 1214
616, 1191, 566, 567, 1194, 1212, 573, 574, 1215
617, 641, 1192, 1195, 640, 648, 1213, 1216, 647
618, 1192, 1193, 1196, 1195, 1213, 1214, 1217, 1216
619, 1193, 1194, 1197, 1196, 1214, 1215, 1218, 1217
620, 1194, 567, 568, 1197, 1215, 574, 575, 1218
621, 640, 1195, 1198, 639, 647, 1216, 1219, 646
622, 1195, 1196, 1199, 1198, 1216, 1217, 1220, 1219
623, 1196, 1197, 1200, 1199, 1217, 1218, 1221, 1220
624, 1197, 568, 569, 1200, 1218, 575, 576, 1221
625, 639, 1198, 1201, 638, 646, 1219, 1222, 645
626, 1198, 1199, 1202, 1201, 1219, 1220, 1223, 1222
627, 1199, 1200, 1203, 1202, 1220, 1221, 1224, 1223
628, 1200, 569, 570, 1203, 1221, 576, 577, 1224
629, 638, 1201, 1204, 637, 645, 1222, 1225, 644
630, 1201, 1202, 1205, 1204, 1222, 1223, 1226, 1225
631, 1202, 1203, 1206, 1205, 1223, 1224, 1227, 1226
632, 1203, 570, 571, 1206, 1224, 577, 578, 1227
633, 637, 1204, 1207, 636, 644, 1225, 1228, 643
634, 1204, 1205, 1208, 1207, 1225, 1226, 1229, 1228
635, 1205, 1206, 1209, 1208, 1226, 1227, 1230, 1229
636, 1206, 571, 572, 1209, 1227, 578, 579, 1230
637, 636, 1207, 609, 159, 643, 1228, 612, 160
638, 1207, 1208, 608, 609, 1228, 1229, 611, 612
639, 1208, 1209, 607, 608, 1229, 1230, 610, 611
640, 1209, 572, 142, 607, 1230, 579, 143, 610
641, 112, 451, 1210, 649, 113, 454, 1231, 656
642, 451, 450, 1211, 1210, 454, 453, 1232, 1231
643, 450, 449, 1212, 1211, 453, 452, 1233, 1232
644, 449, 95, 573, 1212, 452, 96, 580, 1233
645, 649, 1210, 1213, 648, 656, 1231, 1234, 655
646, 1210, 1211, 1214, 1213, 1231, 1232, 1235, 1234
647, 1211, 1212, 1215, 1214, 1232, 1233, 1236, 1235
648, 1212, 573, 574, 1215, 1233, 580, 581, 1236
649, 648, 1213, 1216, 647, 655, 1234, 1237, 654
650, 1213, 1214, 1217, 1216, 1234, 1235, 1238, 1237
651, 1214, 1215, 1218, 1217, 1235, 1236, 1239, 1238
652, 1215, 574, 575, 1218, 1236, 581, 582, 1239
653, 647, 1216, 1219, 646, 654, 1237, 1240, 653
654, 1216, 1217, 1220, 1219, 1237, 1238, 1241, 1240
655, 1217, 1218, 1221, 1220, 1238, 1239, 1242, 1241
656, 1218, 575, 576, 1221, 1239, 582, 583, 1242
657, 646, 1219, 1222, 645, 653, 1240, 1243, 652
658, 1219, 1220, 1223, 1222, 1240, 1241, 1244, 1243
659, 1220, 1221, 1224, 1223, 1241, 1242, 1245, 1244
660, 1221, 576, 577, 1224, 1242, 583, 584, 1245
661, 645, 1222, 1225, 644, 652, 1243, 1246, 651
662, 1222, 1223, 1226, 1225, 1243, 1244, 1247, 1246
663, 1223, 1224, 1227, 1226, 1244, 1245, 1248, 1247
664, 1224, 577, 578, 1227, 1245, 584, 585, 1248
665, 644, 1225, 1228, 643, 651, 1246, 1249, 650
666, 1225, 1226, 1229, 1228, 1246, 1247, 1250, 1249
667, 1226, 1227, 1230, 1229, 1247, 1248, 1251, 1250
668, 1227, 578, 579, 1230, 1248, 585, 586, 1251
669, 643, 1228, 612, 160, 650, 1249, 615, 161
670, 1228, 1229, 611, 612, 1249, 1250, 614, 615
671, 1229, 1230, 610, 611, 1250, 1251, 613, 614
672, 1230, 579, 143, 610, 1251, 586, 144, 613
673, 113, 454, 1231, 656, 114, 457, 1252, 663
674, 454, 453, 1232, 1231, 457, 456, 1253, 1252
675, 453, 452, 1233, 1232, 456, 455, 1254, 1253
676, 452, 96, 580, 1233, 455, 97, 587, 1254
677, 656, 1231, 1234, 655, 663, 1252, 1255, 662
678, 1231, 1232, 1235, 1234, 1252, 1253, 1256, 1255
679, 1232, 1233, 1236, 1235, 1253, 1254, 1257, 1256
680, 1233, 580, 581, 1236, 1254, 587, 588, 1257
681, 655, 1234, 1237, 654, 662, 1255, 1258, 661
682, 1234, 1235, 1238, 1237, 1255, 1256, 1259, 1258
683, 1235, 1236, 1239, 1238, 1256, 1257, 1260, 1259
684, 1236, 581, 582, 1239, 1257, 588, 589, 1260
685, 654, 1237, 1240, 653, 661, 1258, 1261, 660
686, 1237, 1238, 1241, 1240, 1258, 1259, 1262, 1261
687, 1238, 1239, 1242, 1241, 1259, 1260, 1263, 1262
688, 1239, 582, 583, 1242, 1260, 589, 590, 1263
689, 653, 1240, 1243, 652, 660, 1261, 1264, 659
690, 1240, 1241, 1244, 1243, 1261, 1262, 1265, 1264
691, 1241, 1242, 1245, 1244, 1262, 1263, 1266, 1265
692, 1242, 583, 584, 1245, 1263, 590, 591, 1266
693, 652, 1243, 1246, 651, 659, 1264, 1267, 658
694, 1243, 1244, 1247, 1246, 1264, 1265, 1268, 1267
695, 1244, 1245, 1248, 1247, 1265, 1266, 1269, 1268
696, 1245, 584, 585, 1248, 1266, 591, 592, 1269
697, 651, 1246, 1249, 650, 658, 1267, 1270, 657
698, 1246, 1247, 1250, 1249, 1267, 1268, 1271, 1270
699, 1247, 1248, 1251, 1250, 1268, 1269, 1272, 1271
700, 1248, 585, 586, 1251, 1269, 592, 593, 1272
701, 650, 1249, 615, 161, 657, 1270, 618, 162
702, 1249, 1250, 614, 615, 1270, 1271, 617, 618
703, 1250, 1251, 613, 614, 1271, 1272, 616, 617
704, 1251, 586, 144, 613, 1272, 593, 145, 616
705, 114, 457, 1252, 663, 115, 460, 1273, 670
706, 457, 456, 1253, 1252, 460, 459, 1274, 1273
707, 456, 455, 1254, 1253, 459, 458, 1275, 1274
708, 455, 97, 587, 1254, 458, 98, 594, 1275
709, 663, 1252, 1255, 662, 670, 1273, 1276, 669
710, 1252, 1253, 1256, 1255, 1273, 1274, 1277, 1276
711, 1253, 1254, 1257, 1256, 1274, 1275, 1278, 1277
712, 1254, 587, 588, 1257, 1275, 594, 595, 1278
713, 662, 1255, 1258, 661, 669, 1276, 1279, 668
714, 1255, 1256, 1259, 1258, 1276, 1277, 1280, 1279
715, 1256, 1257, 1260, 1259, 1277, 1278, 1281, 1280
716, 1257, 588, 589, 1260, 1278, 595, 596, 1281
717, 661, 1258, 1261, 660, 668, 1279, 1282, 667
718, 1258, 1259, 1262, 1261, 1279, 1280, 1283, 1282
719, 1259, 1260, 1263, 1262, 1280, 1281, 1284, 1283
720, 1260, 589, 590, 1263, 1281, 596, 597, 1284
721, 660, 1261, 1264, 659, 667, 1282, 1285, 666
722, 1261, 1262, 1265, 1264, 1282, 1283, 1286, 1285
723, 1262, 1263, 1266, 1265, 1283, 1284, 1287, 1286
724, 1263, 590, 591, 1266, 1284, 597, 598, 1287
725, 659, 1264, 1267, 658, 666, 1285, 1288, 665
726, 1264, 1265, 1268, 1267, 1285, 1286, 1289, 1288
727, 1265, 1266, 1269, 1268, 1286, 1287, 1290, 1289
728, 1266, 591, 592, 1269, 1287, 598, 599, 1290
729, 658, 1267, 1270, 657, 665, 1288, 1291, 664
730, 1267, 1268, 1271, 1270, 1288, 1289, 1292, 1291
731, 1268, 1269, 1272, 1271, 1289, 1290, 1293, 1292
732, 1269, 592, 593, 1272, 1290, 599, 600, 1293
733, 657, 1270, 618, 162, 664, 1291, 621, 163
734, 1270, 1271, 617, 618, 1291, 1292, 620, 621
735, 1271, 1272, 616, 617, 1292, 1293, 619, 620
736, 1272, 593, 145, 616, 1293, 600, 146, 619
737, 115, 460, 1273, 670, 13, 116, 692, 174
738, 460, 459, 1274, 1273, 116, 117, 693, 692
739, 459, 458, 1275, 1274, 117, 118, 694, 693
740, 458, 98, 594, 1275, 118, 14, 153, 694
741, 670, 1273, 1276, 669, 174, 692, 695, 175
742, 1273, 1274, 1277, 1276, 692, 693, 696, 695
743, 1274, 1275, 1278, 1277, 693, 694, 697, 696
744, 1275, 594, 595, 1278, 694, 153, 152, 697
745, 669, 1276, 1279, 668, 175, 695, 698, 176
746, 1276, 1277, 1280, 1279, 695, 696, 699, 698
747, 1277, 1278, 1281, 1280, 696, 697, 700, 699
748, 1278, 595, 596, 1281, 697, 152, 151, 700
749, 668, 1279, 1282, 667, 176, 698, 701, 177
750, 1279, 1280, 1283, 1282, 698, 699, 702, 701
751, 1280, 1281, 1284, 1283, 699, 700, 703, 702
752, 1281, 596, 597, 1284, 700, 151, 150, 703
753, 667, 1282, 1285, 666, 177, 701, 704, 178
754, 1282, 1283, 1286, 1285, 701, 702, 705, 704
755, 1283, 1284, 1287, 1286, 702, 703, 706, 705
756, 1284, 597, 598, 1287, 703, 150, 149, 706
757, 666, 1285, 1288, 665, 178, 704, 707, 179
758, 1285, 1286, 1289, 1288, 704, 705, 708, 707
759, 1286, 1287, 1290, 1289, 705, 706, 709, 708
760, 1287, 598, 599, 1290, 706, 149, 148, 709
761, 665, 1288, 1291, 664, 179, 707, 710, 180
762, 1288, 1289, 1292, 1291, 707, 708, 711, 710
763, 1289, 1290, 1293, 1292, 708, 709, 712, 711
764, 1290, 599, 600, 1293, 709, 148, 147, 712
765, 664, 1291, 621, 163, 180, 710, 164, 15
766, 1291, 1292, 620, 621, 710, 711, 165, 164
767, 1292, 1293, 619, 620, 711, 712, 166, 165
768, 1293, 600, 146, 619, 712, 147, 16, 166
769, 7, 156, 829, 201, 157, 603, 1294, 768
770, 156, 155, 830, 829, 603, 602, 1295, 1294
771, 155, 154, 831, 830, 602, 601, 1296, 1295
772, 154, 8, 181, 831, 601, 140, 713, 1296
773, 201, 829, 826, 200, 768, 1294, 1297, 767
774, 829, 830, 827, 826, 1294, 1295, 1298, 1297
775, 830, 831, 828, 827, 1295, 1296, 1299, 1298
776, 831, 181, 182, 828, 1296, 713, 714, 1299
777, 200, 826, 823, 199, 767, 1297, 1300, 766
778, 826, 827, 824, 823, 1297, 1298, 1301, 1300
779, 827, 828, 825, 824, 1298, 1299, 1302, 1301
780, 828, 182, 183, 825, 1299, 714, 715, 1302
781, 199, 823, 820, 198, 766, 1300, 1303, 765
782, 823, 824, 821, 820, 1300, 1301, 1304, 1303
783, 824, 825, 822, 821, 1301, 1302, 1305, 1304
784, 825, 183, 184, 822, 1302, 715, 716, 1305
785, 198, 820, 817, 197, 765, 1303, 1306, 764
786, 820, 821, 818, 817, 1303, 1304, 1307, 1306
787, 821, 822, 819, 818, 1304, 1305, 1308, 1307
788, 822, 184, 185, 819, 1305, 716, 717, 1308
789, 197, 817, 814, 196, 764, 1306, 1309, 763
790, 817, 818, 815, 814, 1306, 1307, 1310, 1309
791, 818, 819, 816, 815, 1307, 1308, 1311, 1310
792, 819, 185, 186, 816, 1308, 717, 718, 1311
793, 196, 814, 811, 195, 763, 1309, 1312, 762
794, 814, 815, 812, 811, 1309, 1310, 1313, 1312
795, 815, 816, 813, 812, 1310, 1311, 1314, 1313
796, 816, 186, 187, 813, 1311, 718, 719, 1314
797, 195, 811, 17, 1, 762, 1312, 209, 36
798, 811, 812, 18, 17, 1312, 1313, 210, 209
799, 812, 813, 19, 18, 1313, 1314, 211, 210
800, 813, 187, 2, 19, 1314, 719, 20, 211
801, 157, 603, 1294, 768, 158, 606, 1315, 775
802, 603, 602, 1295, 1294, 606, 605, 1316, 1315
803, 602, 601, 1296, 1295, 605, 604, 1317, 1316
804, 601, 140, 713, 1296, 604, 141, 720, 1317
805, 768, 1294, 1297, 767, 775, 1315, 1318, 774
806, 1294, 1295, 1298, 1297, 1315, 1316, 1319, 1318
807, 1295, 1296, 1299, 1298, 1316, 1317, 1320, 1319
808, 1296, 713, 714, 1299, 1317, 720, 721, 1320
809, 767, 1297, 1300, 766, 774, 1318, 1321, 773
810, 1297, 1298, 1301, 1300, 1318, 1319, 1322, 1321
811, 1298, 1299, 1302, 1301, 1319, 1320, 1323, 1322
812, 1299, 714, 715, 1302, 1320, 721, 722, 1323
813, 766, 1300, 1303, 765, 773, 1321, 1324, 772
814, 1300, 1301, 1304, 1303, 1321, 1322, 1325, 1324
815, 1301, 1302, 1305, 1304, 1322, 1323, 1326, 1325
816, 1302, 715, 716, 1305, 1323, 722, 723, 1326
817, 765, 1303, 1306, 764, 772, 1324, 1327, 771
818, 1303, 1304, 1307, 1306, 1324, 1325, 1328, 1327
819, 1304, 1305, 1308, 1307, 1325, 1326, 1329, 1328
820, 1305, 716, 717, 1308, 1326, 723, 724, 1329
821, 764, 1306, 1309, 763, 771, 1327, 1330, 770
822, 1306, 1307, 1310, 1309, 1327, 1328, 1331, 1330
823, 1307, 1308, 1311, 1310, 1328, 1329, 1332, 1331
824, 1308, 717, 718, 1311, 1329, 724, 725, 1332
825, 763, 1309, 1312, 762, 770, 1330, 1333, 769
826, 1309, 1310, 1313, 1312, 1330, 1331, 1334, 1333
827, 1310, 1311, 1314, 1313, 1331, 1332, 1335, 1334
828, 1311, 718, 719, 1314, 1332, 725, 726, 1335
829, 762, 1312, 209, 36, 769, 1333, 212, 35
830, 1312, 1313, 210, 209, 1333, 1334, 213, 212
831, 1313, 1314, 211, 210, 1334, 1335, 214, 213
832, 1314, 719, 20, 211, 1335, 726, 21, 214
833, 158, 606, 1315, 775, 159, 609, 1336, 782
834, 606, 605, 1316, 1315, 609, 608, 1337, 1336
835, 605, 604, 1317, 1316, 608, 607, 1338, 1337
836, 604, 141, 720, 1317, 607, 142, 727, 1338
837, 775, 1315, 1318, 774, 782, 1336, 1339, 781
838, 1315, 1316, 1319, 1318, 1336, 1337, 1340, 1339
839, 1316, 1317, 1320, 1319, 1337, 1338, 1341, 1340
840, 1317, 720, 721, 1320, 1338, 727, 728, 1341
841, 774, 1318, 1321, 773, 781, 1339, 1342, 780
842, 1318, 1319, 1322, 1321, 1339, 1340, 1343, 1342
843, 1319, 1320, 1323, 1322, 1340, 1341, 1344, 1343
844, 1320, 721, 722, 1323, 1341, 728, 729, 1344
845, 773, 1321, 1324, 772, 780, 1342, 1345, 779
846, 1321, 1322, 1325, 1324, 1342, 1343, 1346, 1345
847, 1322, 1323, 1326, 1325, 1343, 1344, 1347, 1346
848, 1323, 722, 723, 1326, 1344, 729, 730, 1347
849, 772, 1324, 1327, 771, 779, 1345, 1348, 778
850, 1324, 1325, 1328, 1327, 1345, 1346, 1349, 1348
851, 1325, 1326, 1329, 1328, 1346, 1347, 1350, 1349
852, 1326, 723, 724, 1329, 1347, 730, 731, 1350
853, 771, 1327, 1330, 770, 778, 1348, 1351, 777
854, 1327, 1328, 1331, 1330, 1348, 1349, 1352, 1351
855, 1328, 1329, 1332, 1331, 1349, 1350, 1353, 1352
856, 1329, 724, 725, 1332, 1350, 731, 732, 1353
857, 770, 1330, 1333, 769, 777, 1351, 1354, 776
858, 1330, 1331, 1334, 1333, 1351, 1352, 1355, 1354
859, 1331, 1332, 1335, 1334, 1352, 1353, 1356, 1355
860, 1332, 725, 726, 1335, 1353, 732, 733, 1356
861, 769, 1333, 212, 35, 776, 1354, 215, 34
862, 1333, 1334, 213, 212, 1354, 1355, 216, 215
863, 1334, 1335, 214, 213, 1355, 1356, 217, 216
864, 1335, 726, 21, 214, 1356, 733, 22, 217
865, 159, 609, 1336, 782, 160, 612, 1357, 789
866, 609, 608, 1337, 1336, 612, 611, 1358, 1357
867, 608, 607, 1338, 1337, 611, 610, 1359, 1358
868, 607, 142, 727, 1338, 610, 143, 734, 1359
869, 782, 1336, 1339, 781, 789, 1357, 1360, 788
870, 1336, 1337, 1340, 1339, 1357, 1358, 1361, 1360
871, 1337, 1338, 1341, 1340, 1358, 1359, 1362, 1361
872, 1338, 727, 728, 1341, 1359, 734, 735, 1362
873, 781, 1339, 1342, 780, 788, 1360, 1363, 787
874, 1339, 1340, 1343, 1342, 1360, 1361, 1364, 1363
875, 1340, 1341, 1344, 1343, 1361, 1362, 1365, 1364
876, 1341, 728, 729, 1344, 1362, 735, 736, 1365
877, 780, 1342, 1345, 779, 787, 1363, 1366, 786
878, 1342, 1343, 1346, 1345, 1363, 1364, 1367, 1366
879, 1343, 1344, 1347, 1346, 1364, 1365, 1368, 1367
880, 1344, 729, 730, 1347, 1365, 736, 737, 1368
881, 779, 1345, 1348, 778, 786, 1366, 1369, 785
882, 1345, 1346, 1349, 1348, 1366, 1367, 1370, 1369
883, 1346, 1347, 1350, 1349, 1367, 1368, 1371, 1370
884, 1347, 730, 731, 1350, 1368, 737, 738, 1371
885, 778, 1348, 1351, 777, 785, 1369, 1372, 784
886, 1348, 1349, 1352, 1351, 1369, 1370, 1373, 1372
887, 1349, 1350, 1353, 1352, 1370, 1371, 1374, 1373
888, 1350, 731, 732, 1353, 1371, 738, 739, 1374
889, 777, 1351, 1354, 776, 784, 1372, 1375, 783
890, 1351, 1352, 1355, 1354, 1372, 1373, 1376, 1375
891, 1352, 1353, 1356, 1355, 1373, 1374, 1377, 1376
892, 1353, 732, 733, 1356, 1374, 739, 740, 1377
893, 776, 1354, 215, 34, 783, 1375, 218, 33
894, 1354, 1355, 216, 215, 1375, 1376, 219, 218
895, 1355, 1356, 217, 216, 1376, 1377, 220, 219
896, 1356, 733, 22, 217, 1377, 740, 23, 220
897, 160, 612, 1357, 789, 161, 615, 1378, 796
898, 612, 611, 1358, 1357, 615, 614, 1379, 1378
899, 611, 610, 1359, 1358, 614, 613, 1380, 1379
900, 610, 143, 734, 1359, 613, 144, 741, 1380
901, 789, 1357, 1360, 788, 796, 1378, 1381, 795
902, 1357, 1358, 1361, 1360, 1378, 1379, 1382, 1381
903, 1358, 1359, 1362, 1361, 1379, 1380, 1383, 1382
904, 1359, 734, 735, 1362, 1380, 741, 742, 1383
905, 788, 1360, 1363, 787, 795, 1381, 1384, 794
906, 1360, 1361, 1364, 1363, 1381, 1382, 1385, 1384
907, 1361, 1362, 1365, 1364, 1382, 1383, 1386, 1385
908, 1362, 735, 736, 1365, 1383, 742, 743, 1386
909, 787, 1363, 1366, 786, 794, 1384, 1387, 793
910, 1363, 1364, 1367, 1366, 1384, 1385, 1388, 1387
911, 1364, 1365, 1368, 1367, 1385, 1386, 1389, 1388
912, 1365, 736, 737, 1368, 1386, 743, 744, 1389
913, 786, 1366, 1369, 785, 793, 1387, 1390, 792
914, 1366, 1367, 1370, 1369, 1387, 1388, 1391, 1390
915, 1367, 1368, 1371, 1370, 1388, 1389, 1392, 1391
916, 1368, 737, 738, 1371, 1389, 744, 745, 1392
917, 785, 1369, 1372, 784, 792, 1390, 1393, 791
918, 1369, 1370, 1373, 1372, 1390, 1391, 1394, 1393
919, 1370, 1371, 1374, 1373, 1391, 1392, 1395, 1394
920, 1371, 738, 739, 1374, 1392, 745, 746, 1395
921, 784, 1372, 1375, 783, 791, 1393, 1396, 790
922, 1372, 1373, 1376, 1375, 1393, 1394, 1397, 1396
923, 1373, 1374, 1377, 1376, 1394, 1395, 1398, 1397
924, 1374, 739, 740, 1377, 1395, 746, 747, 1398
925, 783, 1375, 218, 33, 790, 1396, 221, 32
926, 1375, 1376, 219, 218, 1396, 1397, 222, 221
927, 1376, 1377, 220, 219, 1397, 1398, 223, 222
928, 1377, 740, 23, 220, 1398, 747, 24, 223
929, 161, 615, 1378, 796, 162, 618, 1399, 803
930, 615, 614, 1379, 1378, 618, 617, 1400, 1399
931, 614, 613, 1380, 1379, 617, 616, 1401, 1400
932, 613, 144, 741, 1380, 616, 145, 748, 1401
933, 796, 1378, 1381, 795, 803, 1399, 1402, 802
934, 1378, 1379, 1382, 1381, 1399, 1400, 1403, 1402
935, 1379, 1380, 1383, 1382, 1400, 1401, 1404, 1403
936, 1380, 741, 742, 1383, 1401, 748, 749, 1404
937, 795, 1381, 1384, 794, 802, 1402, 1405, 801
938, 1381, 1382, 1385, 1384, 1402, 1403, 1406, 1405
939, 1382, 1383, 1386, 1385, 1403, 1404, 1407, 1406
940, 1383, 742, 743, 1386, 1404, 749, 750, 1407
941, 794, 1384, 1387, 793, 801, 1405, 1408, 800
942, 1384, 1385, 1388, 1387, 1405, 1406, 1409, 1408
943, 1385, 1386, 1389, 1388, 1406, 1407, 1410, 1409
944, 1386, 743, 744, 1389, 1407, 750, 751, 1410
945, 793, 1387, 1390, 792, 800, 1408, 1411, 799
946, 1387, 1388, 1391, 1390, 1408, 1409, 1412, 1411
947, 1388, 1389, 1392, 1391, 1409, 1410, 1413, 1412
948, 1389, 744, 745, 1392, 1410, 751, 752, 1413
949, 792, 1390, 1393, 791, 799, 1411, 1414, 798
950, 1390, 1391, 1394, 1393, 1411, 1412, 1415, 1414
951, 1391, 1392, 1395, 1394, 1412, 1413, 1416, 1415
952, 1392, 745, 746, 1395, 1413, 752, 753, 1416
953, 791, 1393, 1396, 790, 798, 1414, 1417, 797
954, 1393, 1394, 1397, 1396, 1414, 1415, 1418, 1417
955, 1394, 1395, 1398, 1397, 1415, 1416, 1419, 1418
956, 1395, 746, 747, 1398, 1416, 753, 754, 1419
957, 790, 1396, 221, 32, 797, 1417, 224, 31
958, 1396, 1397, 222, 221, 1417, 1418, 225, 224
959, 1397, 1398, 223, 222, 1418, 1419, 226, 225
960, 1398, 747, 24, 223, 1419, 754, 25, 226
961, 162, 618, 1399, 803, 163, 621, 1420, 810
962, 618, 617, 1400, 1399, 621, 620, 1421, 1420
963, 617, 616, 1401, 1400, 620, 619, 1422, 1421
964, 616, 145, 748, 1401, 619, 146, 755, 1422
965, 803, 1399, 1402, 802, 810, 1420, 1423, 809
966, 1399, 1400, 1403, 1402, 1420, 1421, 1424, 1423
967, 1400, 1401, 1404, 1403, 1421, 1422, 1425, 1424
968, 1401, 748, 749, 1404, 1422, 755, 756, 1425
969, 802, 1402, 1405, 801, 809, 1423, 1426, 808
970, 1402, 1403, 1406, 1405, 1423, 1424, 1427, 1426
971, 1403, 1404, 1407, 1406, 1424, 1425, 1428, 1427
972, 1404, 749, 750, 1407, 1425, 756, 757, 1428
973, 801, 1405, 1408, 800, 808, 1426, 1429, 807
974, 1405, 1406, 1409, 1408, 1426, 1427, 1430, 1429
975, 1406, 1407, 1410, 1409, 1427, 1428, 1431, 1430
976, 1407, 750, 751, 1410, 1428, 757, 758, 1431
977, 800, 1408, 1411, 799, 807, 1429, 1432, 806
978, 1408, 1409, 1412, 1411, 1429, 1430, 1433, 1432
979, 1409, 1410, 1413, 1412, 1430, 1431, 1434, 1433
980, 1410, 751, 752, 1413, 1431, 758, 759, 1434
981, 799, 1411, 1414, 798, 806, 1432, 1435, 805
982, 1411, 1412, 1415, 1414, 1432, 1433, 1436, 1435
983, 1412, 1413, 1416, 1415, 1433, 1434, 1437, 1436
984, 1413, 752, 753, 1416, 1434, 759, 760, 1437
985, 798, 1414, 1417, 797, 805, 1435, 1438, 804
986, 1414, 1415, 1418, 1417, 1435, 1436, 1439, 1438
987, 1415, 1416, 1419, 1418, 1436, 1437, 1440, 1439
988, 1416, 753, 754, 1419, 1437, 760, 761, 1440
989, 797, 1417, 224, 31, 804, 1438, 227, 30
990, 1417, 1418, 225, 224, 1438, 1439, 228, 227
991, 1418, 1419, 226, 225, 1439, 1440, 229, 228
992, 1419, 754, 25, 226, 1440, 761, 26, 229
993, 163, 621, 1420, 810, 15, 164, 832, 202
994, 621, 620, 1421, 1420, 164, 165, 833, 832
995, 620, 619, 1422, 1421, 165, 166, 834, 833
996, 619, 146, 755, 1422, 166, 16, 194, 834
997, 810, 1420, 1423, 809, 202, 832, 835, 203
998, 1420, 1421, 1424, 1423, 832, 833, 836, 835
999, 1421, 1422, 1425, 1424, 833, 834, 837, 836
1000, 1422, 755, 756, 1425, 834, 194, 193, 837
1001, 809, 1423, 1426, 808, 203, 835, 838, 204
1002, 1423, 1424, 1427, 1426, 835, 836, 839, 838
1003, 1424, 1425, 1428, 1427, 836, 837, 840, 839
1004, 1425, 756, 757, 1428, 837, 193, 192, 840
1005, 808, 1426, 1429, 807, 204, 838, 841, 205
1006, 1426, 1427, 1430, 1429, 838, 839, 842, 841
1007, 1427, 1428, 1431, 1430, 839, 840, 843, 842
1008, 1428, 757, 758, 1431, 840, 192, 191, 843
1009, 807, 1429, 1432, 806, 205, 841, 844, 206
1010, 1429, 1430, 1433, 1432, 841, 842, 845, 844
1011, 1430, 1431, 1434, 1433, 842, 843, 846, 845
1012, 1431, 758, 759, 1434, 843, 191, 190, 846
1013, 806, 1432, 1435, 805, 206, 844, 847, 207
1014, 1432, 1433, 1436, 1435, 844, 845, 848, 847
1015, 1433, 1434, 1437, 1436, 845, 846, 849, 848
1016, 1434, 759, 760, 1437, 846, 190, 189, 849
1017, 805, 1435, 1438, 804, 207, 847, 850, 208
1018, 1435, 1436, 1439, 1438, 847, 848, 851, 850
1019, 1436, 1437, 1440, 1439, 848, 849, 852, 851
1020, 1437, 760, 761, 1440, 849, 189, 188, 852
1021, 804, 1438, 227, 30, 208, 850, 29, 9
1022, 1438, 1439, 228, 227, 850, 851, 28, 29
1023, 1439, 1440, 229, 228, 851, 852, 27, 28
1024, 1440, 761, 26, 229, 852, 188, 10, 27