1,-0.057037219405174255,0.0457586832344532,0.04138621315360069
2,-0.04290122538805008,-0.006651951000094414,0.04608999192714691
3,-0.025062404572963715,-0.034533388912677765,0.05239744856953621
4,-0.00357676949352026,-0.03833568096160889,0.06027691811323166
5,0.02158895879983902,-0.01783212646842003,0.06978234648704529
6,-0.07584084570407867,-0.008568708784878254,0.08775871992111206
7,-0.04821822792291641,-0.06051265448331833,0.07475852966308594
8,-0.01689458265900612,-0.08803229033946991,0.06338341534137726
9,0.018081113696098328,-0.09145224094390869,0.05360821262001991
10,0.0568000003695488,-0.07066193222999573,0.045391324907541275
11,-0.0911032110452652,-0.06509757786989212,0.18006767332553864
12,-0.050029486417770386,-0.11667199432849884,0.14936645328998566
13,-0.005255500786006451,-0.14387035369873047,0.12035062909126282
14,0.0431816428899765,-0.1469472497701645,0.09292301535606384
15,0.09543666243553162,-0.12586727738380432,0.06702429801225662
16,-0.10284300148487091,-0.12428919970989227,0.31828802824020386
17,-0.048347488045692444,-0.1754429042339325,0.269894003868103
18,0.009861387312412262,-0.20231133699417114,0.2232668399810791
19,0.07172837853431702,-0.20505943894386292,0.17817609012126923
20,0.13747303187847137,-0.18373329937458038,0.13462521135807037
21,-0.1109718456864357,-0.18614834547042847,0.5029647946357727
22,-0.04302346706390381,-0.236957848072052,0.43676578998565674
23,0.0286528542637825,-0.26355645060539246,0.3725152611732483
24,0.10397619009017944,-0.2659924328327179,0.3096572756767273
25,0.18327385187149048,-0.24443425238132477,0.24841690063476562
26,-0.07394014298915863,0.00417226180434227,0.03597504273056984
27,-0.05595797300338745,-0.042327433824539185,0.04368516802787781
28,-0.034055616706609726,-0.06291766464710236,0.053068120032548904
29,-0.00831921398639679,-0.05808369815349579,0.06409181654453278
30,0.021250717341899872,-0.02775237150490284,0.07674389332532883
31,-0.10210230946540833,-0.03956999257206917,0.08209595084190369
32,-0.06993941217660904,-0.08548590540885925,0.07116490602493286
33,-0.0338212214410305,-0.1056203544139862,0.061943378299474716
34,0.006167401093989611,-0.10035952925682068,0.054386984556913376
35,0.05009031668305397,-0.06972108036279678,0.0484132245182991
36,-0.12650242447853088,-0.08554142713546753,0.17653074860572815
37,-0.08022593706846237,-0.13097724318504333,0.14697757363319397
38,-0.02995813637971878,-0.15073175728321075,0.11918741464614868
39,0.0242233257740736,-0.14512088894844055,0.0930539146065712
40,0.08244271576404572,-0.11423493176698685,0.06847085058689117
41,-0.14712674915790558,-0.13425327837467194,0.3192957639694214
42,-0.08676964044570923,-0.17920827865600586,0.2711290121078491
43,-0.02237650752067566,-0.19860988855361938,0.22478562593460083
44,0.04595114663243294,-0.19268906116485596,0.18006010353565216
45,0.11841780692338943,-0.16161556541919708,0.1368684619665146
46,-0.1637333631515503,-0.18594861030578613,0.5109368562698364
47,-0.0893041342496872,-0.23051351308822632,0.44408583641052246
48,-0.010786369442939758,-0.24964715540409088,0.3791552186012268
49,0.0716865286231041,-0.24348101019859314,0.31574785709381104
50,0.15841513872146606,-0.2122894525527954,0.25388339161872864
51,-0.08277980983257294,-0.025109119713306427,0.03739937022328377
52,-0.06062076985836029,-0.06404181569814682,0.047493062913417816
53,-0.034528978168964386,-0.07684749364852905,0.05928249657154083
54,-0.004559330642223358,-0.0636870414018631,0.07271526008844376
55,0.029194733127951622,-0.024796336889266968,0.08765926957130432
56,-0.11916180700063705,-0.05728013068437576,0.08303745090961456
57,-0.0825863629579544,-0.09567832946777344,0.07415164262056351
58,-0.04198460280895233,-0.10799454152584076,0.06697823852300644
59,0.0025504659861326218,-0.09441216289997101,0.061450619250535965
60,0.050937071442604065,-0.055145252496004105,0.05750428885221481
61,-0.15182849764823914,-0.09205039590597153,0.178026020526886
62,-0.10088404268026352,-0.12992973625659943,0.15018710494041443
63,-0.04582342877984047,-0.14181819558143616,0.12402977794408798
64,0.01322945300489664,-0.12789317965507507,0.09951820969581604
65,0.07617747783660889,-0.08837750554084778,0.0765995979309082
66,-0.180661141872406,-0.12962692975997925,0.32238107919692993
67,-0.11535897850990295,-0.16706231236457825,0.27561408281326294
68,-0.045869436115026474,-0.1785850077867508,0.2304612696170807
69,0.027663838118314743,-0.16437195241451263,0.1869528889656067
70,0.10515741258859634,-0.12464501708745956,0.1449962705373764
71,-0.20532698929309845,-0.17036288976669312,0.5159963965415955
72,-0.12576331198215485,-0.20738424360752106,0.4504212737083435
73,-0.0419197715818882,-0.21859417855739594,0.3862587511539459
74,0.046017810702323914,-0.2041824609041214,0.3237917423248291
75,0.1379387229681015,-0.1643596738576889,0.2627473473548889
76,-0.08427958190441132,-0.04076828807592392,0.04478186368942261
77,-0.0578836090862751,-0.07173518091440201,0.05697311833500862
78,-0.027577701956033707,-0.07653198391199112,0.070865198969841
79,0.0065732188522815704,-0.05528233200311661,0.08636052161455154
80,0.04449585825204849,-0.00818934291601181,0.10336530208587646
81,-0.12843751907348633,-0.06129622831940651,0.0899038091301918
82,-0.08752568066120148,-0.09176619350910187,0.08298780024051666
83,-0.04261470586061478,-0.09609103202819824,0.07776743173599243
84,0.006203101947903633,-0.07442581653594971,0.07417352497577667
85,0.05883230268955231,-0.026946838945150375,0.07216265797615051
86,-0.16894979774951935,-0.08458457142114639,0.18475782871246338
87,-0.11354314535856247,-0.11456853896379471,0.15875175595283508
88,-0.054052673280239105,-0.11846981197595596,0.13439881801605225
89,0.009405598975718021,-0.09644865989685059,0.11166704446077347
90,0.07669864594936371,-0.048680536448955536,0.09054280072450638
91,-0.20561525225639343,-0.11083623766899109,0.3292986750602722
92,-0.13574492931365967,-0.14038440585136414,0.2842453122138977
93,-0.06172390282154083,-0.1439151167869568,0.24077126383781433
94,0.01632165163755417,-0.12160876393318176,0.1988779902458191
95,0.09823513776063919,-0.07361862063407898,0.1585760861635208
96,-0.23820723593235016,-0.1402653157711029,0.5233269929885864
97,-0.15395893156528473,-0.16940689086914062,0.4593595862388611
98,-0.06547719985246658,-0.17261341214179993,0.39678940176963806
99,0.02707846090197563,-0.15008583664894104,0.3357655704021454
100,0.12350009381771088,-0.10195555537939072,0.2762485444545746
101,-0.07859693467617035,-0.042298056185245514,0.057797640562057495
102,-0.048007987439632416,-0.06525841355323792,0.07196437567472458
103,-0.013503864407539368,-0.06203758716583252,0.08782199770212173
104,0.02482498437166214,-0.032757796347141266,0.10527334362268448
105,0.06692859530448914,0.022440776228904724,0.1242760568857193
106,-0.13038286566734314,-0.051272571086883545,0.10237154364585876
107,-0.08522657305002213,-0.07374680042266846,0.09738734364509583
108,-0.03609057888388634,-0.07007215917110443,0.09407815337181091
109,0.016922198235988617,-0.040393199771642685,0.09238232672214508
110,0.07372972369194031,0.015163905918598175,0.09228212386369705
111,-0.17855125665664673,-0.06307663768529892,0.19682911038398743
112,-0.11883842945098877,-0.08508723974227905,0.17269021272659302
113,-0.05508261173963547,-0.08100014925003052,0.15019327402114868
114,0.012603122740983963,-0.05096077919006348,0.12930841743946075
115,0.08409924805164337,0.004901565611362457,0.11004125326871872
116,-0.2229185700416565,-0.07791675627231598,0.3411124050617218
117,-0.14868119359016418,-0.0995037853717804,0.2978432774543762
118,-0.07034634053707123,-0.09504328668117523,0.25617051124572754
119,0.011966593563556671,-0.06471094489097595,0.216073676943779
120,0.09811067581176758,-0.008603811264038086,0.17760054767131805
121,-0.2633252739906311,-0.09590290486812592,0.5350432395935059
122,-0.17461803555488586,-0.1171063557267189,0.4727204740047455
123,-0.0817539170384407,-0.1123155802488327,0.41189664602279663
124,0.015131630003452301,-0.08172924071550369,0.3526068925857544
125,0.1158515214920044,-0.025415584444999695,0.29491570591926575
