1 0.0497305644719
2 0.0497786839137
3 0.0497879853302
4 0.0497941769657
5 0.0497964606754
6 0.0497964606754
7 0.0497941769657
8 0.0497879853302
9 0.0497786839137
10 0.0497305644719
11 0.0497786839137
12 0.049826205934
13 0.0498358466121
14 0.0498420989486
15 0.0498445525612
16 0.0498445525612
17 0.0498420989486
18 0.0498358466121
19 0.049826205934
20 0.0497786839137
21 0.0497879853302
22 0.0498358466121
23 0.0498468193449
24 0.0498534623203
25 0.0498560832168
26 0.0498560832168
27 0.0498534623203
28 0.0498468193449
29 0.0498358466121
30 0.0497879853302
31 0.0497941769657
32 0.0498420989486
33 0.0498534623203
34 0.0498604187741
35 0.0498631774871
36 0.0498631774871
37 0.0498604187741
38 0.0498534623203
39 0.0498420989486
40 0.0497941769657
41 0.0497964606754
42 0.0498445525612
43 0.0498560832168
44 0.0498631774871
45 0.0498660112673
46 0.0498660112673
47 0.0498631774871
48 0.0498560832168
49 0.0498445525612
50 0.0497964606754
51 0.0497964606754
52 0.0498445525612
53 0.0498560832168
54 0.0498631774871
55 0.0498660112673
56 0.0498660112673
57 0.0498631774871
58 0.0498560832168
59 0.0498445525612
60 0.0497964606754
61 0.0497941769657
62 0.0498420989486
63 0.0498534623203
64 0.0498604187741
65 0.0498631774871
66 0.0498631774871
67 0.0498604187741
68 0.0498534623203
69 0.0498420989486
70 0.0497941769657
71 0.0497879853302
72 0.0498358466121
73 0.0498468193449
74 0.0498534623203
75 0.0498560832168
76 0.0498560832168
77 0.0498534623203
78 0.0498468193449
79 0.0498358466121
80 0.0497879853302
81 0.0497786839137
82 0.049826205934
83 0.0498358466121
84 0.0498420989486
85 0.0498445525612
86 0.0498445525612
87 0.0498420989486
88 0.0498358466121
89 0.049826205934
90 0.0497786839137
91 0.0497305644719
92 0.0497786839137
93 0.0497879853302
94 0.0497941769657
95 0.0497964606754
96 0.0497964606754
97 0.0497941769657
98 0.0497879853302
99 0.0497786839137
100 0.0497305644719
101 0.149027210326
102 0.149155593659
103 0.149197940271
104 0.149221692429
105 0.149231697207
106 0.149231697207
107 0.149221692429
108 0.149197940271
109 0.149155593659
110 0.149027210326
111 0.149155593659
112 0.149281868209
113 0.149324657125
114 0.149348242117
115 0.149358502125
116 0.149358502125
117 0.149348242117
118 0.149324657125
119 0.149281868209
120 0.149155593659
121 0.149197940271
122 0.149324657125
123 0.149371771105
124 0.149396936401
125 0.149407860084
126 0.149407860084
127 0.149396936401
128 0.149371771105
129 0.149324657125
130 0.149197940271
131 0.149221692429
132 0.149348242117
133 0.149396936401
134 0.149423355845
135 0.149434836849
136 0.149434836849
137 0.149423355845
138 0.149396936401
139 0.149348242117
140 0.149221692429
141 0.149231697207
142 0.149358502125
143 0.149407860084
144 0.149434836849
145 0.149446623309
146 0.149446623309
147 0.149434836849
148 0.149407860084
149 0.149358502125
150 0.149231697207
151 0.149231697207
152 0.149358502125
153 0.149407860084
154 0.149434836849
155 0.149446623309
156 0.149446623309
157 0.149434836849
158 0.149407860084
159 0.149358502125
160 0.149231697207
161 0.149221692429
162 0.149348242117
163 0.149396936401
164 0.149423355845
165 0.149434836849
166 0.149434836849
167 0.149423355845
168 0.149396936401
169 0.149348242117
170 0.149221692429
171 0.149197940271
172 0.149324657125
173 0.149371771105
174 0.149396936401
175 0.149407860084
176 0.149407860084
177 0.149396936401
178 0.149371771105
179 0.149324657125
180 0.149197940271
181 0.149155593659
182 0.149281868209
183 0.149324657125
184 0.149348242117
185 0.149358502125
186 0.149358502125
187 0.149348242117
188 0.149324657125
189 0.149281868209
190 0.149155593659
191 0.149027210326
192 0.149155593659
193 0.149197940271
194 0.149221692429
195 0.149231697207
196 0.149231697207
197 0.149221692429
198 0.149197940271
199 0.149155593659
200 0.149027210326
201 0.248150026208
202 0.248309055609
203 0.248388825025
204 0.248433245399
205 0.248453463915
206 0.248453463915
207 0.248433245399
208 0.248388825025
209 0.248309055609
210 0.248150026208
211 0.248309055609
212 0.248465704165
213 0.248545335778
214 0.248589366794
215 0.248609586084
216 0.248609586084
217 0.248589366794
218 0.248545335778
219 0.248465704165
220 0.248309055609
221 0.248388825025
222 0.248545335778
223 0.248629728108
224 0.248676231
225 0.248697466529
226 0.248697466529
227 0.248676231
228 0.248629728108
229 0.248545335778
230 0.248388825025
231 0.248433245399
232 0.248589366794
233 0.248676231
234 0.248724871506
235 0.248747093297
236 0.248747093297
237 0.248724871506
238 0.248676231
239 0.248589366794
240 0.248433245399
241 0.248453463915
242 0.248609586084
243 0.248697466529
244 0.248747093297
245 0.24876986081
246 0.24876986081
247 0.248747093297
248 0.248697466529
249 0.248609586084
250 0.248453463915
251 0.248453463915
252 0.248609586084
253 0.248697466529
254 0.248747093297
255 0.24876986081
256 0.24876986081
257 0.248747093297
258 0.248697466529
259 0.248609586084
260 0.248453463915
261 0.248433245399
262 0.248589366794
263 0.248676231
264 0.248724871506
265 0.248747093297
266 0.248747093297
267 0.248724871506
268 0.248676231
269 0.248589366794
270 0.248433245399
271 0.248388825025
272 0.248545335778
273 0.248629728108
274 0.248676231
275 0.248697466529
276 0.248697466529
277 0.248676231
278 0.248629728108
279 0.248545335778
280 0.248388825025
281 0.248309055609
282 0.248465704165
283 0.248545335778
284 0.248589366794
285 0.248609586084
286 0.248609586084
287 0.248589366794
288 0.248545335778
289 0.248465704165
290 0.248309055609
291 0.248150026208
292 0.248309055609
293 0.248388825025
294 0.248433245399
295 0.248453463915
296 0.248453463915
297 0.248433245399
298 0.248388825025
299 0.248309055609
300 0.248150026208
301 0.347262455553
302 0.347406180865
303 0.347500951256
304 0.347558486116
305 0.347585964719
306 0.347585964719
307 0.347558486116
308 0.347500951256
309 0.347406180865
310 0.347262455553
311 0.347406180865
312 0.347548776713
313 0.34764316226
314 0.347700492621
315 0.347727794316
316 0.347727794316
317 0.347700492621
318 0.34764316226
319 0.347548776713
320 0.347406180865
321 0.347500951256
322 0.34764316226
323 0.347739961329
324 0.34779946317
325 0.34782774148
326 0.34782774148
327 0.34779946317
328 0.347739961329
329 0.34764316226
330 0.347500951256
331 0.347558486116
332 0.347700492621
333 0.34779946317
334 0.347861133976
335 0.347890511105
336 0.347890511105
337 0.347861133976
338 0.34779946317
339 0.347700492621
340 0.347558486116
341 0.347585964719
342 0.347727794316
343 0.34782774148
344 0.347890511105
345 0.347920520686
346 0.347920520686
347 0.347890511105
348 0.34782774148
349 0.347727794316
350 0.347585964719
351 0.347585964719
352 0.347727794316
353 0.34782774148
354 0.347890511105
355 0.347920520686
356 0.347920520686
357 0.347890511105
358 0.34782774148
359 0.347727794316
360 0.347585964719
361 0.347558486116
362 0.347700492621
363 0.34779946317
364 0.347861133976
365 0.347890511105
366 0.347890511105
367 0.347861133976
368 0.34779946317
369 0.347700492621
370 0.347558486116
371 0.347500951256
372 0.34764316226
373 0.347739961329
374 0.34779946317
375 0.34782774148
376 0.34782774148
377 0.34779946317
378 0.347739961329
379 0.34764316226
380 0.347500951256
381 0.347406180865
382 0.347548776713
383 0.34764316226
384 0.347700492621
385 0.347727794316
386 0.347727794316
387 0.347700492621
388 0.34764316226
389 0.347548776713
390 0.347406180865
391 0.347262455553
392 0.347406180865
393 0.347500951256
394 0.347558486116
395 0.347585964719
396 0.347585964719
397 0.347558486116
398 0.347500951256
399 0.347406180865
400 0.347262455553
401 0.446366934183
402 0.446481646406
403 0.44657255137
404 0.446633159267
405 0.446663408603
406 0.446663408603
407 0.446633159267
408 0.44657255137
409 0.446481646406
410 0.446366934183
411 0.446481646406
412 0.446595945043
413 0.446686621133
414 0.446747162202
415 0.446777242005
416 0.446777242005
417 0.446747162202
418 0.446686621133
419 0.446595945043
420 0.446481646406
421 0.44657255137
422 0.446686621133
423 0.446778151916
424 0.446840116703
425 0.446870996953
426 0.446870996953
427 0.446840116703
428 0.446778151916
429 0.446686621133
430 0.44657255137
431 0.446633159267
432 0.446747162202
433 0.446840116703
434 0.446903701119
435 0.446935519815
436 0.446935519815
437 0.446903701119
438 0.446840116703
439 0.446747162202
440 0.446633159267
441 0.446663408603
442 0.446777242005
443 0.446870996953
444 0.446935519815
445 0.446967907546
446 0.446967907546
447 0.446935519815
448 0.446870996953
449 0.446777242005
450 0.446663408603
451 0.446663408603
452 0.446777242005
453 0.446870996953
454 0.446935519815
455 0.446967907546
456 0.446967907546
457 0.446935519815
458 0.446870996953
459 0.446777242005
460 0.446663408603
461 0.446633159267
462 0.446747162202
463 0.446840116703
464 0.446903701119
465 0.446935519815
466 0.446935519815
467 0.446903701119
468 0.446840116703
469 0.446747162202
470 0.446633159267
471 0.44657255137
472 0.446686621133
473 0.446778151916
474 0.446840116703
475 0.446870996953
476 0.446870996953
477 0.446840116703
478 0.446778151916
479 0.446686621133
480 0.44657255137
481 0.446481646406
482 0.446595945043
483 0.446686621133
484 0.446747162202
485 0.446777242005
486 0.446777242005
487 0.446747162202
488 0.446686621133
489 0.446595945043
490 0.446481646406
491 0.446366934183
492 0.446481646406
493 0.44657255137
494 0.446633159267
495 0.446663408603
496 0.446663408603
497 0.446633159267
498 0.44657255137
499 0.446481646406
500 0.446366934183
501 0.545453743796
502 0.545540676328
503 0.545619355181
504 0.545676147326
505 0.545705632989
506 0.545705632989
507 0.545676147326
508 0.545619355181
509 0.545540676328
510 0.545453743796
511 0.545540676328
512 0.545627166002
513 0.545705593628
514 0.545762254921
515 0.545791560442
516 0.545791560442
517 0.545762254921
518 0.545705593628
519 0.545627166002
520 0.545540676328
521 0.545619355181
522 0.545705593628
523 0.545784293881
524 0.545841805103
525 0.545871684813
526 0.545871684813
527 0.545841805103
528 0.545784293881
529 0.545705593628
530 0.545619355181
531 0.545676147326
532 0.545762254921
533 0.545841805103
534 0.545900376993
535 0.545930945862
536 0.545930945862
537 0.545900376993
538 0.545841805103
539 0.545762254921
540 0.545676147326
541 0.545705632989
542 0.545791560442
543 0.545871684813
544 0.545930945862
545 0.545961945644
546 0.545961945644
547 0.545930945862
548 0.545871684813
549 0.545791560442
550 0.545705632989
551 0.545705632989
552 0.545791560442
553 0.545871684813
554 0.545930945862
555 0.545961945644
556 0.545961945644
557 0.545930945862
558 0.545871684813
559 0.545791560442
560 0.545705632989
561 0.545676147326
562 0.545762254921
563 0.545841805103
564 0.545900376993
565 0.545930945862
566 0.545930945862
567 0.545900376993
568 0.545841805103
569 0.545762254921
570 0.545676147326
571 0.545619355181
572 0.545705593628
573 0.545784293881
574 0.545841805103
575 0.545871684813
576 0.545871684813
577 0.545841805103
578 0.545784293881
579 0.545705593628
580 0.545619355181
581 0.545540676328
582 0.545627166002
583 0.545705593628
584 0.545762254921
585 0.545791560442
586 0.545791560442
587 0.545762254921
588 0.545705593628
589 0.545627166002
590 0.545540676328
591 0.545453743796
592 0.545540676328
593 0.545619355181
594 0.545676147326
595 0.545705632989
596 0.545705632989
597 0.545676147326
598 0.545619355181
599 0.545540676328
600 0.545453743796
601 0.644518154482
602 0.644583554607
603 0.64464880189
604 0.64469892854
605 0.644725833265
606 0.644725833265
607 0.64469892854
608 0.64464880189
609 0.644583554607
610 0.644518154482
611 0.644583554607
612 0.644648176275
613 0.644712917618
614 0.64476267701
615 0.644789303596
616 0.644789303596
617 0.64476267701
618 0.644712917618
619 0.644648176275
620 0.644583554607
621 0.64464880189
622 0.644712917618
623 0.644777692203
624 0.644827935595
625 0.644854927508
626 0.644854927508
627 0.644827935595
628 0.644777692203
629 0.644712917618
630 0.64464880189
631 0.64469892854
632 0.64476267701
633 0.644827935595
634 0.644878862405
635 0.644906331204
636 0.644906331204
637 0.644878862405
638 0.644827935595
639 0.64476267701
640 0.64469892854
641 0.644725833265
642 0.644789303596
643 0.644854927508
644 0.644906331204
645 0.644934105287
646 0.644934105287
647 0.644906331204
648 0.644854927508
649 0.644789303596
650 0.644725833265
651 0.644725833265
652 0.644789303596
653 0.644854927508
654 0.644906331204
655 0.644934105287
656 0.644934105287
657 0.644906331204
658 0.644854927508
659 0.644789303596
660 0.644725833265
661 0.64469892854
662 0.64476267701
663 0.644827935595
664 0.644878862405
665 0.644906331204
666 0.644906331204
667 0.644878862405
668 0.644827935595
669 0.64476267701
670 0.64469892854
671 0.64464880189
672 0.644712917618
673 0.644777692203
674 0.644827935595
675 0.644854927508
676 0.644854927508
677 0.644827935595
678 0.644777692203
679 0.644712917618
680 0.64464880189
681 0.644583554607
682 0.644648176275
683 0.644712917618
684 0.64476267701
685 0.644789303596
686 0.644789303596
687 0.64476267701
688 0.644712917618
689 0.644648176275
690 0.644583554607
691 0.644518154482
692 0.644583554607
693 0.64464880189
694 0.64469892854
695 0.644725833265
696 0.644725833265
697 0.64469892854
698 0.64464880189
699 0.644583554607
700 0.644518154482
701 0.743560244749
702 0.74361107066
703 0.743665094358
704 0.74370851357
705 0.743732429501
706 0.743732429501
707 0.74370851357
708 0.743665094358
709 0.74361107066
710 0.743560244749
711 0.74361107066
712 0.743660703498
713 0.743713819782
714 0.743756508116
715 0.743779957072
716 0.743779957072
717 0.743756508116
718 0.743713819782
719 0.743660703498
720 0.74361107066
721 0.743665094358
722 0.743713819782
723 0.743766758012
724 0.743809652708
725 0.743833283688
726 0.743833283688
727 0.743809652708
728 0.743766758012
729 0.743713819782
730 0.743665094358
731 0.74370851357
732 0.743756508116
733 0.743809652708
734 0.743852990249
735 0.743876945633
736 0.743876945633
737 0.743852990249
738 0.743809652708
739 0.743756508116
740 0.74370851357
741 0.743732429501
742 0.743779957072
743 0.743833283688
744 0.743876945633
745 0.743901116424
746 0.743901116424
747 0.743876945633
748 0.743833283688
749 0.743779957072
750 0.743732429501
751 0.743732429501
752 0.743779957072
753 0.743833283688
754 0.743876945633
755 0.743901116424
756 0.743901116424
757 0.743876945633
758 0.743833283688
759 0.743779957072
760 0.743732429501
761 0.74370851357
762 0.743756508116
763 0.743809652708
764 0.743852990249
765 0.743876945633
766 0.743876945633
767 0.743852990249
768 0.743809652708
769 0.743756508116
770 0.74370851357
771 0.743665094358
772 0.743713819782
773 0.743766758012
774 0.743809652708
775 0.743833283688
776 0.743833283688
777 0.743809652708
778 0.743766758012
779 0.743713819782
780 0.743665094358
781 0.74361107066
782 0.743660703498
783 0.743713819782
784 0.743756508116
785 0.743779957072
786 0.743779957072
787 0.743756508116
788 0.743713819782
789 0.743660703498
790 0.74361107066
791 0.743560244749
792 0.74361107066
793 0.743665094358
794 0.74370851357
795 0.743732429501
796 0.743732429501
797 0.74370851357
798 0.743665094358
799 0.74361107066
800 0.743560244749
801 0.84258315106
802 0.842625217249
803 0.842671029185
804 0.842708902192
805 0.84273013643
806 0.84273013643
807 0.842708902192
808 0.842671029185
809 0.842625217249
810 0.84258315106
811 0.842625217249
812 0.842665648788
813 0.842710049501
814 0.842746702798
815 0.842767186287
816 0.842767186287
817 0.842746702798
818 0.842710049501
819 0.842665648788
820 0.842625217249
821 0.842671029185
822 0.842710049501
823 0.842753994021
824 0.842790564876
825 0.842811044466
826 0.842811044466
827 0.842790564876
828 0.842753994021
829 0.842710049501
830 0.842671029185
831 0.842708902192
832 0.842746702798
833 0.842790564876
834 0.842827356817
835 0.842848020843
836 0.842848020843
837 0.842827356817
838 0.842790564876
839 0.842746702798
840 0.842708902192
841 0.84273013643
842 0.842767186287
843 0.842811044466
844 0.842848020843
845 0.842868818656
846 0.842868818656
847 0.842848020843
848 0.842811044466
849 0.842767186287
850 0.84273013643
851 0.84273013643
852 0.842767186287
853 0.842811044466
854 0.842848020843
855 0.842868818656
856 0.842868818656
857 0.842848020843
858 0.842811044466
859 0.842767186287
860 0.84273013643
861 0.842708902192
862 0.842746702798
863 0.842790564876
864 0.842827356817
865 0.842848020843
866 0.842848020843
867 0.842827356817
868 0.842790564876
869 0.842746702798
870 0.842708902192
871 0.842671029185
872 0.842710049501
873 0.842753994021
874 0.842790564876
875 0.842811044466
876 0.842811044466
877 0.842790564876
878 0.842753994021
879 0.842710049501
880 0.842671029185
881 0.842625217249
882 0.842665648788
883 0.842710049501
884 0.842746702798
885 0.842767186287
886 0.842767186287
887 0.842746702798
888 0.842710049501
889 0.842665648788
890 0.842625217249
891 0.84258315106
892 0.842625217249
893 0.842671029185
894 0.842708902192
895 0.84273013643
896 0.84273013643
897 0.842708902192
898 0.842671029185
899 0.842625217249
900 0.84258315106
901 0.941592642163
902 0.941629559192
903 0.941669226311
904 0.94170244067
905 0.941721246808
906 0.941721246808
907 0.94170244067
908 0.941669226311
909 0.941629559192
910 0.941592642163
911 0.941629559192
912 0.941664323417
913 0.941701890721
914 0.941733192595
915 0.941750829714
916 0.941750829714
917 0.941733192595
918 0.941701890721
919 0.941664323417
920 0.941629559192
921 0.941669226311
922 0.941701890721
923 0.941738475326
924 0.941769221001
925 0.941786577552
926 0.941786577552
927 0.941769221001
928 0.941738475326
929 0.941701890721
930 0.941669226311
931 0.94170244067
932 0.941733192595
933 0.941769221001
934 0.941799802879
935 0.94181712174
936 0.94181712174
937 0.941799802879
938 0.941769221001
939 0.941733192595
940 0.94170244067
941 0.941721246808
942 0.941750829714
943 0.941786577552
944 0.94181712174
945 0.94183444931
946 0.94183444931
947 0.94181712174
948 0.941786577552
949 0.941750829714
950 0.941721246808
951 0.941721246808
952 0.941750829714
953 0.941786577552
954 0.94181712174
955 0.94183444931
956 0.94183444931
957 0.94181712174
958 0.941786577552
959 0.941750829714
960 0.941721246808
961 0.94170244067
962 0.941733192595
963 0.941769221001
964 0.941799802879
965 0.94181712174
966 0.94181712174
967 0.941799802879
968 0.941769221001
969 0.941733192595
970 0.94170244067
971 0.941669226311
972 0.941701890721
973 0.941738475326
974 0.941769221001
975 0.941786577552
976 0.941786577552
977 0.941769221001
978 0.941738475326
979 0.941701890721
980 0.941669226311
981 0.941629559192
982 0.941664323417
983 0.941701890721
984 0.941733192595
985 0.941750829714
986 0.941750829714
987 0.941733192595
988 0.941701890721
989 0.941664323417
990 0.941629559192
991 0.941592642163
992 0.941629559192
993 0.941669226311
994 0.94170244067
995 0.941721246808
996 0.941721246808
997 0.94170244067
998 0.941669226311
999 0.941629559192
1000 0.941592642163