1,0,0,0
2,0,0,0
3,0,0,0
4,0,0,0
5,-0.00247806,-0.00247806,-0.0089377
6,0.00247806,-0.00247806,-0.0089377
7,0.00247806,0.00247806,-0.0089377
8,-0.00247806,0.00247806,-0.0089377
9,0,0,0
10,0,0,0
11,0,0,0
12,0,0,0
13,0,0,0
14,0,0,0
15,0,0,0
16,0,0,0
17,0,0,0
18,0.00127483,-0.00127483,-0.000712988
19,0.00175428,-0.00175428,-0.0016431
20,0.00202566,-0.00202566,-0.002491
21,0.00219209,-0.00219209,-0.00332712
22,0.00229377,-0.00229377,-0.00418612
23,0.00235628,-0.00235628,-0.00507916
24,0.00239597,-0.00239597,-0.00600655
25,0.00242408,-0.00242408,-0.00696401
26,0.0024488,-0.0024488,-0.00794454
27,0.00199562,-0.00247712,-0.00890458
28,0.00150784,-0.00247269,-0.00886541
29,0.00101184,-0.00246593,-0.00882738
30,0.000508167,-0.00246007,-0.00879996
31,-1.74856e-16,-0.00245778,-0.00879
32,-0.000508167,-0.00246007,-0.00879996
33,-0.00101184,-0.00246593,-0.00882738
34,-0.00150784,-0.00247269,-0.00886541
35,-0.00199562,-0.00247712,-0.00890458
36,-0.0024488,-0.0024488,-0.00794454
37,-0.00242408,-0.00242408,-0.00696401
38,-0.00239597,-0.00239597,-0.00600655
39,-0.00235628,-0.00235628,-0.00507916
40,-0.00229377,-0.00229377,-0.00418612
41,-0.00219209,-0.00219209,-0.00332712
42,-0.00202566,-0.00202566,-0.002491
43,-0.00175428,-0.00175428,-0.0016431
44,-0.00127483,-0.00127483,-0.000712988
45,0,0,0
46,0,0,0
47,0,0,0
48,0,0,0
49,0,0,0
50,0,0,0
51,0,0,0
52,0,0,0
53,0,0,0
54,0.00127483,0.00127483,-0.000712988
55,0.00175428,0.00175428,-0.0016431
56,0.00202566,0.00202566,-0.002491
57,0.00219209,0.00219209,-0.00332712
58,0.00229377,0.00229377,-0.00418612
59,0.00235628,0.00235628,-0.00507916
60,0.00239597,0.00239597,-0.00600655
61,0.00242408,0.00242408,-0.00696401
62,0.0024488,0.0024488,-0.00794454
63,0.00247712,0.00199562,-0.00890458
64,0.00247269,0.00150784,-0.00886541
65,0.00246593,0.00101184,-0.00882738
66,0.00246007,0.000508167,-0.00879996
67,0.00245778,7.55883e-17,-0.00879
68,0.00246007,-0.000508167,-0.00879996
69,0.00246593,-0.00101184,-0.00882738
70,0.00247269,-0.00150784,-0.00886541
71,0.00247712,-0.00199562,-0.00890458
72,0,0,0
73,0,0,0
74,0,0,0
75,0,0,0
76,0,0,0
77,0,0,0
78,0,0,0
79,0,0,0
80,0,0,0
81,-0.00127483,0.00127483,-0.000712988
82,-0.00175428,0.00175428,-0.0016431
83,-0.00202566,0.00202566,-0.002491
84,-0.00219209,0.00219209,-0.00332712
85,-0.00229377,0.00229377,-0.00418612
86,-0.00235628,0.00235628,-0.00507916
87,-0.00239597,0.00239597,-0.00600655
88,-0.00242408,0.00242408,-0.00696401
89,-0.0024488,0.0024488,-0.00794454
90,-0.00199562,0.00247712,-0.00890458
91,-0.00150784,0.00247269,-0.00886541
92,-0.00101184,0.00246593,-0.00882738
93,-0.000508167,0.00246007,-0.00879996
94,8.39404e-18,0.00245778,-0.00879
95,0.000508167,0.00246007,-0.00879996
96,0.00101184,0.00246593,-0.00882738
97,0.00150784,0.00247269,-0.00886541
98,0.00199562,0.00247712,-0.00890458
99,0,0,0
100,0,0,0
101,0,0,0
102,0,0,0
103,0,0,0
104,0,0,0
105,0,0,0
106,0,0,0
107,0,0,0
108,-0.00247712,-0.00199562,-0.00890458
109,-0.00247269,-0.00150784,-0.00886541
110,-0.00246593,-0.00101184,-0.00882738
111,-0.00246007,-0.000508167,-0.00879996
112,-0.00245778,-6.0172e-17,-0.00879
113,-0.00246007,0.000508167,-0.00879996
114,-0.00246593,0.00101184,-0.00882738
115,-0.00247269,0.00150784,-0.00886541
116,-0.00247712,0.00199562,-0.00890458
117,-0.000849201,-0.00117163,-0.00053797
118,-0.000561238,-0.0012519,-0.000516479
119,-0.000348154,-0.00130239,-0.000497822
120,-0.000167593,-0.00133127,-0.00049123
121,-3.0841e-17,-0.00134051,-0.000489019
122,0.000167593,-0.00133127,-0.00049123
123,0.000348154,-0.00130239,-0.000497822
124,0.000561238,-0.0012519,-0.000516479
125,0.000849201,-0.00117163,-0.00053797
126,-0.00133742,-0.00178328,-0.00140575
127,-0.000950671,-0.00180273,-0.00131445
128,-0.000609857,-0.00185687,-0.00126526
129,-0.00029812,-0.00189041,-0.00124102
130,-3.14561e-17,-0.00190225,-0.00123371
131,0.00029812,-0.00189041,-0.00124102
132,0.000609857,-0.00185687,-0.00126526
133,0.000950671,-0.00180273,-0.00131445
134,0.00133742,-0.00178328,-0.00140575
135,-0.00161551,-0.00208217,-0.00229313
136,-0.00119531,-0.00211032,-0.00217312
137,-0.000784803,-0.00214618,-0.00210179
138,-0.000388313,-0.00217487,-0.00206297
139,-3.30636e-17,-0.002185,-0.0020507
140,0.000388313,-0.00217487,-0.00206297
141,0.000784803,-0.00214618,-0.00210179
142,0.00119531,-0.00211032,-0.00217312
143,0.00161551,-0.00208217,-0.00229313
144,-0.00177451,-0.0022398,-0.00318181
145,-0.00133542,-0.00227278,-0.00306691
146,-0.000888703,-0.002302,-0.00298864
147,-0.000443219,-0.00232337,-0.00294276
148,-2.16726e-17,-0.00233125,-0.0029277
149,0.000443219,-0.00232337,-0.00294276
150,0.000888703,-0.002302,-0.00298864
151,0.00133542,-0.00227278,-0.00306691
152,0.00177451,-0.0022398,-0.00318181
153,-0.00186265,-0.00232749,-0.00408408
154,-0.00141053,-0.00235721,-0.00398693
155,-0.000944621,-0.00238152,-0.00391259
156,-0.000473128,-0.00239795,-0.00386637
157,-5.08764e-17,-0.00240379,-0.00385073
158,0.000473128,-0.00239795,-0.00386637
159,0.000944621,-0.00238152,-0.00391259
160,0.00141053,-0.00235721,-0.00398693
161,0.00186265,-0.00232749,-0.00408408
162,-0.00191031,-0.00237763,-0.0050079
163,-0.00144777,-0.00240034,-0.00492979
164,-0.000971478,-0.0024192,-0.00486429
165,-0.000487387,-0.00243148,-0.00482151
166,-5.72666e-17,-0.00243575,-0.0048067
167,0.000487387,-0.00243148,-0.00482151
168,0.000971478,-0.0024192,-0.00486429
169,0.00144777,-0.00240034,-0.00492979
170,0.00191031,-0.00237763,-0.0050079
171,-0.00193623,-0.00240797,-0.00595507
172,-0.00146502,-0.00242301,-0.00589253
173,-0.000982713,-0.00243588,-0.00583641
174,-0.000493089,-0.00244413,-0.00579827
175,-9.14703e-17,-0.00244696,-0.00578483
176,0.000493089,-0.00244413,-0.00579827
177,0.000982713,-0.00243588,-0.00583641
178,0.00146502,-0.00242301,-0.00589253
179,0.00193623,-0.00240797,-0.00595507
180,-0.00195281,-0.00242952,-0.00692362
181,-0.00147433,-0.00243768,-0.00687201
182,-0.000987812,-0.00244448,-0.00682358
183,-0.000495393,-0.00244869,-0.00678968
184,-8.38202e-17,-0.00245009,-0.00677757
185,0.000495393,-0.00244869,-0.00678968
186,0.000987812,-0.00244448,-0.00682358
187,0.00147433,-0.00243768,-0.00687201
188,0.00195281,-0.00242952,-0.00692362
189,-0.00196936,-0.00245027,-0.00790919
190,-0.00148485,-0.00245235,-0.00786468
191,-0.0009941,-0.00245323,-0.00782186
192,-0.000498387,-0.00245329,-0.00779132
193,-1.56004e-16,-0.00245321,-0.0077803
194,0.000498387,-0.00245329,-0.00779132
195,0.0009941,-0.00245323,-0.00782186
196,0.00148485,-0.00245235,-0.00786468
197,0.00196936,-0.00245027,-0.00790919
198,0.00117163,-0.000849201,-0.00053797
199,0.0012519,-0.000561238,-0.000516479
200,0.00130239,-0.000348154,-0.000497822
201,0.00133127,-0.000167593,-0.00049123
202,0.00134051,2.34058e-18,-0.000489019
203,0.00133127,0.000167593,-0.00049123
204,0.00130239,0.000348154,-0.000497822
205,0.0012519,0.000561238,-0.000516479
206,0.00117163,0.000849201,-0.00053797
207,0.00178328,-0.00133742,-0.00140575
208,0.00180273,-0.000950671,-0.00131445
209,0.00185687,-0.000609857,-0.00126526
210,0.00189041,-0.00029812,-0.00124102
211,0.00190225,1.04848e-17,-0.00123371
212,0.00189041,0.00029812,-0.00124102
213,0.00185687,0.000609857,-0.00126526
214,0.00180273,0.000950671,-0.00131445
215,0.00178328,0.00133742,-0.00140575
216,0.00208217,-0.00161551,-0.00229313
217,0.00211032,-0.00119531,-0.00217312
218,0.00214618,-0.000784803,-0.00210179
219,0.00217487,-0.000388313,-0.00206297
220,0.002185,9.76097e-18,-0.0020507
221,0.00217487,0.000388313,-0.00206297
222,0.00214618,0.000784803,-0.00210179
223,0.00211032,0.00119531,-0.00217312
224,0.00208217,0.00161551,-0.00229313
225,0.0022398,-0.00177451,-0.00318181
226,0.00227278,-0.00133542,-0.00306691
227,0.002302,-0.000888703,-0.00298864
228,0.00232337,-0.000443219,-0.00294276
229,0.00233125,2.75004e-17,-0.0029277
230,0.00232337,0.000443219,-0.00294276
231,0.002302,0.000888703,-0.00298864
232,0.00227278,0.00133542,-0.00306691
233,0.0022398,0.00177451,-0.00318181
234,0.00232749,-0.00186265,-0.00408408
235,0.00235721,-0.00141053,-0.00398693
236,0.00238152,-0.000944621,-0.00391259
237,0.00239795,-0.000473128,-0.00386637
238,0.00240379,5.63099e-17,-0.00385073
239,0.00239795,0.000473128,-0.00386637
240,0.00238152,0.000944621,-0.00391259
241,0.00235721,0.00141053,-0.00398693
242,0.00232749,0.00186265,-0.00408408
243,0.00237763,-0.00191031,-0.0050079
244,0.00240034,-0.00144777,-0.00492979
245,0.0024192,-0.000971478,-0.00486429
246,0.00243148,-0.000487387,-0.00482151
247,0.00243575,8.95936e-17,-0.0048067
248,0.00243148,0.000487387,-0.00482151
249,0.0024192,0.000971478,-0.00486429
250,0.00240034,0.00144777,-0.00492979
251,0.00237763,0.00191031,-0.0050079
252,0.00240797,-0.00193623,-0.00595507
253,0.00242301,-0.00146502,-0.00589253
254,0.00243588,-0.000982713,-0.00583641
255,0.00244413,-0.000493089,-0.00579827
256,0.00244696,1.01668e-16,-0.00578483
257,0.00244413,0.000493089,-0.00579827
258,0.00243588,0.000982713,-0.00583641
259,0.00242301,0.00146502,-0.00589253
260,0.00240797,0.00193623,-0.00595507
261,0.00242952,-0.00195281,-0.00692362
262,0.00243768,-0.00147433,-0.00687201
263,0.00244448,-0.000987812,-0.00682358
264,0.00244869,-0.000495393,-0.00678968
265,0.00245009,7.91652e-17,-0.00677757
266,0.00244869,0.000495393,-0.00678968
267,0.00244448,0.000987812,-0.00682358
268,0.00243768,0.00147433,-0.00687201
269,0.00242952,0.00195281,-0.00692362
270,0.00245027,-0.00196936,-0.00790919
271,0.00245235,-0.00148485,-0.00786468
272,0.00245323,-0.0009941,-0.00782186
273,0.00245329,-0.000498387,-0.00779132
274,0.00245321,1.35457e-16,-0.0077803
275,0.00245329,0.000498387,-0.00779132
276,0.00245323,0.0009941,-0.00782186
277,0.00245235,0.00148485,-0.00786468
278,0.00245027,0.00196936,-0.00790919
279,0.000849201,0.00117163,-0.00053797
280,0.000561238,0.0012519,-0.000516479
281,0.000348154,0.00130239,-0.000497822
282,0.000167593,0.00133127,-0.00049123
283,6.33238e-18,0.00134051,-0.000489019
284,-0.000167593,0.00133127,-0.00049123
285,-0.000348154,0.00130239,-0.000497822
286,-0.000561238,0.0012519,-0.000516479
287,-0.000849201,0.00117163,-0.00053797
288,0.00133742,0.00178328,-0.00140575
289,0.000950671,0.00180273,-0.00131445
290,0.000609857,0.00185687,-0.00126526
291,0.00029812,0.00189041,-0.00124102
292,1.11728e-17,0.00190225,-0.00123371
293,-0.00029812,0.00189041,-0.00124102
294,-0.000609857,0.00185687,-0.00126526
295,-0.000950671,0.00180273,-0.00131445
296,-0.00133742,0.00178328,-0.00140575
297,0.00161551,0.00208217,-0.00229313
298,0.00119531,0.00211032,-0.00217312
299,0.000784803,0.00214618,-0.00210179
300,0.000388313,0.00217487,-0.00206297
301,2.9431e-17,0.002185,-0.0020507
302,-0.000388313,0.00217487,-0.00206297
303,-0.000784803,0.00214618,-0.00210179
304,-0.00119531,0.00211032,-0.00217312
305,-0.00161551,0.00208217,-0.00229313
306,0.00177451,0.0022398,-0.00318181
307,0.00133542,0.00227278,-0.00306691
308,0.000888703,0.002302,-0.00298864
309,0.000443219,0.00232337,-0.00294276
310,4.22658e-17,0.00233125,-0.0029277
311,-0.000443219,0.00232337,-0.00294276
312,-0.000888703,0.002302,-0.00298864
313,-0.00133542,0.00227278,-0.00306691
314,-0.00177451,0.0022398,-0.00318181
315,0.00186265,0.00232749,-0.00408408
316,0.00141053,0.00235721,-0.00398693
317,0.000944621,0.00238152,-0.00391259
318,0.000473128,0.00239795,-0.00386637
319,1.8368e-17,0.00240379,-0.00385073
320,-0.000473128,0.00239795,-0.00386637
321,-0.000944621,0.00238152,-0.00391259
322,-0.00141053,0.00235721,-0.00398693
323,-0.00186265,0.00232749,-0.00408408
324,0.00191031,0.00237763,-0.0050079
325,0.00144777,0.00240034,-0.00492979
326,0.000971478,0.0024192,-0.00486429
327,0.000487387,0.00243148,-0.00482151
328,3.1802e-17,0.00243575,-0.0048067
329,-0.000487387,0.00243148,-0.00482151
330,-0.000971478,0.0024192,-0.00486429
331,-0.00144777,0.00240034,-0.00492979
332,-0.00191031,0.00237763,-0.0050079
333,0.00193623,0.00240797,-0.00595507
334,0.00146502,0.00242301,-0.00589253
335,0.000982713,0.00243588,-0.00583641
336,0.000493089,0.00244413,-0.00579827
337,4.72985e-17,0.00244696,-0.00578483
338,-0.000493089,0.00244413,-0.00579827
339,-0.000982713,0.00243588,-0.00583641
340,-0.00146502,0.00242301,-0.00589253
341,-0.00193623,0.00240797,-0.00595507
342,0.00195281,0.00242952,-0.00692362
343,0.00147433,0.00243768,-0.00687201
344,0.000987812,0.00244448,-0.00682358
345,0.000495393,0.00244869,-0.00678968
346,8.52363e-17,0.00245009,-0.00677757
347,-0.000495393,0.00244869,-0.00678968
348,-0.000987812,0.00244448,-0.00682358
349,-0.00147433,0.00243768,-0.00687201
350,-0.00195281,0.00242952,-0.00692362
351,0.00196936,0.00245027,-0.00790919
352,0.00148485,0.00245235,-0.00786468
353,0.0009941,0.00245323,-0.00782186
354,0.000498387,0.00245329,-0.00779132
355,-1.67206e-18,0.00245321,-0.0077803
356,-0.000498387,0.00245329,-0.00779132
357,-0.0009941,0.00245323,-0.00782186
358,-0.00148485,0.00245235,-0.00786468
359,-0.00196936,0.00245027,-0.00790919
360,-0.00117163,0.000849201,-0.00053797
361,-0.0012519,0.000561238,-0.000516479
362,-0.00130239,0.000348154,-0.000497822
363,-0.00133127,0.000167593,-0.00049123
364,-0.00134051,-1.40112e-19,-0.000489019
365,-0.00133127,-0.000167593,-0.00049123
366,-0.00130239,-0.000348154,-0.000497822
367,-0.0012519,-0.000561238,-0.000516479
368,-0.00117163,-0.000849201,-0.00053797
369,-0.00178328,0.00133742,-0.00140575
370,-0.00180273,0.000950671,-0.00131445
371,-0.00185687,0.000609857,-0.00126526
372,-0.00189041,0.00029812,-0.00124102
373,-0.00190225,1.57056e-17,-0.00123371
374,-0.00189041,-0.00029812,-0.00124102
375,-0.00185687,-0.000609857,-0.00126526
376,-0.00180273,-0.000950671,-0.00131445
377,-0.00178328,-0.00133742,-0.00140575
378,-0.00208217,0.00161551,-0.00229313
379,-0.00211032,0.00119531,-0.00217312
380,-0.00214618,0.000784803,-0.00210179
381,-0.00217487,0.000388313,-0.00206297
382,-0.002185,5.829e-17,-0.0020507
383,-0.00217487,-0.000388313,-0.00206297
384,-0.00214618,-0.000784803,-0.00210179
385,-0.00211032,-0.00119531,-0.00217312
386,-0.00208217,-0.00161551,-0.00229313
387,-0.0022398,0.00177451,-0.00318181
388,-0.00227278,0.00133542,-0.00306691
389,-0.002302,0.000888703,-0.00298864
390,-0.00232337,0.000443219,-0.00294276
391,-0.00233125,2.7412e-17,-0.0029277
392,-0.00232337,-0.000443219,-0.00294276
393,-0.002302,-0.000888703,-0.00298864
394,-0.00227278,-0.00133542,-0.00306691
395,-0.0022398,-0.00177451,-0.00318181
396,-0.00232749,0.00186265,-0.00408408
397,-0.00235721,0.00141053,-0.00398693
398,-0.00238152,0.000944621,-0.00391259
399,-0.00239795,0.000473128,-0.00386637
400,-0.00240379,5.40192e-17,-0.00385073
401,-0.00239795,-0.000473128,-0.00386637
402,-0.00238152,-0.000944621,-0.00391259
403,-0.00235721,-0.00141053,-0.00398693
404,-0.00232749,-0.00186265,-0.00408408
405,-0.00237763,0.00191031,-0.0050079
406,-0.00240034,0.00144777,-0.00492979
407,-0.0024192,0.000971478,-0.00486429
408,-0.00243148,0.000487387,-0.00482151
409,-0.00243575,5.4588e-17,-0.0048067
410,-0.00243148,-0.000487387,-0.00482151
411,-0.0024192,-0.000971478,-0.00486429
412,-0.00240034,-0.00144777,-0.00492979
413,-0.00237763,-0.00191031,-0.0050079
414,-0.00240797,0.00193623,-0.00595507
415,-0.00242301,0.00146502,-0.00589253
416,-0.00243588,0.000982713,-0.00583641
417,-0.00244413,0.000493089,-0.00579827
418,-0.00244696,3.4917e-17,-0.00578483
419,-0.00244413,-0.000493089,-0.00579827
420,-0.00243588,-0.000982713,-0.00583641
421,-0.00242301,-0.00146502,-0.00589253
422,-0.00240797,-0.00193623,-0.00595507
423,-0.00242952,0.00195281,-0.00692362
424,-0.00243768,0.00147433,-0.00687201
425,-0.00244448,0.000987812,-0.00682358
426,-0.00244869,0.000495393,-0.00678968
427,-0.00245009,6.48051e-17,-0.00677757
428,-0.00244869,-0.000495393,-0.00678968
429,-0.00244448,-0.000987812,-0.00682358
430,-0.00243768,-0.00147433,-0.00687201
431,-0.00242952,-0.00195281,-0.00692362
432,-0.00245027,0.00196936,-0.00790919
433,-0.00245235,0.00148485,-0.00786468
434,-0.00245323,0.0009941,-0.00782186
435,-0.00245329,0.000498387,-0.00779132
436,-0.00245321,6.14708e-17,-0.0077803
437,-0.00245329,-0.000498387,-0.00779132
438,-0.00245323,-0.0009941,-0.00782186
439,-0.00245235,-0.00148485,-0.00786468
440,-0.00245027,-0.00196936,-0.00790919
441,0,0,0
442,0,0,0
443,0,0,0
444,0,0,0
445,0,0,0
446,0,0,0
447,0,0,0
448,0,0,0
449,0,0,0
450,0,0,0
451,0,0,0
452,0,0,0
453,0,0,0
454,0,0,0
455,0,0,0
456,0,0,0
457,0,0,0
458,0,0,0
459,0,0,0
460,0,0,0
461,0,0,0
462,0,0,0
463,0,0,0
464,0,0,0
465,0,0,0
466,0,0,0
467,0,0,0
468,0,0,0
469,0,0,0
470,0,0,0
471,0,0,0
472,0,0,0
473,0,0,0
474,0,0,0
475,0,0,0
476,0,0,0
477,0,0,0
478,0,0,0
479,0,0,0
480,0,0,0
481,0,0,0
482,0,0,0
483,0,0,0
484,0,0,0
485,0,0,0
486,0,0,0
487,0,0,0
488,0,0,0
489,0,0,0
490,0,0,0
491,0,0,0
492,0,0,0
493,0,0,0
494,0,0,0
495,0,0,0
496,0,0,0
497,0,0,0
498,0,0,0
499,0,0,0
500,0,0,0
501,0,0,0
502,0,0,0
503,0,0,0
504,0,0,0
505,0,0,0
506,0,0,0
507,0,0,0
508,0,0,0
509,0,0,0
510,0,0,0
511,0,0,0
512,0,0,0
513,0,0,0
514,0,0,0
515,0,0,0
516,0,0,0
517,0,0,0
518,0,0,0
519,0,0,0
520,0,0,0
521,0,0,0
522,-0.00199567,-0.00199567,-0.00887341
523,-0.00150871,-0.0019928,-0.00883722
524,-0.001013,-0.00198894,-0.008803
525,-0.000508962,-0.00198568,-0.00877872
526,-5.68064e-17,-0.00198441,-0.00876997
527,0.000508962,-0.00198568,-0.00877872
528,0.001013,-0.00198894,-0.008803
529,0.00150871,-0.0019928,-0.00883722
530,0.00199567,-0.00199567,-0.00887341
531,-0.0019928,-0.00150871,-0.00883722
532,-0.00150667,-0.00150667,-0.0088029
533,-0.00101152,-0.0015046,-0.00877006
534,-0.000508143,-0.00150304,-0.00874676
535,-5.27037e-17,-0.00150245,-0.00873836
536,0.000508143,-0.00150304,-0.00874676
537,0.00101152,-0.0015046,-0.00877006
538,0.00150667,-0.00150667,-0.0088029
539,0.0019928,-0.00150871,-0.00883722
540,-0.00198894,-0.001013,-0.008803
541,-0.0015046,-0.00101152,-0.00877006
542,-0.00101036,-0.00101036,-0.00873798
543,-0.000507594,-0.00100966,-0.00871506
544,2.56602e-17,-0.00100941,-0.00870679
545,0.000507594,-0.00100966,-0.00871506
546,0.00101036,-0.00101036,-0.00873798
547,0.0015046,-0.00101152,-0.00877006
548,0.00198894,-0.001013,-0.008803
549,-0.00198568,-0.000508962,-0.00877872
550,-0.00150304,-0.000508143,-0.00874676
551,-0.00100966,-0.000507594,-0.00871506
552,-0.000507312,-0.000507312,-0.00869231
553,1.83214e-17,-0.000507226,-0.00868409
554,0.000507312,-0.000507312,-0.00869231
555,0.00100966,-0.000507594,-0.00871506
556,0.00150304,-0.000508143,-0.00874676
557,0.00198568,-0.000508962,-0.00877872
558,-0.00198441,-8.48457e-17,-0.00876997
559,-0.00150245,-3.40295e-17,-0.00873836
560,-0.00100941,6.29273e-17,-0.00870679
561,-0.000507226,7.30159e-17,-0.00868409
562,-1.3293e-17,1.02987e-16,-0.00867589
563,0.000507226,6.0597e-17,-0.00868409
564,0.00100941,6.76913e-18,-0.00870679
565,0.00150245,-6.68308e-17,-0.00873836
566,0.00198441,8.01096e-17,-0.00876997
567,-0.00198568,0.000508962,-0.00877872
568,-0.00150304,0.000508143,-0.00874676
569,-0.00100966,0.000507594,-0.00871506
570,-0.000507312,0.000507312,-0.00869231
571,3.59954e-17,0.000507226,-0.00868409
572,0.000507312,0.000507312,-0.00869231
573,0.00100966,0.000507594,-0.00871506
574,0.00150304,0.000508143,-0.00874676
575,0.00198568,0.000508962,-0.00877872
576,-0.00198894,0.001013,-0.008803
577,-0.0015046,0.00101152,-0.00877006
578,-0.00101036,0.00101036,-0.00873798
579,-0.000507594,0.00100966,-0.00871506
580,-3.52515e-19,0.00100941,-0.00870679
581,0.000507594,0.00100966,-0.00871506
582,0.00101036,0.00101036,-0.00873798
583,0.0015046,0.00101152,-0.00877006
584,0.00198894,0.001013,-0.008803
585,-0.0019928,0.00150871,-0.00883722
586,-0.00150667,0.00150667,-0.0088029
587,-0.00101152,0.0015046,-0.00877006
588,-0.000508143,0.00150304,-0.00874676
589,-4.50783e-17,0.00150245,-0.00873836
590,0.000508143,0.00150304,-0.00874676
591,0.00101152,0.0015046,-0.00877006
592,0.00150667,0.00150667,-0.0088029
593,0.0019928,0.00150871,-0.00883722
594,-0.00199567,0.00199567,-0.00887341
595,-0.00150871,0.0019928,-0.00883722
596,-0.001013,0.00198894,-0.008803
597,-0.000508962,0.00198568,-0.00877872
598,6.90286e-17,0.00198441,-0.00876997
599,0.000508962,0.00198568,-0.00877872
600,0.001013,0.00198894,-0.008803
601,0.00150871,0.0019928,-0.00883722
602,0.00199567,0.00199567,-0.00887341
603,-0.000803965,-0.000803965,-0.000366556
604,-0.00054098,-0.000845001,-0.000349524
605,-0.000336104,-0.000882034,-0.000332293
606,-0.00016158,-0.000904783,-0.00032524
607,1.23679e-18,-0.000912402,-0.000322826
608,0.00016158,-0.000904783,-0.00032524
609,0.000336104,-0.000882034,-0.000332293
610,0.00054098,-0.000845001,-0.000349524
611,0.000803965,-0.000803965,-0.000366556
612,-0.000845001,-0.00054098,-0.000349524
613,-0.000567708,-0.000567708,-0.000324749
614,-0.000351355,-0.000592943,-0.000306661
615,-0.000168275,-0.000609897,-0.000299014
616,-3.47266e-17,-0.000615686,-0.0002965
617,0.000168275,-0.000609897,-0.000299014
618,0.000351355,-0.000592943,-0.000306661
619,0.000567708,-0.000567708,-0.000324749
620,0.000845001,-0.00054098,-0.000349524
621,-0.000882034,-0.000336104,-0.000332293
622,-0.000592943,-0.000351355,-0.000306661
623,-0.000367029,-0.000367029,-0.000287374
624,-0.000175649,-0.000377866,-0.000279252
625,2.76145e-18,-0.000381674,-0.000276568
626,0.000175649,-0.000377866,-0.000279252
627,0.000367029,-0.000367029,-0.000287374
628,0.000592943,-0.000351355,-0.000306661
629,0.000882034,-0.000336104,-0.000332293
630,-0.000904783,-0.00016158,-0.00032524
631,-0.000609897,-0.000168275,-0.000299014
632,-0.000377866,-0.000175649,-0.000279252
633,-0.000180895,-0.000180895,-0.000270772
634,6.82308e-18,-0.000182749,-0.000267988
635,0.000180895,-0.000180895,-0.000270772
636,0.000377866,-0.000175649,-0.000279252
637,0.000609897,-0.000168275,-0.000299014
638,0.000904783,-0.00016158,-0.00032524
639,-0.000912402,2.33477e-17,-0.000322826
640,-0.000615686,1.99848e-17,-0.0002965
641,-0.000381674,8.3034e-18,-0.000276568
642,-0.000182749,-3.21213e-18,-0.000267988
643,-1.79294e-18,5.79889e-19,-0.000265162
644,0.000182749,4.71854e-18,-0.000267988
645,0.000381674,-2.16976e-17,-0.000276568
646,0.000615686,-4.20222e-17,-0.0002965
647,0.000912402,-7.09804e-18,-0.000322826
648,-0.000904783,0.00016158,-0.00032524
649,-0.000609897,0.000168275,-0.000299014
650,-0.000377866,0.000175649,-0.000279252
651,-0.000180895,0.000180895,-0.000270772
652,-1.62093e-17,0.000182749,-0.000267988
653,0.000180895,0.000180895,-0.000270772
654,0.000377866,0.000175649,-0.000279252
655,0.000609897,0.000168275,-0.000299014
656,0.000904783,0.00016158,-0.00032524
657,-0.000882034,0.000336104,-0.000332293
658,-0.000592943,0.000351355,-0.000306661
659,-0.000367029,0.000367029,-0.000287374
660,-0.000175649,0.000377866,-0.000279252
661,-1.5634e-17,0.000381674,-0.000276568
662,0.000175649,0.000377866,-0.000279252
663,0.000367029,0.000367029,-0.000287374
664,0.000592943,0.000351355,-0.000306661
665,0.000882034,0.000336104,-0.000332293
666,-0.000845001,0.00054098,-0.000349524
667,-0.000567708,0.000567708,-0.000324749
668,-0.000351355,0.000592943,-0.000306661
669,-0.000168275,0.000609897,-0.000299014
670,-1.40505e-17,0.000615686,-0.0002965
671,0.000168275,0.000609897,-0.000299014
672,0.000351355,0.000592943,-0.000306661
673,0.000567708,0.000567708,-0.000324749
674,0.000845001,0.00054098,-0.000349524
675,-0.000803965,0.000803965,-0.000366556
676,-0.00054098,0.000845001,-0.000349524
677,-0.000336104,0.000882034,-0.000332293
678,-0.00016158,0.000904783,-0.00032524
679,7.2359e-19,0.000912402,-0.000322826
680,0.00016158,0.000904783,-0.00032524
681,0.000336104,0.000882034,-0.000332293
682,0.00054098,0.000845001,-0.000349524
683,0.000803965,0.000803965,-0.000366556
684,-0.00134453,-0.00134453,-0.00117223
685,-0.000946421,-0.00136801,-0.00109229
686,-0.000602745,-0.00140989,-0.00104836
687,-0.00029324,-0.00143853,-0.00102523
688,-1.51857e-17,-0.00144857,-0.00101814
689,0.00029324,-0.00143853,-0.00102523
690,0.000602745,-0.00140989,-0.00104836
691,0.000946421,-0.00136801,-0.00109229
692,0.00134453,-0.00134453,-0.00117223
693,-0.00136801,-0.000946421,-0.00109229
694,-0.000964538,-0.000964538,-0.00099789
695,-0.000614775,-0.000993813,-0.000950972
696,-0.000298909,-0.00101486,-0.000926288
697,3.83193e-18,-0.0010224,-0.00091874
698,0.000298909,-0.00101486,-0.000926288
699,0.000614775,-0.000993813,-0.000950972
700,0.000964538,-0.000964538,-0.00099789
701,0.00136801,-0.000946421,-0.00109229
702,-0.00140989,-0.000602745,-0.00104836
703,-0.000993813,-0.000614775,-0.000950972
704,-0.000633392,-0.000633392,-0.000900553
705,-0.000307915,-0.000647101,-0.000874395
706,-3.04015e-17,-0.000652056,-0.000866363
707,0.000307915,-0.000647101,-0.000874395
708,0.000633392,-0.000633392,-0.000900553
709,0.000993813,-0.000614775,-0.000950972
710,0.00140989,-0.000602745,-0.00104836
711,-0.00143853,-0.00029324,-0.00102523
712,-0.00101486,-0.000298909,-0.000926288
713,-0.000647101,-0.000307915,-0.000874395
714,-0.000314626,-0.000314626,-0.000847161
715,1.26838e-18,-0.000317068,-0.000838807
716,0.000314626,-0.000314626,-0.000847161
717,0.000647101,-0.000307915,-0.000874395
718,0.00101486,-0.000298909,-0.000926288
719,0.00143853,-0.00029324,-0.00102523
720,-0.00144857,-1.08433e-17,-0.00101814
721,-0.0010224,-4.66072e-20,-0.00091874
722,-0.000652056,1.73662e-17,-0.000866363
723,-0.000317068,-4.58037e-18,-0.000838807
724,-1.91984e-17,-7.69778e-18,-0.00083033
725,0.000317068,3.82799e-18,-0.000838807
726,0.000652056,-1.24551e-17,-0.000866363
727,0.0010224,-2.82021e-17,-0.00091874
728,0.00144857,8.14977e-18,-0.00101814
729,-0.00143853,0.00029324,-0.00102523
730,-0.00101486,0.000298909,-0.000926288
731,-0.000647101,0.000307915,-0.000874395
732,-0.000314626,0.000314626,-0.000847161
733,2.20051e-19,0.000317068,-0.000838807
734,0.000314626,0.000314626,-0.000847161
735,0.000647101,0.000307915,-0.000874395
736,0.00101486,0.000298909,-0.000926288
737,0.00143853,0.00029324,-0.00102523
738,-0.00140989,0.000602745,-0.00104836
739,-0.000993813,0.000614775,-0.000950972
740,-0.000633392,0.000633392,-0.000900553
741,-0.000307915,0.000647101,-0.000874395
742,-3.32339e-18,0.000652056,-0.000866363
743,0.000307915,0.000647101,-0.000874395
744,0.000633392,0.000633392,-0.000900553
745,0.000993813,0.000614775,-0.000950972
746,0.00140989,0.000602745,-0.00104836
747,-0.00136801,0.000946421,-0.00109229
748,-0.000964538,0.000964538,-0.00099789
749,-0.000614775,0.000993813,-0.000950972
750,-0.000298909,0.00101486,-0.000926288
751,-2.53698e-18,0.0010224,-0.00091874
752,0.000298909,0.00101486,-0.000926288
753,0.000614775,0.000993813,-0.000950972
754,0.000964538,0.000964538,-0.00099789
755,0.00136801,0.000946421,-0.00109229
756,-0.00134453,0.00134453,-0.00117223
757,-0.000946421,0.00136801,-0.00109229
758,-0.000602745,0.00140989,-0.00104836
759,-0.00029324,0.00143853,-0.00102523
760,2.95877e-17,0.00144857,-0.00101814
761,0.00029324,0.00143853,-0.00102523
762,0.000602745,0.00140989,-0.00104836
763,0.000946421,0.00136801,-0.00109229
764,0.00134453,0.00134453,-0.00117223
765,-0.00163733,-0.00163733,-0.00209569
766,-0.00119689,-0.00166622,-0.00198089
767,-0.000780088,-0.00169875,-0.00191324
768,-0.000384382,-0.00172449,-0.00187616
769,-1.48938e-17,-0.0017337,-0.00186435
770,0.000384382,-0.00172449,-0.00187616
771,0.000780088,-0.00169875,-0.00191324
772,0.00119689,-0.00166622,-0.00198089
773,0.00163733,-0.00163733,-0.00209569
774,-0.00166622,-0.00119689,-0.00198089
775,-0.00121803,-0.00121803,-0.00186219
776,-0.000792467,-0.00124318,-0.00179147
777,-0.000389962,-0.00126299,-0.00175334
778,2.35964e-17,-0.00127019,-0.00174106
779,0.000389962,-0.00126299,-0.00175334
780,0.000792467,-0.00124318,-0.00179147
781,0.00121803,-0.00121803,-0.00186219
782,0.00166622,-0.00119689,-0.00198089
783,-0.00169875,-0.000780088,-0.00191324
784,-0.00124318,-0.000792467,-0.00179147
785,-0.000809015,-0.000809015,-0.00171665
786,-0.000398073,-0.000822098,-0.00167649
787,-1.87768e-17,-0.000826899,-0.0016636
788,0.000398073,-0.000822098,-0.00167649
789,0.000809015,-0.000809015,-0.00171665
790,0.00124318,-0.000792467,-0.00179147
791,0.00169875,-0.000780088,-0.00191324
792,-0.00172449,-0.000384382,-0.00187616
793,-0.00126299,-0.000389962,-0.00175334
794,-0.000822098,-0.000398073,-0.00167649
795,-0.000404553,-0.000404553,-0.0016349
796,-8.31744e-18,-0.000406934,-0.00162154
797,0.000404553,-0.000404553,-0.0016349
798,0.000822098,-0.000398073,-0.00167649
799,0.00126299,-0.000389962,-0.00175334
800,0.00172449,-0.000384382,-0.00187616
801,-0.0017337,1.8063e-17,-0.00186435
802,-0.00127019,6.11801e-18,-0.00174106
803,-0.000826899,6.4281e-18,-0.0016636
804,-0.000406934,2.32593e-17,-0.00162154
805,-1.83481e-17,-1.33085e-17,-0.00160802
806,0.000406934,1.73538e-18,-0.00162154
807,0.000826899,-1.27311e-17,-0.0016636
808,0.00127019,-2.31078e-17,-0.00174106
809,0.0017337,1.73832e-17,-0.00186435
810,-0.00172449,0.000384382,-0.00187616
811,-0.00126299,0.000389962,-0.00175334
812,-0.000822098,0.000398073,-0.00167649
813,-0.000404553,0.000404553,-0.0016349
814,9.16948e-18,0.000406934,-0.00162154
815,0.000404553,0.000404553,-0.0016349
816,0.000822098,0.000398073,-0.00167649
817,0.00126299,0.000389962,-0.00175334
818,0.00172449,0.000384382,-0.00187616
819,-0.00169875,0.000780088,-0.00191324
820,-0.00124318,0.000792467,-0.00179147
821,-0.000809015,0.000809015,-0.00171665
822,-0.000398073,0.000822098,-0.00167649
823,-1.67382e-17,0.000826899,-0.0016636
824,0.000398073,0.000822098,-0.00167649
825,0.000809015,0.000809015,-0.00171665
826,0.00124318,0.000792467,-0.00179147
827,0.00169875,0.000780088,-0.00191324
828,-0.00166622,0.00119689,-0.00198089
829,-0.00121803,0.00121803,-0.00186219
830,-0.000792467,0.00124318,-0.00179147
831,-0.000389962,0.00126299,-0.00175334
832,9.27902e-18,0.00127019,-0.00174106
833,0.000389962,0.00126299,-0.00175334
834,0.000792467,0.00124318,-0.00179147
835,0.00121803,0.00121803,-0.00186219
836,0.00166622,0.00119689,-0.00198089
837,-0.00163733,0.00163733,-0.00209569
838,-0.00119689,0.00166622,-0.00198089
839,-0.000780088,0.00169875,-0.00191324
840,-0.000384382,0.00172449,-0.00187616
841,-5.18642e-18,0.0017337,-0.00186435
842,0.000384382,0.00172449,-0.00187616
843,0.000780088,0.00169875,-0.00191324
844,0.00119689,0.00166622,-0.00198089
845,0.00163733,0.00163733,-0.00209569
846,-0.0017949,-0.0017949,-0.00303666
847,-0.00133889,-0.00182431,-0.00292234
848,-0.000885961,-0.0018522,-0.00284546
849,-0.000440418,-0.00187238,-0.00280109
850,2.63728e-17,-0.00187983,-0.00278655
851,0.000440418,-0.00187238,-0.00280109
852,0.000885961,-0.0018522,-0.00284546
853,0.00133889,-0.00182431,-0.00292234
854,0.0017949,-0.0017949,-0.00303666
855,-0.00182431,-0.00133889,-0.00292234
856,-0.00135857,-0.00135857,-0.00280878
857,-0.000897245,-0.00138078,-0.00273032
858,-0.000445367,-0.00139701,-0.00268497
859,6.25381e-19,-0.00140303,-0.00267013
860,0.000445367,-0.00139701,-0.00268497
861,0.000897245,-0.00138078,-0.00273032
862,0.00135857,-0.00135857,-0.00280878
863,0.00182431,-0.00133889,-0.00292234
864,-0.0018522,-0.000885961,-0.00284546
865,-0.00138078,-0.000897245,-0.00273032
866,-0.000911911,-0.000911911,-0.0026491
867,-0.000452511,-0.000922977,-0.00260195
868,1.90714e-18,-0.000927087,-0.00258653
869,0.000452511,-0.000922977,-0.00260195
870,0.000911911,-0.000911911,-0.0026491
871,0.00138078,-0.000897245,-0.00273032
872,0.0018522,-0.000885961,-0.00284546
873,-0.00187238,-0.000440418,-0.00280109
874,-0.00139701,-0.000445367,-0.00268497
875,-0.000922977,-0.000452511,-0.00260195
876,-0.000458041,-0.000458041,-0.0025534
877,-2.09076e-17,-0.000460103,-0.0025375
878,0.000458041,-0.000458041,-0.0025534
879,0.000922977,-0.000452511,-0.00260195
880,0.00139701,-0.000445367,-0.00268497
881,0.00187238,-0.000440418,-0.00280109
882,-0.00187983,5.39493e-17,-0.00278655
883,-0.00140303,8.70532e-18,-0.00267013
884,-0.000927087,4.79715e-17,-0.00258653
885,-0.000460103,3.71388e-17,-0.0025375
886,-1.48733e-17,2.6583e-17,-0.00252143
887,0.000460103,2.08508e-17,-0.0025375
888,0.000927087,-3.7623e-17,-0.00258653
889,0.00140303,-1.15654e-17,-0.00267013
890,0.00187983,6.59339e-17,-0.00278655
891,-0.00187238,0.000440418,-0.00280109
892,-0.00139701,0.000445367,-0.00268497
893,-0.000922977,0.000452511,-0.00260195
894,-0.000458041,0.000458041,-0.0025534
895,-1.323e-17,0.000460103,-0.0025375
896,0.000458041,0.000458041,-0.0025534
897,0.000922977,0.000452511,-0.00260195
898,0.00139701,0.000445367,-0.00268497
899,0.00187238,0.000440418,-0.00280109
900,-0.0018522,0.000885961,-0.00284546
901,-0.00138078,0.000897245,-0.00273032
902,-0.000911911,0.000911911,-0.0026491
903,-0.000452511,0.000922977,-0.00260195
904,-3.31386e-17,0.000927087,-0.00258653
905,0.000452511,0.000922977,-0.00260195
906,0.000911911,0.000911911,-0.0026491
907,0.00138078,0.000897245,-0.00273032
908,0.0018522,0.000885961,-0.00284546
909,-0.00182431,0.00133889,-0.00292234
910,-0.00135857,0.00135857,-0.00280878
911,-0.000897245,0.00138078,-0.00273032
912,-0.000445367,0.00139701,-0.00268497
913,-3.29641e-17,0.00140303,-0.00267013
914,0.000445367,0.00139701,-0.00268497
915,0.000897245,0.00138078,-0.00273032
916,0.00135857,0.00135857,-0.00280878
917,0.00182431,0.00133889,-0.00292234
918,-0.0017949,0.0017949,-0.00303666
919,-0.00133889,0.00182431,-0.00292234
920,-0.000885961,0.0018522,-0.00284546
921,-0.000440418,0.00187238,-0.00280109
922,6.84556e-18,0.00187983,-0.00278655
923,0.000440418,0.00187238,-0.00280109
924,0.000885961,0.0018522,-0.00284546
925,0.00133889,0.00182431,-0.00292234
926,0.0017949,0.0017949,-0.00303666
927,-0.00187769,-0.00187769,-0.00398285
928,-0.00141359,-0.00190285,-0.00388525
929,-0.000942884,-0.00192597,-0.00381147
930,-0.000471138,-0.00194183,-0.00376635
931,-4.38545e-17,-0.00194747,-0.00375118
932,0.000471138,-0.00194183,-0.00376635
933,0.000942884,-0.00192597,-0.00381147
934,0.00141359,-0.00190285,-0.00388525
935,0.00187769,-0.00187769,-0.00398285
936,-0.00190285,-0.00141359,-0.00388525
937,-0.00142999,-0.00142999,-0.00378898
938,-0.000952172,-0.00144824,-0.00371444
939,-0.000475233,-0.00146125,-0.0036686
940,-1.29042e-17,-0.00146591,-0.00365319
941,0.000475233,-0.00146125,-0.0036686
942,0.000952172,-0.00144824,-0.00371444
943,0.00142999,-0.00142999,-0.00378898
944,0.00190285,-0.00141359,-0.00388525
945,-0.00192597,-0.000942884,-0.00381147
946,-0.00144824,-0.000952172,-0.00371444
947,-0.000964168,-0.000964168,-0.00363841
948,-0.000481068,-0.000973139,-0.00359126
949,-2.25818e-18,-0.000976387,-0.00357538
950,0.000481068,-0.000973139,-0.00359126
951,0.000964168,-0.000964168,-0.00363841
952,0.00144824,-0.000952172,-0.00371444
953,0.00192597,-0.000942884,-0.00381147
954,-0.00194183,-0.000471138,-0.00376635
955,-0.00146125,-0.000475233,-0.0036686
956,-0.000973139,-0.000481068,-0.00359126
957,-0.000485578,-0.000485578,-0.00354305
958,-1.19685e-17,-0.000487227,-0.00352677
959,0.000485578,-0.000485578,-0.00354305
960,0.000973139,-0.000481068,-0.00359126
961,0.00146125,-0.000475233,-0.0036686
962,0.00194183,-0.000471138,-0.00376635
963,-0.00194747,-4.76371e-18,-0.00375118
964,-0.00146591,6.23705e-18,-0.00365319
965,-0.000976387,-8.98076e-18,-0.00357538
966,-0.000487227,-4.0337e-18,-0.00352677
967,-2.78524e-17,8.88416e-18,-0.00351034
968,0.000487227,-2.28043e-17,-0.00352677
969,0.000976387,-1.2786e-17,-0.00357538
970,0.00146591,8.07869e-19,-0.00365319
971,0.00194747,2.45113e-17,-0.00375118
972,-0.00194183,0.000471138,-0.00376635
973,-0.00146125,0.000475233,-0.0036686
974,-0.000973139,0.000481068,-0.00359126
975,-0.000485578,0.000485578,-0.00354305
976,-1.01434e-17,0.000487227,-0.00352677
977,0.000485578,0.000485578,-0.00354305
978,0.000973139,0.000481068,-0.00359126
979,0.00146125,0.000475233,-0.0036686
980,0.00194183,0.000471138,-0.00376635
981,-0.00192597,0.000942884,-0.00381147
982,-0.00144824,0.000952172,-0.00371444
983,-0.000964168,0.000964168,-0.00363841
984,-0.000481068,0.000973139,-0.00359126
985,-3.84597e-17,0.000976387,-0.00357538
986,0.000481068,0.000973139,-0.00359126
987,0.000964168,0.000964168,-0.00363841
988,0.00144824,0.000952172,-0.00371444
989,0.00192597,0.000942884,-0.00381147
990,-0.00190285,0.00141359,-0.00388525
991,-0.00142999,0.00142999,-0.00378898
992,-0.000952172,0.00144824,-0.00371444
993,-0.000475233,0.00146125,-0.0036686
994,-2.52266e-17,0.00146591,-0.00365319
995,0.000475233,0.00146125,-0.0036686
996,0.000952172,0.00144824,-0.00371444
997,0.00142999,0.00142999,-0.00378898
998,0.00190285,0.00141359,-0.00388525
999,-0.00187769,0.00187769,-0.00398285
1000,-0.00141359,0.00190285,-0.00388525
1001,-0.000942884,0.00192597,-0.00381147
1002,-0.000471138,0.00194183,-0.00376635
1003,-1.55852e-17,0.00194747,-0.00375118
1004,0.000471138,0.00194183,-0.00376635
1005,0.000942884,0.00192597,-0.00381147
1006,0.00141359,0.00190285,-0.00388525
1007,0.00187769,0.00187769,-0.00398285
1008,-0.00191993,-0.00191993,-0.00493797
1009,-0.00144968,-0.00193885,-0.00485982
1010,-0.000970213,-0.00195652,-0.00479501
1011,-0.000485984,-0.00196844,-0.00475323
1012,-3.32938e-17,-0.00197262,-0.00473886
1013,0.000485984,-0.00196844,-0.00475323
1014,0.000970213,-0.00195652,-0.00479501
1015,0.00144968,-0.00193885,-0.00485982
1016,0.00191993,-0.00191993,-0.00493797
1017,-0.00193885,-0.00144968,-0.00485982
1018,-0.00146206,-0.00146206,-0.00478274
1019,-0.000977256,-0.00147585,-0.00471755
1020,-0.0004891,-0.00148565,-0.00467531
1021,1.24055e-17,-0.00148914,-0.00466078
1022,0.0004891,-0.00148565,-0.00467531
1023,0.000977256,-0.00147585,-0.00471755
1024,0.00146206,-0.00146206,-0.00478274
1025,0.00193885,-0.00144968,-0.00485982
1026,-0.00195652,-0.000970213,-0.00479501
1027,-0.00147585,-0.000977256,-0.00471755
1028,-0.000986274,-0.000986274,-0.00465155
1029,-0.000493486,-0.000993042,-0.00460843
1030,-1.95715e-17,-0.00099549,-0.00459356
1031,0.000493486,-0.000993042,-0.00460843
1032,0.000986274,-0.000986274,-0.00465155
1033,0.00147585,-0.000977256,-0.00471755
1034,0.00195652,-0.000970213,-0.00479501
1035,-0.00196844,-0.000485984,-0.00475323
1036,-0.00148565,-0.0004891,-0.00467531
1037,-0.000993042,-0.000493486,-0.00460843
1038,-0.000496888,-0.000496888,-0.00456458
1039,-1.08259e-17,-0.000498137,-0.00454941
1040,0.000496888,-0.000496888,-0.00456458
1041,0.000993042,-0.000493486,-0.00460843
1042,0.00148565,-0.0004891,-0.00467531
1043,0.00196844,-0.000485984,-0.00475323
1044,-0.00197262,-2.6782e-18,-0.00473886
1045,-0.00148914,2.9512e-17,-0.00466078
1046,-0.00099549,4.84682e-17,-0.00459356
1047,-0.000498137,5.69539e-18,-0.00454941
1048,-4.48658e-17,2.89817e-17,-0.00453413
1049,0.000498137,-1.20475e-18,-0.00454941
1050,0.00099549,2.20279e-17,-0.00459356
1051,0.00148914,2.95188e-17,-0.00466078
1052,0.00197262,2.55514e-17,-0.00473886
1053,-0.00196844,0.000485984,-0.00475323
1054,-0.00148565,0.0004891,-0.00467531
1055,-0.000993042,0.000493486,-0.00460843
1056,-0.000496888,0.000496888,-0.00456458
1057,-1.18433e-17,0.000498137,-0.00454941
1058,0.000496888,0.000496888,-0.00456458
1059,0.000993042,0.000493486,-0.00460843
1060,0.00148565,0.0004891,-0.00467531
1061,0.00196844,0.000485984,-0.00475323
1062,-0.00195652,0.000970213,-0.00479501
1063,-0.00147585,0.000977256,-0.00471755
1064,-0.000986274,0.000986274,-0.00465155
1065,-0.000493486,0.000993042,-0.00460843
1066,-5.65311e-17,0.00099549,-0.00459356
1067,0.000493486,0.000993042,-0.00460843
1068,0.000986274,0.000986274,-0.00465155
1069,0.00147585,0.000977256,-0.00471755
1070,0.00195652,0.000970213,-0.00479501
1071,-0.00193885,0.00144968,-0.00485982
1072,-0.00146206,0.00146206,-0.00478274
1073,-0.000977256,0.00147585,-0.00471755
1074,-0.0004891,0.00148565,-0.00467531
1075,2.0565e-17,0.00148914,-0.00466078
1076,0.0004891,0.00148565,-0.00467531
1077,0.000977256,0.00147585,-0.00471755
1078,0.00146206,0.00146206,-0.00478274
1079,0.00193885,0.00144968,-0.00485982
1080,-0.00191993,0.00191993,-0.00493797
1081,-0.00144968,0.00193885,-0.00485982
1082,-0.000970213,0.00195652,-0.00479501
1083,-0.000485984,0.00196844,-0.00475323
1084,-1.18167e-17,0.00197262,-0.00473886
1085,0.000485984,0.00196844,-0.00475323
1086,0.000970213,0.00195652,-0.00479501
1087,0.00144968,0.00193885,-0.00485982
1088,0.00191993,0.00191993,-0.00493797
1089,-0.00194167,-0.00194167,-0.00590516
1090,-0.00146607,-0.00195419,-0.00584333
1091,-0.000981931,-0.00196619,-0.0057884
1092,-0.000492247,-0.00197426,-0.00575144
1093,-4.50935e-17,-0.00197706,-0.00573848
1094,0.000492247,-0.00197426,-0.00575144
1095,0.000981931,-0.00196619,-0.0057884
1096,0.00146607,-0.00195419,-0.00584333
1097,0.00194167,-0.00194167,-0.00590516
1098,-0.00195419,-0.00146607,-0.00584333
1099,-0.00147441,-0.00147441,-0.00578242
1100,-0.000986754,-0.00148373,-0.00572739
1101,-0.000494407,-0.00149038,-0.00569024
1102,-6.28334e-18,-0.00149274,-0.00567721
1103,0.000494407,-0.00149038,-0.00569024
1104,0.000986754,-0.00148373,-0.00572739
1105,0.00147441,-0.00147441,-0.00578242
1106,0.00195419,-0.00146607,-0.00584333
1107,-0.00196619,-0.000981931,-0.0057884
1108,-0.00148373,-0.000986754,-0.00572739
1109,-0.000992845,-0.000992845,-0.00567189
1110,-0.000497371,-0.00099743,-0.00563415
1111,-1.54795e-18,-0.000999093,-0.00562088
1112,0.000497371,-0.00099743,-0.00563415
1113,0.000992845,-0.000992845,-0.00567189
1114,0.00148373,-0.000986754,-0.00572739
1115,0.00196619,-0.000981931,-0.0057884
1116,-0.00197426,-0.000492247,-0.00575144
1117,-0.00149038,-0.000494407,-0.00569024
1118,-0.00099743,-0.000497371,-0.00563415
1119,-0.000499675,-0.000499675,-0.00559591
1120,1.67945e-17,-0.000500524,-0.00558243
1121,0.000499675,-0.000499675,-0.00559591
1122,0.00099743,-0.000497371,-0.00563415
1123,0.00149038,-0.000494407,-0.00569024
1124,0.00197426,-0.000492247,-0.00575144
1125,-0.00197706,6.97447e-17,-0.00573848
1126,-0.00149274,6.77421e-17,-0.00567721
1127,-0.000999093,9.03618e-17,-0.00562088
1128,-0.000500524,6.0597e-17,-0.00558243
1129,-1.65481e-17,4.3123e-17,-0.00556887
1130,0.000500524,7.14342e-17,-0.00558243
1131,0.000999093,4.74879e-17,-0.00562088
1132,0.00149274,9.7219e-17,-0.00567721
1133,0.00197706,8.04636e-17,-0.00573848
1134,-0.00197426,0.000492247,-0.00575144
1135,-0.00149038,0.000494407,-0.00569024
1136,-0.00099743,0.000497371,-0.00563415
1137,-0.000499675,0.000499675,-0.00559591
1138,-1.69976e-17,0.000500524,-0.00558243
1139,0.000499675,0.000499675,-0.00559591
1140,0.00099743,0.000497371,-0.00563415
1141,0.00149038,0.000494407,-0.00569024
1142,0.00197426,0.000492247,-0.00575144
1143,-0.00196619,0.000981931,-0.0057884
1144,-0.00148373,0.000986754,-0.00572739
1145,-0.000992845,0.000992845,-0.00567189
1146,-0.000497371,0.00099743,-0.00563415
1147,-7.07569e-18,0.000999093,-0.00562088
1148,0.000497371,0.00099743,-0.00563415
1149,0.000992845,0.000992845,-0.00567189
1150,0.00148373,0.000986754,-0.00572739
1151,0.00196619,0.000981931,-0.0057884
1152,-0.00195419,0.00146607,-0.00584333
1153,-0.00147441,0.00147441,-0.00578242
1154,-0.000986754,0.00148373,-0.00572739
1155,-0.000494407,0.00149038,-0.00569024
1156,1.74602e-17,0.00149274,-0.00567721
1157,0.000494407,0.00149038,-0.00569024
1158,0.000986754,0.00148373,-0.00572739
1159,0.00147441,0.00147441,-0.00578242
1160,0.00195419,0.00146607,-0.00584333
1161,-0.00194167,0.00194167,-0.00590516
1162,-0.00146607,0.00195419,-0.00584333
1163,-0.000981931,0.00196619,-0.0057884
1164,-0.000492247,0.00197426,-0.00575144
1165,2.09619e-17,0.00197706,-0.00573848
1166,0.000492247,0.00197426,-0.00575144
1167,0.000981931,0.00196619,-0.0057884
1168,0.00146607,0.00195419,-0.00584333
1169,0.00194167,0.00194167,-0.00590516
1170,-0.00195551,-0.00195551,-0.00688493
1171,-0.00147515,-0.0019624,-0.00683479
1172,-0.00098779,-0.00196894,-0.00678821
1173,-0.000495224,-0.00197325,-0.00675589
1174,-8.96873e-17,-0.00197473,-0.00674439
1175,0.000495224,-0.00197325,-0.00675589
1176,0.00098779,-0.00196894,-0.00678821
1177,0.00147515,-0.0019624,-0.00683479
1178,0.00195551,-0.00195551,-0.00688493
1179,-0.0019624,-0.00147515,-0.00683479
1180,-0.00147988,-0.00147988,-0.00678563
1181,-0.000990618,-0.00148504,-0.00673928
1182,-0.000496527,-0.00148866,-0.00670707
1183,2.29154e-17,-0.00148994,-0.00669561
1184,0.000496527,-0.00148866,-0.00670707
1185,0.000990618,-0.00148504,-0.00673928
1186,0.00147988,-0.00147988,-0.00678563
1187,0.0019624,-0.00147515,-0.00683479
1188,-0.00196894,-0.00098779,-0.00678821
1189,-0.00148504,-0.000990618,-0.00673928
1190,-0.000994025,-0.000994025,-0.00669267
1191,-0.0004982,-0.000996555,-0.00666008
1192,1.60091e-17,-0.000997468,-0.00664847
1193,0.0004982,-0.000996555,-0.00666008
1194,0.000994025,-0.000994025,-0.00669267
1195,0.00148504,-0.000990618,-0.00673928
1196,0.00196894,-0.00098779,-0.00678821
1197,-0.00197325,-0.000495224,-0.00675589
1198,-0.00148866,-0.000496527,-0.00670707
1199,-0.000996555,-0.0004982,-0.00666008
1200,-0.00049948,-0.00049948,-0.00662714
1201,-1.69441e-17,-0.00049995,-0.00661537
1202,0.00049948,-0.00049948,-0.00662714
1203,0.000996555,-0.0004982,-0.00666008
1204,0.00148866,-0.000496527,-0.00670707
1205,0.00197325,-0.000495224,-0.00675589
1206,-0.00197473,7.60247e-17,-0.00674439
1207,-0.00148994,8.29685e-17,-0.00669561
1208,-0.000997468,9.47335e-17,-0.00664847
1209,-0.00049995,5.39996e-17,-0.00661537
1210,-3.85799e-17,9.82727e-17,-0.00660355
1211,0.00049995,1.0858e-16,-0.00661537
1212,0.000997468,9.37808e-17,-0.00664847
1213,0.00148994,1.82586e-17,-0.00669561
1214,0.00197473,8.10824e-17,-0.00674439
1215,-0.00197325,0.000495224,-0.00675589
1216,-0.00148866,0.000496527,-0.00670707
1217,-0.000996555,0.0004982,-0.00666008
1218,-0.00049948,0.00049948,-0.00662714
1219,-4.05795e-17,0.00049995,-0.00661537
1220,0.00049948,0.00049948,-0.00662714
1221,0.000996555,0.0004982,-0.00666008
1222,0.00148866,0.000496527,-0.00670707
1223,0.00197325,0.000495224,-0.00675589
1224,-0.00196894,0.00098779,-0.00678821
1225,-0.00148504,0.000990618,-0.00673928
1226,-0.000994025,0.000994025,-0.00669267
1227,-0.0004982,0.000996555,-0.00666008
1228,-5.0565e-17,0.000997468,-0.00664847
1229,0.0004982,0.000996555,-0.00666008
1230,0.000994025,0.000994025,-0.00669267
1231,0.00148504,0.000990618,-0.00673928
1232,0.00196894,0.00098779,-0.00678821
1233,-0.0019624,0.00147515,-0.00683479
1234,-0.00147988,0.00147988,-0.00678563
1235,-0.000990618,0.00148504,-0.00673928
1236,-0.000496527,0.00148866,-0.00670707
1237,-2.94978e-17,0.00148994,-0.00669561
1238,0.000496527,0.00148866,-0.00670707
1239,0.000990618,0.00148504,-0.00673928
1240,0.00147988,0.00147988,-0.00678563
1241,0.0019624,0.00147515,-0.00683479
1242,-0.00195551,0.00195551,-0.00688493
1243,-0.00147515,0.0019624,-0.00683479
1244,-0.00098779,0.00196894,-0.00678821
1245,-0.000495224,0.00197325,-0.00675589
1246,7.995e-18,0.00197473,-0.00674439
1247,0.000495224,0.00197325,-0.00675589
1248,0.00098779,0.00196894,-0.00678821
1249,0.00147515,0.0019624,-0.00683479
1250,0.00195551,0.00195551,-0.00688493
1251,-0.00197073,-0.00197073,-0.00787566
1252,-0.00148622,-0.00197278,-0.00783337
1253,-0.000995347,-0.00197412,-0.00779327
1254,-0.000499154,-0.00197471,-0.00776496
1255,-2.46772e-17,-0.00197486,-0.00775479
1256,0.000499154,-0.00197471,-0.00776496
1257,0.000995347,-0.00197412,-0.00779327
1258,0.00148622,-0.00197278,-0.00783337
1259,0.00197073,-0.00197073,-0.00787566
1260,-0.00197278,-0.00148622,-0.00783337
1261,-0.00148786,-0.00148786,-0.00779227
1262,-0.000996476,-0.00148918,-0.00775279
1263,-0.000499726,-0.00148997,-0.0077249
1264,-1.06365e-17,-0.00149023,-0.0077149
1265,0.000499726,-0.00148997,-0.0077249
1266,0.000996476,-0.00148918,-0.00775279
1267,0.00148786,-0.00148786,-0.00779227
1268,0.00197278,-0.00148622,-0.00783337
1269,-0.00197412,-0.000995347,-0.00779327
1270,-0.00148918,-0.000996476,-0.00775279
1271,-0.000997467,-0.000997467,-0.00771335
1272,-0.000500243,-0.000998151,-0.00768534
1273,7.78145e-18,-0.000998391,-0.00767527
1274,0.000500243,-0.000998151,-0.00768534
1275,0.000997467,-0.000997467,-0.00771335
1276,0.00148918,-0.000996476,-0.00775279
1277,0.00197412,-0.000995347,-0.00779327
1278,-0.00197471,-0.000499154,-0.00776496
1279,-0.00148997,-0.000499726,-0.0077249
1280,-0.000998151,-0.000500243,-0.00768534
1281,-0.000500623,-0.000500623,-0.00765715
1282,1.36337e-17,-0.000500763,-0.00764701
1283,0.000500623,-0.000500623,-0.00765715
1284,0.000998151,-0.000500243,-0.00768534
1285,0.00148997,-0.000499726,-0.0077249
1286,0.00197471,-0.000499154,-0.00776496
1287,-0.00197486,6.47576e-17,-0.00775479
1288,-0.00149023,7.36722e-17,-0.0077149
1289,-0.000998391,4.58121e-17,-0.00767527
1290,-0.000500763,7.54924e-17,-0.00764701
1291,-3.13297e-17,3.76731e-17,-0.00763684
1292,0.000500763,9.61205e-17,-0.00764701
1293,0.000998391,2.17129e-17,-0.00767527
1294,0.00149023,1.38551e-17,-0.0077149
1295,0.00197486,4.0337e-17,-0.00775479
1296,-0.00197471,0.000499154,-0.00776496
1297,-0.00148997,0.000499726,-0.0077249
1298,-0.000998151,0.000500243,-0.00768534
1299,-0.000500623,0.000500623,-0.00765715
1300,-2.41087e-17,0.000500763,-0.00764701
1301,0.000500623,0.000500623,-0.00765715
1302,0.000998151,0.000500243,-0.00768534
1303,0.00148997,0.000499726,-0.0077249
1304,0.00197471,0.000499154,-0.00776496
1305,-0.00197412,0.000995347,-0.00779327
1306,-0.00148918,0.000996476,-0.00775279
1307,-0.000997467,0.000997467,-0.00771335
1308,-0.000500243,0.000998151,-0.00768534
1309,-1.48651e-17,0.000998391,-0.00767527
1310,0.000500243,0.000998151,-0.00768534
1311,0.000997467,0.000997467,-0.00771335
1312,0.00148918,0.000996476,-0.00775279
1313,0.00197412,0.000995347,-0.00779327
1314,-0.00197278,0.00148622,-0.00783337
1315,-0.00148786,0.00148786,-0.00779227
1316,-0.000996476,0.00148918,-0.00775279
1317,-0.000499726,0.00148997,-0.0077249
1318,-1.11889e-17,0.00149023,-0.0077149
1319,0.000499726,0.00148997,-0.0077249
1320,0.000996476,0.00148918,-0.00775279
1321,0.00148786,0.00148786,-0.00779227
1322,0.00197278,0.00148622,-0.00783337
1323,-0.00197073,0.00197073,-0.00787566
1324,-0.00148622,0.00197278,-0.00783337
1325,-0.000995347,0.00197412,-0.00779327
1326,-0.000499154,0.00197471,-0.00776496
1327,1.54923e-17,0.00197486,-0.00775479
1328,0.000499154,0.00197471,-0.00776496
1329,0.000995347,0.00197412,-0.00779327
1330,0.00148622,0.00197278,-0.00783337
1331,0.00197073,0.00197073,-0.00787566
