1,0,0,0
2,0,0,0
3,0,0,0
4,0,0,0
5,-0.0012343,-0.0012343,-0.0044665
6,0.0012343,-0.0012343,-0.0044665
7,0.0012343,0.0012343,-0.0044665
8,-0.0012343,0.0012343,-0.0044665
9,0,0,0
10,0,0,0
11,0,0,0
12,0,0,0
13,0,0,0
14,0,0,0
15,0,0,0
16,0,0,0
17,0,0,0
18,0.000635374,-0.000635374,-0.000354669
19,0.000874468,-0.000874468,-0.000818742
20,0.00100964,-0.00100964,-0.00124233
21,0.00109244,-0.00109244,-0.00166037
22,0.00114296,-0.00114296,-0.00209001
23,0.00117398,-0.00117398,-0.00253673
24,0.00119365,-0.00119365,-0.00300062
25,0.00120756,-0.00120756,-0.0034795
26,0.0012198,-0.0012198,-0.00396986
27,0.000993925,-0.00123382,-0.00445021
28,0.000750927,-0.00123158,-0.00443092
29,0.000503884,-0.00122818,-0.00441216
30,0.000253052,-0.00122523,-0.00439862
31,-1.89148e-16,-0.00122409,-0.0043937
32,-0.000253052,-0.00122523,-0.00439862
33,-0.000503884,-0.00122818,-0.00441216
34,-0.000750927,-0.00123158,-0.00443092
35,-0.000993925,-0.00123382,-0.00445021
36,-0.0012198,-0.0012198,-0.00396986
37,-0.00120756,-0.00120756,-0.0034795
38,-0.00119365,-0.00119365,-0.00300062
39,-0.00117398,-0.00117398,-0.00253673
40,-0.00114296,-0.00114296,-0.00209001
41,-0.00109244,-0.00109244,-0.00166037
42,-0.00100964,-0.00100964,-0.00124233
43,-0.000874468,-0.000874468,-0.000818742
44,-0.000635374,-0.000635374,-0.000354669
45,0,0,0
46,0,0,0
47,0,0,0
48,0,0,0
49,0,0,0
50,0,0,0
51,0,0,0
52,0,0,0
53,0,0,0
54,0.000635374,0.000635374,-0.000354669
55,0.000874468,0.000874468,-0.000818742
56,0.00100964,0.00100964,-0.00124233
57,0.00109244,0.00109244,-0.00166037
58,0.00114296,0.00114296,-0.00209001
59,0.00117398,0.00117398,-0.00253673
60,0.00119365,0.00119365,-0.00300062
61,0.00120756,0.00120756,-0.0034795
62,0.0012198,0.0012198,-0.00396986
63,0.00123382,0.000993925,-0.00445021
64,0.00123158,0.000750927,-0.00443092
65,0.00122818,0.000503884,-0.00441216
66,0.00122523,0.000253052,-0.00439862
67,0.00122409,5.25252e-17,-0.0043937
68,0.00122523,-0.000253052,-0.00439862
69,0.00122818,-0.000503884,-0.00441216
70,0.00123158,-0.000750927,-0.00443092
71,0.00123382,-0.000993925,-0.00445021
72,0,0,0
73,0,0,0
74,0,0,0
75,0,0,0
76,0,0,0
77,0,0,0
78,0,0,0
79,0,0,0
80,0,0,0
81,-0.000635374,0.000635374,-0.000354669
82,-0.000874468,0.000874468,-0.000818742
83,-0.00100964,0.00100964,-0.00124233
84,-0.00109244,0.00109244,-0.00166037
85,-0.00114296,0.00114296,-0.00209001
86,-0.00117398,0.00117398,-0.00253673
87,-0.00119365,0.00119365,-0.00300062
88,-0.00120756,0.00120756,-0.0034795
89,-0.0012198,0.0012198,-0.00396986
90,-0.000993925,0.00123382,-0.00445021
91,-0.000750927,0.00123158,-0.00443092
92,-0.000503884,0.00122818,-0.00441216
93,-0.000253052,0.00122523,-0.00439862
94,1.4009e-17,0.00122409,-0.0043937
95,0.000253052,0.00122523,-0.00439862
96,0.000503884,0.00122818,-0.00441216
97,0.000750927,0.00123158,-0.00443092
98,0.000993925,0.00123382,-0.00445021
99,0,0,0
100,0,0,0
101,0,0,0
102,0,0,0
103,0,0,0
104,0,0,0
105,0,0,0
106,0,0,0
107,0,0,0
108,-0.00123382,-0.000993925,-0.00445021
109,-0.00123158,-0.000750927,-0.00443092
110,-0.00122818,-0.000503884,-0.00441216
111,-0.00122523,-0.000253052,-0.00439862
112,-0.00122409,-1.90037e-17,-0.0043937
113,-0.00122523,0.000253052,-0.00439862
114,-0.00122818,0.000503884,-0.00441216
115,-0.00123158,0.000750927,-0.00443092
116,-0.00123382,0.000993925,-0.00445021
117,-0.000423518,-0.000584238,-0.000267959
118,-0.000280056,-0.000624251,-0.00025729
119,-0.000173764,-0.000649529,-0.000248025
120,-8.36543e-05,-0.000664005,-0.000244744
121,-2.63989e-17,-0.000668643,-0.000243644
122,8.36543e-05,-0.000664005,-0.000244744
123,0.000173764,-0.000649529,-0.000248025
124,0.000280056,-0.000624251,-0.00025729
125,0.000423518,-0.000584238,-0.000267959
126,-0.000666766,-0.00088893,-0.000700992
127,-0.000474089,-0.00089876,-0.00065566
128,-0.000304184,-0.000925829,-0.000631213
129,-0.000148712,-0.000942621,-0.000619157
130,-2.23501e-17,-0.000948549,-0.000615516
131,0.000148712,-0.000942621,-0.000619157
132,0.000304184,-0.000925829,-0.000631213
133,0.000474089,-0.00089876,-0.00065566
134,0.000666766,-0.00088893,-0.000700992
135,-0.000805203,-0.00103767,-0.00114425
136,-0.00059583,-0.00105179,-0.00108468
137,-0.000391249,-0.00106972,-0.00104924
138,-0.000193602,-0.00108406,-0.00102995
139,7.20129e-19,-0.00108913,-0.00102385
140,0.000193602,-0.00108406,-0.00102995
141,0.000391249,-0.00106972,-0.00104924
142,0.00059583,-0.00105179,-0.00108468
143,0.000805203,-0.00103767,-0.00114425
144,-0.000884259,-0.00111604,-0.00158845
145,-0.000665459,-0.0011325,-0.00153146
146,-0.000442879,-0.00114708,-0.00149261
147,-0.000220886,-0.00115776,-0.00146983
148,-3.94122e-17,-0.00116169,-0.00146235
149,0.000220886,-0.00115776,-0.00146983
150,0.000442879,-0.00114708,-0.00149261
151,0.000665459,-0.0011325,-0.00153146
152,0.000884259,-0.00111604,-0.00158845
153,-0.000928025,-0.00115961,-0.0020396
154,-0.000702737,-0.00117439,-0.00199148
155,-0.000470621,-0.0011865,-0.00195463
156,-0.000235722,-0.00119469,-0.0019317
157,-5.22028e-17,-0.0011976,-0.00192395
158,0.000235722,-0.00119469,-0.0019317
159,0.000470621,-0.0011865,-0.00195463
160,0.000702737,-0.00117439,-0.00199148
161,0.000928025,-0.00115961,-0.0020396
162,-0.000951669,-0.0011845,-0.00250159
163,-0.000721194,-0.00119577,-0.00246297
164,-0.000483921,-0.00120514,-0.00243054
165,-0.00024278,-0.00121125,-0.00240936
166,-8.93579e-17,-0.00121337,-0.00240202
167,0.00024278,-0.00121125,-0.00240936
168,0.000483921,-0.00120514,-0.00243054
169,0.000721194,-0.00119577,-0.00246297
170,0.000951669,-0.0011845,-0.00250159
171,-0.000964507,-0.00119955,-0.00297527
172,-0.000729724,-0.00120699,-0.0029444
173,-0.000489469,-0.00121337,-0.00291666
174,-0.000245593,-0.00121747,-0.0028978
175,-5.86924e-17,-0.00121887,-0.00289115
176,0.000245593,-0.00121747,-0.0028978
177,0.000489469,-0.00121337,-0.00291666
178,0.000729724,-0.00120699,-0.0029444
179,0.000964507,-0.00119955,-0.00297527
180,-0.000972714,-0.00121023,-0.00345963
181,-0.000734326,-0.00121425,-0.00343418
182,-0.000491979,-0.00121761,-0.00341028
183,-0.000246724,-0.00121969,-0.00339353
184,-3.99257e-17,-0.00122038,-0.00338755
185,0.000246724,-0.00121969,-0.00339353
186,0.000491979,-0.00121761,-0.00341028
187,0.000734326,-0.00121425,-0.00343418
188,0.000972714,-0.00121023,-0.00345963
189,-0.000980908,-0.00122051,-0.00395248
190,-0.000739528,-0.00122151,-0.00393055
191,-0.000495082,-0.00122192,-0.00390942
192,-0.000248198,-0.00122193,-0.00389434
193,-1.14868e-16,-0.00122188,-0.0038889
194,0.000248198,-0.00122193,-0.00389434
195,0.000495082,-0.00122192,-0.00390942
196,0.000739528,-0.00122151,-0.00393055
197,0.000980908,-0.00122051,-0.00395248
198,0.000584238,-0.000423518,-0.000267959
199,0.000624251,-0.000280056,-0.00025729
200,0.000649529,-0.000173764,-0.000248025
201,0.000664005,-8.36543e-05,-0.000244744
202,0.000668643,3.5527e-18,-0.000243644
203,0.000664005,8.36543e-05,-0.000244744
204,0.000649529,0.000173764,-0.000248025
205,0.000624251,0.000280056,-0.00025729
206,0.000584238,0.000423518,-0.000267959
207,0.00088893,-0.000666766,-0.000700992
208,0.00089876,-0.000474089,-0.00065566
209,0.000925829,-0.000304184,-0.000631213
210,0.000942621,-0.000148712,-0.000619157
211,0.000948549,2.41857e-17,-0.000615516
212,0.000942621,0.000148712,-0.000619157
213,0.000925829,0.000304184,-0.000631213
214,0.00089876,0.000474089,-0.00065566
215,0.00088893,0.000666766,-0.000700992
216,0.00103767,-0.000805203,-0.00114425
217,0.00105179,-0.00059583,-0.00108468
218,0.00106972,-0.000391249,-0.00104924
219,0.00108406,-0.000193602,-0.00102995
220,0.00108913,3.8038e-17,-0.00102385
221,0.00108406,0.000193602,-0.00102995
222,0.00106972,0.000391249,-0.00104924
223,0.00105179,0.00059583,-0.00108468
224,0.00103767,0.000805203,-0.00114425
225,0.00111604,-0.000884259,-0.00158845
226,0.0011325,-0.000665459,-0.00153146
227,0.00114708,-0.000442879,-0.00149261
228,0.00115776,-0.000220886,-0.00146983
229,0.00116169,2.15046e-17,-0.00146235
230,0.00115776,0.000220886,-0.00146983
231,0.00114708,0.000442879,-0.00149261
232,0.0011325,0.000665459,-0.00153146
233,0.00111604,0.000884259,-0.00158845
234,0.00115961,-0.000928025,-0.0020396
235,0.00117439,-0.000702737,-0.00199148
236,0.0011865,-0.000470621,-0.00195463
237,0.00119469,-0.000235722,-0.0019317
238,0.0011976,6.28105e-19,-0.00192395
239,0.00119469,0.000235722,-0.0019317
240,0.0011865,0.000470621,-0.00195463
241,0.00117439,0.000702737,-0.00199148
242,0.00115961,0.000928025,-0.0020396
243,0.0011845,-0.000951669,-0.00250159
244,0.00119577,-0.000721194,-0.00246297
245,0.00120514,-0.000483921,-0.00243054
246,0.00121125,-0.00024278,-0.00240936
247,0.00121337,4.38745e-17,-0.00240202
248,0.00121125,0.00024278,-0.00240936
249,0.00120514,0.000483921,-0.00243054
250,0.00119577,0.000721194,-0.00246297
251,0.0011845,0.000951669,-0.00250159
252,0.00119955,-0.000964507,-0.00297527
253,0.00120699,-0.000729724,-0.0029444
254,0.00121337,-0.000489469,-0.00291666
255,0.00121747,-0.000245593,-0.0028978
256,0.00121887,7.61663e-17,-0.00289115
257,0.00121747,0.000245593,-0.0028978
258,0.00121337,0.000489469,-0.00291666
259,0.00120699,0.000729724,-0.0029444
260,0.00119955,0.000964507,-0.00297527
261,0.00121023,-0.000972714,-0.00345963
262,0.00121425,-0.000734326,-0.00343418
263,0.00121761,-0.000491979,-0.00341028
264,0.00121969,-0.000246724,-0.00339353
265,0.00122038,8.20902e-17,-0.00338755
266,0.00121969,0.000246724,-0.00339353
267,0.00121761,0.000491979,-0.00341028
268,0.00121425,0.000734326,-0.00343418
269,0.00121023,0.000972714,-0.00345963
270,0.00122051,-0.000980908,-0.00395248
271,0.00122151,-0.000739528,-0.00393055
272,0.00122192,-0.000495082,-0.00390942
273,0.00122193,-0.000248198,-0.00389434
274,0.00122188,8.91231e-17,-0.0038889
275,0.00122193,0.000248198,-0.00389434
276,0.00122192,0.000495082,-0.00390942
277,0.00122151,0.000739528,-0.00393055
278,0.00122051,0.000980908,-0.00395248
279,0.000423518,0.000584238,-0.000267959
280,0.000280056,0.000624251,-0.00025729
281,0.000173764,0.000649529,-0.000248025
282,8.36543e-05,0.000664005,-0.000244744
283,2.91838e-17,0.000668643,-0.000243644
284,-8.36543e-05,0.000664005,-0.000244744
285,-0.000173764,0.000649529,-0.000248025
286,-0.000280056,0.000624251,-0.00025729
287,-0.000423518,0.000584238,-0.000267959
288,0.000666766,0.00088893,-0.000700992
289,0.000474089,0.00089876,-0.00065566
290,0.000304184,0.000925829,-0.000631213
291,0.000148712,0.000942621,-0.000619157
292,1.12195e-17,0.000948549,-0.000615516
293,-0.000148712,0.000942621,-0.000619157
294,-0.000304184,0.000925829,-0.000631213
295,-0.000474089,0.00089876,-0.00065566
296,-0.000666766,0.00088893,-0.000700992
297,0.000805203,0.00103767,-0.00114425
298,0.00059583,0.00105179,-0.00108468
299,0.000391249,0.00106972,-0.00104924
300,0.000193602,0.00108406,-0.00102995
301,2.57175e-17,0.00108913,-0.00102385
302,-0.000193602,0.00108406,-0.00102995
303,-0.000391249,0.00106972,-0.00104924
304,-0.00059583,0.00105179,-0.00108468
305,-0.000805203,0.00103767,-0.00114425
306,0.000884259,0.00111604,-0.00158845
307,0.000665459,0.0011325,-0.00153146
308,0.000442879,0.00114708,-0.00149261
309,0.000220886,0.00115776,-0.00146983
310,3.0046e-17,0.00116169,-0.00146235
311,-0.000220886,0.00115776,-0.00146983
312,-0.000442879,0.00114708,-0.00149261
313,-0.000665459,0.0011325,-0.00153146
314,-0.000884259,0.00111604,-0.00158845
315,0.000928025,0.00115961,-0.0020396
316,0.000702737,0.00117439,-0.00199148
317,0.000470621,0.0011865,-0.00195463
318,0.000235722,0.00119469,-0.0019317
319,6.75809e-17,0.0011976,-0.00192395
320,-0.000235722,0.00119469,-0.0019317
321,-0.000470621,0.0011865,-0.00195463
322,-0.000702737,0.00117439,-0.00199148
323,-0.000928025,0.00115961,-0.0020396
324,0.000951669,0.0011845,-0.00250159
325,0.000721194,0.00119577,-0.00246297
326,0.000483921,0.00120514,-0.00243054
327,0.00024278,0.00121125,-0.00240936
328,-3.10338e-17,0.00121337,-0.00240202
329,-0.00024278,0.00121125,-0.00240936
330,-0.000483921,0.00120514,-0.00243054
331,-0.000721194,0.00119577,-0.00246297
332,-0.000951669,0.0011845,-0.00250159
333,0.000964507,0.00119955,-0.00297527
334,0.000729724,0.00120699,-0.0029444
335,0.000489469,0.00121337,-0.00291666
336,0.000245593,0.00121747,-0.0028978
337,-4.78882e-17,0.00121887,-0.00289115
338,-0.000245593,0.00121747,-0.0028978
339,-0.000489469,0.00121337,-0.00291666
340,-0.000729724,0.00120699,-0.0029444
341,-0.000964507,0.00119955,-0.00297527
342,0.000972714,0.00121023,-0.00345963
343,0.000734326,0.00121425,-0.00343418
344,0.000491979,0.00121761,-0.00341028
345,0.000246724,0.00121969,-0.00339353
346,-4.02257e-17,0.00122038,-0.00338755
347,-0.000246724,0.00121969,-0.00339353
348,-0.000491979,0.00121761,-0.00341028
349,-0.000734326,0.00121425,-0.00343418
350,-0.000972714,0.00121023,-0.00345963
351,0.000980908,0.00122051,-0.00395248
352,0.000739528,0.00122151,-0.00393055
353,0.000495082,0.00122192,-0.00390942
354,0.000248198,0.00122193,-0.00389434
355,-2.30833e-17,0.00122188,-0.0038889
356,-0.000248198,0.00122193,-0.00389434
357,-0.000495082,0.00122192,-0.00390942
358,-0.000739528,0.00122151,-0.00393055
359,-0.000980908,0.00122051,-0.00395248
360,-0.000584238,0.000423518,-0.000267959
361,-0.000624251,0.000280056,-0.00025729
362,-0.000649529,0.000173764,-0.000248025
363,-0.000664005,8.36543e-05,-0.000244744
364,-0.000668643,-8.58691e-18,-0.000243644
365,-0.000664005,-8.36543e-05,-0.000244744
366,-0.000649529,-0.000173764,-0.000248025
367,-0.000624251,-0.000280056,-0.00025729
368,-0.000584238,-0.000423518,-0.000267959
369,-0.00088893,0.000666766,-0.000700992
370,-0.00089876,0.000474089,-0.00065566
371,-0.000925829,0.000304184,-0.000631213
372,-0.000942621,0.000148712,-0.000619157
373,-0.000948549,1.89398e-17,-0.000615516
374,-0.000942621,-0.000148712,-0.000619157
375,-0.000925829,-0.000304184,-0.000631213
376,-0.00089876,-0.000474089,-0.00065566
377,-0.00088893,-0.000666766,-0.000700992
378,-0.00103767,0.000805203,-0.00114425
379,-0.00105179,0.00059583,-0.00108468
380,-0.00106972,0.000391249,-0.00104924
381,-0.00108406,0.000193602,-0.00102995
382,-0.00108913,1.82609e-18,-0.00102385
383,-0.00108406,-0.000193602,-0.00102995
384,-0.00106972,-0.000391249,-0.00104924
385,-0.00105179,-0.00059583,-0.00108468
386,-0.00103767,-0.000805203,-0.00114425
387,-0.00111604,0.000884259,-0.00158845
388,-0.0011325,0.000665459,-0.00153146
389,-0.00114708,0.000442879,-0.00149261
390,-0.00115776,0.000220886,-0.00146983
391,-0.00116169,4.18092e-17,-0.00146235
392,-0.00115776,-0.000220886,-0.00146983
393,-0.00114708,-0.000442879,-0.00149261
394,-0.0011325,-0.000665459,-0.00153146
395,-0.00111604,-0.000884259,-0.00158845
396,-0.00115961,0.000928025,-0.0020396
397,-0.00117439,0.000702737,-0.00199148
398,-0.0011865,0.000470621,-0.00195463
399,-0.00119469,0.000235722,-0.0019317
400,-0.0011976,5.24121e-17,-0.00192395
401,-0.00119469,-0.000235722,-0.0019317
402,-0.0011865,-0.000470621,-0.00195463
403,-0.00117439,-0.000702737,-0.00199148
404,-0.00115961,-0.000928025,-0.0020396
405,-0.0011845,0.000951669,-0.00250159
406,-0.00119577,0.000721194,-0.00246297
407,-0.00120514,0.000483921,-0.00243054
408,-0.00121125,0.00024278,-0.00240936
409,-0.00121337,5.47102e-17,-0.00240202
410,-0.00121125,-0.00024278,-0.00240936
411,-0.00120514,-0.000483921,-0.00243054
412,-0.00119577,-0.000721194,-0.00246297
413,-0.0011845,-0.000951669,-0.00250159
414,-0.00119955,0.000964507,-0.00297527
415,-0.00120699,0.000729724,-0.0029444
416,-0.00121337,0.000489469,-0.00291666
417,-0.00121747,0.000245593,-0.0028978
418,-0.00121887,5.28392e-17,-0.00289115
419,-0.00121747,-0.000245593,-0.0028978
420,-0.00121337,-0.000489469,-0.00291666
421,-0.00120699,-0.000729724,-0.0029444
422,-0.00119955,-0.000964507,-0.00297527
423,-0.00121023,0.000972714,-0.00345963
424,-0.00121425,0.000734326,-0.00343418
425,-0.00121761,0.000491979,-0.00341028
426,-0.00121969,0.000246724,-0.00339353
427,-0.00122038,1.12606e-16,-0.00338755
428,-0.00121969,-0.000246724,-0.00339353
429,-0.00121761,-0.000491979,-0.00341028
430,-0.00121425,-0.000734326,-0.00343418
431,-0.00121023,-0.000972714,-0.00345963
432,-0.00122051,0.000980908,-0.00395248
433,-0.00122151,0.000739528,-0.00393055
434,-0.00122192,0.000495082,-0.00390942
435,-0.00122193,0.000248198,-0.00389434
436,-0.00122188,3.90526e-17,-0.0038889
437,-0.00122193,-0.000248198,-0.00389434
438,-0.00122192,-0.000495082,-0.00390942
439,-0.00122151,-0.000739528,-0.00393055
440,-0.00122051,-0.000980908,-0.00395248
441,0,0,0
442,0,0,0
443,0,0,0
444,0,0,0
445,0,0,0
446,0,0,0
447,0,0,0
448,0,0,0
449,0,0,0
450,0,0,0
451,0,0,0
452,0,0,0
453,0,0,0
454,0,0,0
455,0,0,0
456,0,0,0
457,0,0,0
458,0,0,0
459,0,0,0
460,0,0,0
461,0,0,0
462,0,0,0
463,0,0,0
464,0,0,0
465,0,0,0
466,0,0,0
467,0,0,0
468,0,0,0
469,0,0,0
470,0,0,0
471,0,0,0
472,0,0,0
473,0,0,0
474,0,0,0
475,0,0,0
476,0,0,0
477,0,0,0
478,0,0,0
479,0,0,0
480,0,0,0
481,0,0,0
482,0,0,0
483,0,0,0
484,0,0,0
485,0,0,0
486,0,0,0
487,0,0,0
488,0,0,0
489,0,0,0
490,0,0,0
491,0,0,0
492,0,0,0
493,0,0,0
494,0,0,0
495,0,0,0
496,0,0,0
497,0,0,0
498,0,0,0
499,0,0,0
500,0,0,0
501,0,0,0
502,0,0,0
503,0,0,0
504,0,0,0
505,0,0,0
506,0,0,0
507,0,0,0
508,0,0,0
509,0,0,0
510,0,0,0
511,0,0,0
512,0,0,0
513,0,0,0
514,0,0,0
515,0,0,0
516,0,0,0
517,0,0,0
518,0,0,0
519,0,0,0
520,0,0,0
521,0,0,0
522,-0.000993949,-0.000993949,-0.00443488
523,-0.00075136,-0.00099249,-0.00441708
524,-0.000504462,-0.00099053,-0.00440022
525,-0.000253449,-0.00098888,-0.00438825
526,1.06026e-17,-0.00098824,-0.00438393
527,0.000253449,-0.00098888,-0.00438825
528,0.000504462,-0.00099053,-0.00440022
529,0.00075136,-0.00099249,-0.00441708
530,0.000993949,-0.000993949,-0.00443488
531,-0.00099249,-0.00075136,-0.00441708
532,-0.000750324,-0.000750324,-0.0044002
533,-0.000503708,-0.000749264,-0.00438403
534,-0.000253033,-0.000748464,-0.00437255
535,2.86595e-17,-0.000748164,-0.00436841
536,0.000253033,-0.000748464,-0.00437255
537,0.000503708,-0.000749264,-0.00438403
538,0.000750324,-0.000750324,-0.0044002
539,0.00099249,-0.00075136,-0.00441708
540,-0.00099053,-0.000504462,-0.00440022
541,-0.000749264,-0.000503708,-0.00438403
542,-0.000503115,-0.000503115,-0.00436824
543,-0.00025275,-0.000502746,-0.00435695
544,1.96005e-17,-0.00050262,-0.00435287
545,0.00025275,-0.000502746,-0.00435695
546,0.000503115,-0.000503115,-0.00436824
547,0.000749264,-0.000503708,-0.00438403
548,0.00099053,-0.000504462,-0.00440022
549,-0.00098888,-0.000253449,-0.00438825
550,-0.000748464,-0.000253033,-0.00437255
551,-0.000502746,-0.00025275,-0.00435695
552,-0.000252601,-0.000252601,-0.00434574
553,-4.08509e-17,-0.000252556,-0.00434169
554,0.000252601,-0.000252601,-0.00434574
555,0.000502746,-0.00025275,-0.00435695
556,0.000748464,-0.000253033,-0.00437255
557,0.00098888,-0.000253449,-0.00438825
558,-0.00098824,-3.18159e-17,-0.00438393
559,-0.000748164,1.23942e-16,-0.00436841
560,-0.00050262,-3.05526e-17,-0.00435287
561,-0.000252556,-3.89053e-17,-0.00434169
562,-2.34233e-17,3.19833e-17,-0.00433765
563,0.000252556,5.67273e-17,-0.00434169
564,0.00050262,9.94597e-18,-0.00435287
565,0.000748164,-2.08976e-17,-0.00436841
566,0.00098824,2.45532e-17,-0.00438393
567,-0.00098888,0.000253449,-0.00438825
568,-0.000748464,0.000253033,-0.00437255
569,-0.000502746,0.00025275,-0.00435695
570,-0.000252601,0.000252601,-0.00434574
571,-2.95687e-17,0.000252556,-0.00434169
572,0.000252601,0.000252601,-0.00434574
573,0.000502746,0.00025275,-0.00435695
574,0.000748464,0.000253033,-0.00437255
575,0.00098888,0.000253449,-0.00438825
576,-0.00099053,0.000504462,-0.00440022
577,-0.000749264,0.000503708,-0.00438403
578,-0.000503115,0.000503115,-0.00436824
579,-0.00025275,0.000502746,-0.00435695
580,-6.98944e-17,0.00050262,-0.00435287
581,0.00025275,0.000502746,-0.00435695
582,0.000503115,0.000503115,-0.00436824
583,0.000749264,0.000503708,-0.00438403
584,0.00099053,0.000504462,-0.00440022
585,-0.00099249,0.00075136,-0.00441708
586,-0.000750324,0.000750324,-0.0044002
587,-0.000503708,0.000749264,-0.00438403
588,-0.000253033,0.000748464,-0.00437255
589,-6.01683e-17,0.000748164,-0.00436841
590,0.000253033,0.000748464,-0.00437255
591,0.000503708,0.000749264,-0.00438403
592,0.000750324,0.000750324,-0.0044002
593,0.00099249,0.00075136,-0.00441708
594,-0.000993949,0.000993949,-0.00443488
595,-0.00075136,0.00099249,-0.00441708
596,-0.000504462,0.00099053,-0.00440022
597,-0.000253449,0.00098888,-0.00438825
598,7.12717e-19,0.00098824,-0.00438393
599,0.000253449,0.00098888,-0.00438825
600,0.000504462,0.00099053,-0.00440022
601,0.00075136,0.00099249,-0.00441708
602,0.000993949,0.000993949,-0.00443488
603,-0.000401005,-0.000401005,-0.00018277
604,-0.000269932,-0.000421528,-0.000174345
605,-0.000167728,-0.000440071,-0.000165786
606,-8.06393e-05,-0.000451473,-0.000162281
607,-1.40763e-17,-0.000455292,-0.000161081
608,8.06393e-05,-0.000451473,-0.000162281
609,0.000167728,-0.000440071,-0.000165786
610,0.000269932,-0.000421528,-0.000174345
611,0.000401005,-0.000401005,-0.00018277
612,-0.000421528,-0.000269932,-0.000174345
613,-0.000283302,-0.000283302,-0.000162081
614,-0.000175364,-0.000295944,-0.000153098
615,-8.39933e-05,-0.000304438,-0.000149299
616,-2.14844e-17,-0.000307339,-0.000148049
617,8.39933e-05,-0.000304438,-0.000149299
618,0.000175364,-0.000295944,-0.000153098
619,0.000283302,-0.000283302,-0.000162081
620,0.000421528,-0.000269932,-0.000174345
621,-0.000440071,-0.000167728,-0.000165786
622,-0.000295944,-0.000175364,-0.000153098
623,-0.000183218,-0.000183218,-0.000143522
624,-8.76895e-05,-0.000188648,-0.000139488
625,-6.92694e-18,-0.000190556,-0.000138153
626,8.76895e-05,-0.000188648,-0.000139488
627,0.000183218,-0.000183218,-0.000143522
628,0.000295944,-0.000175364,-0.000153098
629,0.000440071,-0.000167728,-0.000165786
630,-0.000451473,-8.06393e-05,-0.000162281
631,-0.000304438,-8.39933e-05,-0.000149299
632,-0.000188648,-8.76895e-05,-0.000139488
633,-9.03184e-05,-9.03184e-05,-0.000135275
634,2.46294e-18,-9.12479e-05,-0.000133892
635,9.03184e-05,-9.03184e-05,-0.000135275
636,0.000188648,-8.76895e-05,-0.000139488
637,0.000304438,-8.39933e-05,-0.000149299
638,0.000451473,-8.06393e-05,-0.000162281
639,-0.000455292,1.89551e-17,-0.000161081
640,-0.000307339,-4.76504e-18,-0.000148049
641,-0.000190556,-8.1353e-18,-0.000138153
642,-9.12479e-05,-1.31682e-17,-0.000133892
643,-9.16675e-19,-1.95421e-17,-0.000132487
644,9.12479e-05,-1.56712e-17,-0.000133892
645,0.000190556,-2.92402e-17,-0.000138153
646,0.000307339,-2.45386e-17,-0.000148049
647,0.000455292,-9.18263e-18,-0.000161081
648,-0.000451473,8.06393e-05,-0.000162281
649,-0.000304438,8.39933e-05,-0.000149299
650,-0.000188648,8.76895e-05,-0.000139488
651,-9.03184e-05,9.03184e-05,-0.000135275
652,-1.8422e-17,9.12479e-05,-0.000133892
653,9.03184e-05,9.03184e-05,-0.000135275
654,0.000188648,8.76895e-05,-0.000139488
655,0.000304438,8.39933e-05,-0.000149299
656,0.000451473,8.06393e-05,-0.000162281
657,-0.000440071,0.000167728,-0.000165786
658,-0.000295944,0.000175364,-0.000153098
659,-0.000183218,0.000183218,-0.000143522
660,-8.76895e-05,0.000188648,-0.000139488
661,7.61033e-18,0.000190556,-0.000138153
662,8.76895e-05,0.000188648,-0.000139488
663,0.000183218,0.000183218,-0.000143522
664,0.000295944,0.000175364,-0.000153098
665,0.000440071,0.000167728,-0.000165786
666,-0.000421528,0.000269932,-0.000174345
667,-0.000283302,0.000283302,-0.000162081
668,-0.000175364,0.000295944,-0.000153098
669,-8.39933e-05,0.000304438,-0.000149299
670,6.34556e-18,0.000307339,-0.000148049
671,8.39933e-05,0.000304438,-0.000149299
672,0.000175364,0.000295944,-0.000153098
673,0.000283302,0.000283302,-0.000162081
674,0.000421528,0.000269932,-0.000174345
675,-0.000401005,0.000401005,-0.00018277
676,-0.000269932,0.000421528,-0.000174345
677,-0.000167728,0.000440071,-0.000165786
678,-8.06393e-05,0.000451473,-0.000162281
679,7.04105e-18,0.000455292,-0.000161081
680,8.06393e-05,0.000451473,-0.000162281
681,0.000167728,0.000440071,-0.000165786
682,0.000269932,0.000421528,-0.000174345
683,0.000401005,0.000401005,-0.00018277
684,-0.000670324,-0.000670324,-0.000585052
685,-0.000471958,-0.000682116,-0.000545328
686,-0.000300622,-0.000703075,-0.000523494
687,-0.000146267,-0.000717413,-0.000511988
688,-2.01872e-17,-0.000722444,-0.000508462
689,0.000146267,-0.000717413,-0.000511988
690,0.000300622,-0.000703075,-0.000523494
691,0.000471958,-0.000682116,-0.000545328
692,0.000670324,-0.000670324,-0.000585052
693,-0.000682116,-0.000471958,-0.000545328
694,-0.000481039,-0.000481039,-0.000498416
695,-0.000306646,-0.000495696,-0.000475091
696,-0.000149106,-0.000506234,-0.000462811
697,2.61291e-18,-0.000510009,-0.000459055
698,0.000149106,-0.000506234,-0.000462811
699,0.000306646,-0.000495696,-0.000475091
700,0.000481039,-0.000481039,-0.000498416
701,0.000682116,-0.000471958,-0.000545328
702,-0.000703075,-0.000300622,-0.000523494
703,-0.000495696,-0.000306646,-0.000475091
704,-0.000315968,-0.000315968,-0.000450025
705,-0.000153615,-0.000322832,-0.00043701
706,-1.4951e-17,-0.000325313,-0.000433013
707,0.000153615,-0.000322832,-0.00043701
708,0.000315968,-0.000315968,-0.000450025
709,0.000495696,-0.000306646,-0.000475091
710,0.000703075,-0.000300622,-0.000523494
711,-0.000717413,-0.000146267,-0.000511988
712,-0.000506234,-0.000149106,-0.000462811
713,-0.000322832,-0.000153615,-0.00043701
714,-0.000156976,-0.000156976,-0.00042346
715,1.61772e-17,-0.000158198,-0.000419302
716,0.000156976,-0.000156976,-0.00042346
717,0.000322832,-0.000153615,-0.00043701
718,0.000506234,-0.000149106,-0.000462811
719,0.000717413,-0.000146267,-0.000511988
720,-0.000722444,-6.29108e-18,-0.000508462
721,-0.000510009,-8.507e-18,-0.000459055
722,-0.000325313,1.53134e-18,-0.000433013
723,-0.000158198,1.61971e-18,-0.000419302
724,-4.43902e-19,4.07769e-19,-0.000415084
725,0.000158198,1.28219e-19,-0.000419302
726,0.000325313,-2.66062e-17,-0.000433013
727,0.000510009,-4.69694e-17,-0.000459055
728,0.000722444,1.16022e-17,-0.000508462
729,-0.000717413,0.000146267,-0.000511988
730,-0.000506234,0.000149106,-0.000462811
731,-0.000322832,0.000153615,-0.00043701
732,-0.000156976,0.000156976,-0.00042346
733,-1.6746e-18,0.000158198,-0.000419302
734,0.000156976,0.000156976,-0.00042346
735,0.000322832,0.000153615,-0.00043701
736,0.000506234,0.000149106,-0.000462811
737,0.000717413,0.000146267,-0.000511988
738,-0.000703075,0.000300622,-0.000523494
739,-0.000495696,0.000306646,-0.000475091
740,-0.000315968,0.000315968,-0.000450025
741,-0.000153615,0.000322832,-0.00043701
742,-2.50992e-17,0.000325313,-0.000433013
743,0.000153615,0.000322832,-0.00043701
744,0.000315968,0.000315968,-0.000450025
745,0.000495696,0.000306646,-0.000475091
746,0.000703075,0.000300622,-0.000523494
747,-0.000682116,0.000471958,-0.000545328
748,-0.000481039,0.000481039,-0.000498416
749,-0.000306646,0.000495696,-0.000475091
750,-0.000149106,0.000506234,-0.000462811
751,-3.41377e-18,0.000510009,-0.000459055
752,0.000149106,0.000506234,-0.000462811
753,0.000306646,0.000495696,-0.000475091
754,0.000481039,0.000481039,-0.000498416
755,0.000682116,0.000471958,-0.000545328
756,-0.000670324,0.000670324,-0.000585052
757,-0.000471958,0.000682116,-0.000545328
758,-0.000300622,0.000703075,-0.000523494
759,-0.000146267,0.000717413,-0.000511988
760,1.82998e-17,0.000722444,-0.000508462
761,0.000146267,0.000717413,-0.000511988
762,0.000300622,0.000703075,-0.000523494
763,0.000471958,0.000682116,-0.000545328
764,0.000670324,0.000670324,-0.000585052
765,-0.000816031,-0.000816031,-0.00104639
766,-0.000596606,-0.000830472,-0.000989362
767,-0.000388888,-0.00084674,-0.000955747
768,-0.000191635,-0.000859615,-0.000937311
769,-1.38117e-17,-0.000864219,-0.000931436
770,0.000191635,-0.000859615,-0.000937311
771,0.000388888,-0.00084674,-0.000955747
772,0.000596606,-0.000830472,-0.000989362
773,0.000816031,-0.000816031,-0.00104639
774,-0.000830472,-0.000596606,-0.000989362
775,-0.000607163,-0.000607163,-0.000930406
776,-0.000395072,-0.000619736,-0.000895256
777,-0.000194423,-0.000629644,-0.000876292
778,-1.03095e-17,-0.000633243,-0.000870189
779,0.000194423,-0.000629644,-0.000876292
780,0.000395072,-0.000619736,-0.000895256
781,0.000607163,-0.000607163,-0.000930406
782,0.000830472,-0.000596606,-0.000989362
783,-0.00084674,-0.000388888,-0.000955747
784,-0.000619736,-0.000395072,-0.000895256
785,-0.000403346,-0.000403346,-0.000858061
786,-0.000198479,-0.000409888,-0.000838087
787,1.63797e-18,-0.000412289,-0.000831674
788,0.000198479,-0.000409888,-0.000838087
789,0.000403346,-0.000403346,-0.000858061
790,0.000619736,-0.000395072,-0.000895256
791,0.00084674,-0.000388888,-0.000955747
792,-0.000859615,-0.000191635,-0.000937311
793,-0.000629644,-0.000194423,-0.000876292
794,-0.000409888,-0.000198479,-0.000838087
795,-0.000201719,-0.000201719,-0.000817404
796,1.19671e-17,-0.00020291,-0.00081076
797,0.000201719,-0.000201719,-0.000817404
798,0.000409888,-0.000198479,-0.000838087
799,0.000629644,-0.000194423,-0.000876292
800,0.000859615,-0.000191635,-0.000937311
801,-0.000864219,6.17438e-18,-0.000931436
802,-0.000633243,6.18636e-18,-0.000870189
803,-0.000412289,4.01561e-18,-0.000831674
804,-0.00020291,1.64494e-17,-0.00081076
805,-1.31602e-17,1.56846e-17,-0.000804031
806,0.00020291,5.71739e-20,-0.00081076
807,0.000412289,-2.06124e-17,-0.000831674
808,0.000633243,-2.55402e-17,-0.000870189
809,0.000864219,-6.9795e-18,-0.000931436
810,-0.000859615,0.000191635,-0.000937311
811,-0.000629644,0.000194423,-0.000876292
812,-0.000409888,0.000198479,-0.000838087
813,-0.000201719,0.000201719,-0.000817404
814,1.3049e-18,0.00020291,-0.00081076
815,0.000201719,0.000201719,-0.000817404
816,0.000409888,0.000198479,-0.000838087
817,0.000629644,0.000194423,-0.000876292
818,0.000859615,0.000191635,-0.000937311
819,-0.00084674,0.000388888,-0.000955747
820,-0.000619736,0.000395072,-0.000895256
821,-0.000403346,0.000403346,-0.000858061
822,-0.000198479,0.000409888,-0.000838087
823,-1.80585e-17,0.000412289,-0.000831674
824,0.000198479,0.000409888,-0.000838087
825,0.000403346,0.000403346,-0.000858061
826,0.000619736,0.000395072,-0.000895256
827,0.00084674,0.000388888,-0.000955747
828,-0.000830472,0.000596606,-0.000989362
829,-0.000607163,0.000607163,-0.000930406
830,-0.000395072,0.000619736,-0.000895256
831,-0.000194423,0.000629644,-0.000876292
832,-4.29998e-18,0.000633243,-0.000870189
833,0.000194423,0.000629644,-0.000876292
834,0.000395072,0.000619736,-0.000895256
835,0.000607163,0.000607163,-0.000930406
836,0.000830472,0.000596606,-0.000989362
837,-0.000816031,0.000816031,-0.00104639
838,-0.000596606,0.000830472,-0.000989362
839,-0.000388888,0.00084674,-0.000955747
840,-0.000191635,0.000859615,-0.000937311
841,3.28357e-18,0.000864219,-0.000931436
842,0.000191635,0.000859615,-0.000937311
843,0.000388888,0.00084674,-0.000955747
844,0.000596606,0.000830472,-0.000989362
845,0.000816031,0.000816031,-0.00104639
846,-0.000894348,-0.000894348,-0.00151663
847,-0.00066717,-0.000909002,-0.00145991
848,-0.000441506,-0.000922919,-0.00142175
849,-0.000219487,-0.000932992,-0.00139971
850,2.932e-17,-0.00093671,-0.00139248
851,0.000219487,-0.000932992,-0.00139971
852,0.000441506,-0.000922919,-0.00142175
853,0.00066717,-0.000909002,-0.00145991
854,0.000894348,-0.000894348,-0.00151663
855,-0.000909002,-0.00066717,-0.00145991
856,-0.000676975,-0.000676975,-0.00140358
857,-0.00044713,-0.000688057,-0.00136462
858,-0.000221954,-0.000696155,-0.0013421
859,1.81438e-17,-0.000699163,-0.00133472
860,0.000221954,-0.000696155,-0.0013421
861,0.00044713,-0.000688057,-0.00136462
862,0.000676975,-0.000676975,-0.00140358
863,0.000909002,-0.00066717,-0.00145991
864,-0.000922919,-0.000441506,-0.00142175
865,-0.000688057,-0.00044713,-0.00136462
866,-0.000454446,-0.000454446,-0.00132429
867,-0.000225519,-0.00045997,-0.00130087
868,1.60267e-17,-0.000462021,-0.0012932
869,0.000225519,-0.00045997,-0.00130087
870,0.000454446,-0.000454446,-0.00132429
871,0.000688057,-0.00044713,-0.00136462
872,0.000922919,-0.000441506,-0.00142175
873,-0.000932992,-0.000219487,-0.00139971
874,-0.000696155,-0.000221954,-0.0013421
875,-0.00045997,-0.000225519,-0.00130087
876,-0.000228279,-0.000228279,-0.00127674
877,-2.62643e-17,-0.000229308,-0.00126884
878,0.000228279,-0.000228279,-0.00127674
879,0.00045997,-0.000225519,-0.00130087
880,0.000696155,-0.000221954,-0.0013421
881,0.000932992,-0.000219487,-0.00139971
882,-0.00093671,3.96177e-17,-0.00139248
883,-0.000699163,4.78846e-18,-0.00133472
884,-0.000462021,4.41008e-17,-0.0012932
885,-0.000229308,2.47422e-17,-0.00126884
886,-1.81134e-17,3.25434e-18,-0.00126085
887,0.000229308,-7.19433e-18,-0.00126884
888,0.000462021,-8.91287e-18,-0.0012932
889,0.000699163,-2.09072e-17,-0.00133472
890,0.00093671,4.13446e-17,-0.00139248
891,-0.000932992,0.000219487,-0.00139971
892,-0.000696155,0.000221954,-0.0013421
893,-0.00045997,0.000225519,-0.00130087
894,-0.000228279,0.000228279,-0.00127674
895,-1.89728e-17,0.000229308,-0.00126884
896,0.000228279,0.000228279,-0.00127674
897,0.00045997,0.000225519,-0.00130087
898,0.000696155,0.000221954,-0.0013421
899,0.000932992,0.000219487,-0.00139971
900,-0.000922919,0.000441506,-0.00142175
901,-0.000688057,0.00044713,-0.00136462
902,-0.000454446,0.000454446,-0.00132429
903,-0.000225519,0.00045997,-0.00130087
904,-1.28136e-17,0.000462021,-0.0012932
905,0.000225519,0.00045997,-0.00130087
906,0.000454446,0.000454446,-0.00132429
907,0.000688057,0.00044713,-0.00136462
908,0.000922919,0.000441506,-0.00142175
909,-0.000909002,0.00066717,-0.00145991
910,-0.000676975,0.000676975,-0.00140358
911,-0.00044713,0.000688057,-0.00136462
912,-0.000221954,0.000696155,-0.0013421
913,-2.69643e-17,0.000699163,-0.00133472
914,0.000221954,0.000696155,-0.0013421
915,0.00044713,0.000688057,-0.00136462
916,0.000676975,0.000676975,-0.00140358
917,0.000909002,0.00066717,-0.00145991
918,-0.000894348,0.000894348,-0.00151663
919,-0.00066717,0.000909002,-0.00145991
920,-0.000441506,0.000922919,-0.00142175
921,-0.000219487,0.000932992,-0.00139971
922,-3.77881e-17,0.00093671,-0.00139248
923,0.000219487,0.000932992,-0.00139971
924,0.000441506,0.000922919,-0.00142175
925,0.00066717,0.000909002,-0.00145991
926,0.000894348,0.000894348,-0.00151663
927,-0.000935454,-0.000935454,-0.00198959
928,-0.000704241,-0.000947954,-0.00194125
929,-0.000469751,-0.000959462,-0.00190467
930,-0.00023473,-0.000967367,-0.0018823
931,-3.90814e-17,-0.000970177,-0.00187477
932,0.00023473,-0.000967367,-0.0018823
933,0.000469751,-0.000959462,-0.00190467
934,0.000704241,-0.000947954,-0.00194125
935,0.000935454,-0.000935454,-0.00198959
936,-0.000947954,-0.000704241,-0.00194125
937,-0.000712395,-0.000712395,-0.00189357
938,-0.000474371,-0.000721479,-0.00185662
939,-0.000236767,-0.000727958,-0.00183388
940,-1.79341e-17,-0.000730282,-0.00182623
941,0.000236767,-0.000727958,-0.00183388
942,0.000474371,-0.000721479,-0.00185662
943,0.000712395,-0.000712395,-0.00189357
944,0.000947954,-0.000704241,-0.00194125
945,-0.000959462,-0.000469751,-0.00190467
946,-0.000721479,-0.000474371,-0.00185662
947,-0.000480342,-0.000480342,-0.00181892
948,-0.000239673,-0.000484811,-0.00179553
949,-1.69198e-17,-0.000486429,-0.00178765
950,0.000239673,-0.000484811,-0.00179553
951,0.000480342,-0.000480342,-0.00181892
952,0.000721479,-0.000474371,-0.00185662
953,0.000959462,-0.000469751,-0.00190467
954,-0.000967367,-0.00023473,-0.0018823
955,-0.000727958,-0.000236767,-0.00183388
956,-0.000484811,-0.000239673,-0.00179553
957,-0.000241919,-0.000241919,-0.00177161
958,-2.13037e-17,-0.00024274,-0.00176353
959,0.000241919,-0.000241919,-0.00177161
960,0.000484811,-0.000239673,-0.00179553
961,0.000727958,-0.000236767,-0.00183388
962,0.000967367,-0.00023473,-0.0018823
963,-0.000970177,4.12029e-17,-0.00187477
964,-0.000730282,1.08579e-18,-0.00182623
965,-0.000486429,-3.57023e-17,-0.00178765
966,-0.00024274,-6.89154e-18,-0.00176353
967,-8.13871e-18,-1.29069e-17,-0.00175537
968,0.00024274,-3.36376e-18,-0.00176353
969,0.000486429,-3.16374e-17,-0.00178765
970,0.000730282,-1.37033e-17,-0.00182623
971,0.000970177,1.3366e-17,-0.00187477
972,-0.000967367,0.00023473,-0.0018823
973,-0.000727958,0.000236767,-0.00183388
974,-0.000484811,0.000239673,-0.00179553
975,-0.000241919,0.000241919,-0.00177161
976,-9.54311e-18,0.00024274,-0.00176353
977,0.000241919,0.000241919,-0.00177161
978,0.000484811,0.000239673,-0.00179553
979,0.000727958,0.000236767,-0.00183388
980,0.000967367,0.00023473,-0.0018823
981,-0.000959462,0.000469751,-0.00190467
982,-0.000721479,0.000474371,-0.00185662
983,-0.000480342,0.000480342,-0.00181892
984,-0.000239673,0.000484811,-0.00179553
985,9.18029e-18,0.000486429,-0.00178765
986,0.000239673,0.000484811,-0.00179553
987,0.000480342,0.000480342,-0.00181892
988,0.000721479,0.000474371,-0.00185662
989,0.000959462,0.000469751,-0.00190467
990,-0.000947954,0.000704241,-0.00194125
991,-0.000712395,0.000712395,-0.00189357
992,-0.000474371,0.000721479,-0.00185662
993,-0.000236767,0.000727958,-0.00183388
994,-3.45058e-17,0.000730282,-0.00182623
995,0.000236767,0.000727958,-0.00183388
996,0.000474371,0.000721479,-0.00185662
997,0.000712395,0.000712395,-0.00189357
998,0.000947954,0.000704241,-0.00194125
999,-0.000935454,0.000935454,-0.00198959
1000,-0.000704241,0.000947954,-0.00194125
1001,-0.000469751,0.000959462,-0.00190467
1002,-0.00023473,0.000967367,-0.0018823
1003,-2.77048e-18,0.000970177,-0.00187477
1004,0.00023473,0.000967367,-0.0018823
1005,0.000469751,0.000959462,-0.00190467
1006,0.000704241,0.000947954,-0.00194125
1007,0.000935454,0.000935454,-0.00198959
1008,-0.000956404,-0.000956404,-0.0024671
1009,-0.000722127,-0.000965783,-0.00242847
1010,-0.000483286,-0.000974563,-0.00239639
1011,-0.000242081,-0.000980488,-0.0023757
1012,-2.13026e-17,-0.000982566,-0.00236858
1013,0.000242081,-0.000980488,-0.0023757
1014,0.000483286,-0.000974563,-0.00239639
1015,0.000722127,-0.000965783,-0.00242847
1016,0.000956404,-0.000956404,-0.0024671
1017,-0.000965783,-0.000722127,-0.00242847
1018,-0.000728266,-0.000728266,-0.00239037
1019,-0.000486783,-0.000735117,-0.0023581
1020,-0.000243629,-0.000739989,-0.00233718
1021,-1.13452e-17,-0.000741725,-0.00232998
1022,0.000243629,-0.000739989,-0.00233718
1023,0.000486783,-0.000735117,-0.0023581
1024,0.000728266,-0.000728266,-0.00239037
1025,0.000965783,-0.000722127,-0.00242847
1026,-0.000974563,-0.000483286,-0.00239639
1027,-0.000735117,-0.000486783,-0.0023581
1028,-0.000491263,-0.000491263,-0.00232543
1029,-0.000245808,-0.000494627,-0.00230407
1030,-1.17738e-17,-0.000495844,-0.0022967
1031,0.000245808,-0.000494627,-0.00230407
1032,0.000491263,-0.000491263,-0.00232543
1033,0.000735117,-0.000486783,-0.0023581
1034,0.000974563,-0.000483286,-0.00239639
1035,-0.000980488,-0.000242081,-0.0023757
1036,-0.000739989,-0.000243629,-0.00233718
1037,-0.000494627,-0.000245808,-0.00230407
1038,-0.000247499,-0.000247499,-0.00228235
1039,-3.04346e-17,-0.00024812,-0.00227484
1040,0.000247499,-0.000247499,-0.00228235
1041,0.000494627,-0.000245808,-0.00230407
1042,0.000739989,-0.000243629,-0.00233718
1043,0.000980488,-0.000242081,-0.0023757
1044,-0.000982566,8.6904e-18,-0.00236858
1045,-0.000741725,3.21242e-17,-0.00232998
1046,-0.000495844,1.70383e-17,-0.0022967
1047,-0.00024812,2.55163e-17,-0.00227484
1048,-3.98566e-17,1.20031e-18,-0.00226727
1049,0.00024812,1.68705e-17,-0.00227484
1050,0.000495844,-1.4951e-17,-0.0022967
1051,0.000741725,1.59854e-17,-0.00232998
1052,0.000982566,3.33839e-17,-0.00236858
1053,-0.000980488,0.000242081,-0.0023757
1054,-0.000739989,0.000243629,-0.00233718
1055,-0.000494627,0.000245808,-0.00230407
1056,-0.000247499,0.000247499,-0.00228235
1057,-1.25326e-17,0.00024812,-0.00227484
1058,0.000247499,0.000247499,-0.00228235
1059,0.000494627,0.000245808,-0.00230407
1060,0.000739989,0.000243629,-0.00233718
1061,0.000980488,0.000242081,-0.0023757
1062,-0.000974563,0.000483286,-0.00239639
1063,-0.000735117,0.000486783,-0.0023581
1064,-0.000491263,0.000491263,-0.00232543
1065,-0.000245808,0.000494627,-0.00230407
1066,4.88735e-18,0.000495844,-0.0022967
1067,0.000245808,0.000494627,-0.00230407
1068,0.000491263,0.000491263,-0.00232543
1069,0.000735117,0.000486783,-0.0023581
1070,0.000974563,0.000483286,-0.00239639
1071,-0.000965783,0.000722127,-0.00242847
1072,-0.000728266,0.000728266,-0.00239037
1073,-0.000486783,0.000735117,-0.0023581
1074,-0.000243629,0.000739989,-0.00233718
1075,-2.09249e-17,0.000741725,-0.00232998
1076,0.000243629,0.000739989,-0.00233718
1077,0.000486783,0.000735117,-0.0023581
1078,0.000728266,0.000728266,-0.00239037
1079,0.000965783,0.000722127,-0.00242847
1080,-0.000956404,0.000956404,-0.0024671
1081,-0.000722127,0.000965783,-0.00242847
1082,-0.000483286,0.000974563,-0.00239639
1083,-0.000242081,0.000980488,-0.0023757
1084,-1.72922e-17,0.000982566,-0.00236858
1085,0.000242081,0.000980488,-0.0023757
1086,0.000483286,0.000974563,-0.00239639
1087,0.000722127,0.000965783,-0.00242847
1088,0.000956404,0.000956404,-0.0024671
1089,-0.000967182,-0.000967182,-0.0029507
1090,-0.000730238,-0.000973376,-0.00292019
1091,-0.000489077,-0.000979321,-0.00289304
1092,-0.000245174,-0.000983322,-0.00287477
1093,-3.23367e-17,-0.000984714,-0.00286835
1094,0.000245174,-0.000983322,-0.00287477
1095,0.000489077,-0.000979321,-0.00289304
1096,0.000730238,-0.000973376,-0.00292019
1097,0.000967182,-0.000967182,-0.0029507
1098,-0.000973376,-0.000730238,-0.00292019
1099,-0.000734363,-0.000734363,-0.00289013
1100,-0.000491467,-0.000738985,-0.00286294
1101,-0.000246244,-0.000742282,-0.00284457
1102,-2.18895e-17,-0.000743453,-0.00283813
1103,0.000246244,-0.000742282,-0.00284457
1104,0.000491467,-0.000738985,-0.00286294
1105,0.000734363,-0.000734363,-0.00289013
1106,0.000973376,-0.000730238,-0.00292019
1107,-0.000979321,-0.000489077,-0.00289304
1108,-0.000738985,-0.000491467,-0.00286294
1109,-0.000494485,-0.000494485,-0.00283551
1110,-0.000247714,-0.000496759,-0.00281686
1111,1.32935e-17,-0.000497583,-0.00281029
1112,0.000247714,-0.000496759,-0.00281686
1113,0.000494485,-0.000494485,-0.00283551
1114,0.000738985,-0.000491467,-0.00286294
1115,0.000979321,-0.000489077,-0.00289304
1116,-0.000983322,-0.000245174,-0.00287477
1117,-0.000742282,-0.000246244,-0.00284457
1118,-0.000496759,-0.000247714,-0.00281686
1119,-0.000248856,-0.000248856,-0.00279795
1120,1.41607e-17,-0.000249277,-0.00279128
1121,0.000248856,-0.000248856,-0.00279795
1122,0.000496759,-0.000247714,-0.00281686
1123,0.000742282,-0.000246244,-0.00284457
1124,0.000983322,-0.000245174,-0.00287477
1125,-0.000984714,1.21098e-16,-0.00286835
1126,-0.000743453,2.5511e-17,-0.00283813
1127,-0.000497583,8.12774e-17,-0.00281029
1128,-0.000249277,5.9154e-17,-0.00279128
1129,-4.26625e-17,5.95314e-17,-0.00278457
1130,0.000249277,5.7821e-17,-0.00279128
1131,0.000497583,2.41989e-17,-0.00281029
1132,0.000743453,4.2638e-17,-0.00283813
1133,0.000984714,5.80585e-17,-0.00286835
1134,-0.000983322,0.000245174,-0.00287477
1135,-0.000742282,0.000246244,-0.00284457
1136,-0.000496759,0.000247714,-0.00281686
1137,-0.000248856,0.000248856,-0.00279795
1138,8.3003e-19,0.000249277,-0.00279128
1139,0.000248856,0.000248856,-0.00279795
1140,0.000496759,0.000247714,-0.00281686
1141,0.000742282,0.000246244,-0.00284457
1142,0.000983322,0.000245174,-0.00287477
1143,-0.000979321,0.000489077,-0.00289304
1144,-0.000738985,0.000491467,-0.00286294
1145,-0.000494485,0.000494485,-0.00283551
1146,-0.000247714,0.000496759,-0.00281686
1147,1.03521e-17,0.000497583,-0.00281029
1148,0.000247714,0.000496759,-0.00281686
1149,0.000494485,0.000494485,-0.00283551
1150,0.000738985,0.000491467,-0.00286294
1151,0.000979321,0.000489077,-0.00289304
1152,-0.000973376,0.000730238,-0.00292019
1153,-0.000734363,0.000734363,-0.00289013
1154,-0.000491467,0.000738985,-0.00286294
1155,-0.000246244,0.000742282,-0.00284457
1156,-1.66492e-17,0.000743453,-0.00283813
1157,0.000246244,0.000742282,-0.00284457
1158,0.000491467,0.000738985,-0.00286294
1159,0.000734363,0.000734363,-0.00289013
1160,0.000973376,0.000730238,-0.00292019
1161,-0.000967182,0.000967182,-0.0029507
1162,-0.000730238,0.000973376,-0.00292019
1163,-0.000489077,0.000979321,-0.00289304
1164,-0.000245174,0.000983322,-0.00287477
1165,-2.43263e-17,0.000984714,-0.00286835
1166,0.000245174,0.000983322,-0.00287477
1167,0.000489077,0.000979321,-0.00289304
1168,0.000730238,0.000973376,-0.00292019
1169,0.000967182,0.000967182,-0.0029507
1170,-0.000974039,-0.000974039,-0.00344061
1171,-0.000734729,-0.000977434,-0.0034159
1172,-0.000491968,-0.000980662,-0.00339291
1173,-0.00024664,-0.00098279,-0.00337695
1174,-6.3912e-17,-0.000983519,-0.00337126
1175,0.00024664,-0.00098279,-0.00337695
1176,0.000491968,-0.000980662,-0.00339291
1177,0.000734729,-0.000977434,-0.0034159
1178,0.000974039,-0.000974039,-0.00344061
1179,-0.000977434,-0.000734729,-0.0034159
1180,-0.000737059,-0.000737059,-0.00339167
1181,-0.000493364,-0.000739605,-0.0033688
1182,-0.000247284,-0.000741394,-0.0033529
1183,2.41719e-17,-0.000742025,-0.00334724
1184,0.000247284,-0.000741394,-0.0033529
1185,0.000493364,-0.000739605,-0.0033688
1186,0.000737059,-0.000737059,-0.00339167
1187,0.000977434,-0.000734729,-0.0034159
1188,-0.000980662,-0.000491968,-0.00339291
1189,-0.000739605,-0.000493364,-0.0033688
1190,-0.000495046,-0.000495046,-0.00334581
1191,-0.000248109,-0.000496294,-0.00332972
1192,-7.76816e-18,-0.000496745,-0.00332398
1193,0.000248109,-0.000496294,-0.00332972
1194,0.000495046,-0.000495046,-0.00334581
1195,0.000739605,-0.000493364,-0.0033688
1196,0.000980662,-0.000491968,-0.00339291
1197,-0.00098279,-0.00024664,-0.00337695
1198,-0.000741394,-0.000247284,-0.0033529
1199,-0.000496294,-0.000248109,-0.00332972
1200,-0.000248742,-0.000248742,-0.00331345
1201,-1.39194e-17,-0.000248974,-0.00330764
1202,0.000248742,-0.000248742,-0.00331345
1203,0.000496294,-0.000248109,-0.00332972
1204,0.000741394,-0.000247284,-0.0033529
1205,0.00098279,-0.00024664,-0.00337695
1206,-0.000983519,8.21882e-17,-0.00337126
1207,-0.000742025,7.14792e-17,-0.00334724
1208,-0.000496745,7.65145e-17,-0.00332398
1209,-0.000248974,8.49615e-17,-0.00330764
1210,1.20877e-17,5.48032e-17,-0.0033018
1211,0.000248974,6.9631e-17,-0.00330764
1212,0.000496745,9.0876e-17,-0.00332398
1213,0.000742025,6.83343e-17,-0.00334724
1214,0.000983519,7.51678e-17,-0.00337126
1215,-0.00098279,0.00024664,-0.00337695
1216,-0.000741394,0.000247284,-0.0033529
1217,-0.000496294,0.000248109,-0.00332972
1218,-0.000248742,0.000248742,-0.00331345
1219,-8.49558e-18,0.000248974,-0.00330764
1220,0.000248742,0.000248742,-0.00331345
1221,0.000496294,0.000248109,-0.00332972
1222,0.000741394,0.000247284,-0.0033529
1223,0.00098279,0.00024664,-0.00337695
1224,-0.000980662,0.000491968,-0.00339291
1225,-0.000739605,0.000493364,-0.0033688
1226,-0.000495046,0.000495046,-0.00334581
1227,-0.000248109,0.000496294,-0.00332972
1228,-5.40287e-18,0.000496745,-0.00332398
1229,0.000248109,0.000496294,-0.00332972
1230,0.000495046,0.000495046,-0.00334581
1231,0.000739605,0.000493364,-0.0033688
1232,0.000980662,0.000491968,-0.00339291
1233,-0.000977434,0.000734729,-0.0034159
1234,-0.000737059,0.000737059,-0.00339167
1235,-0.000493364,0.000739605,-0.0033688
1236,-0.000247284,0.000741394,-0.0033529
1237,-3.97455e-17,0.000742025,-0.00334724
1238,0.000247284,0.000741394,-0.0033529
1239,0.000493364,0.000739605,-0.0033688
1240,0.000737059,0.000737059,-0.00339167
1241,0.000977434,0.000734729,-0.0034159
1242,-0.000974039,0.000974039,-0.00344061
1243,-0.000734729,0.000977434,-0.0034159
1244,-0.000491968,0.000980662,-0.00339291
1245,-0.00024664,0.00098279,-0.00337695
1246,-1.91984e-17,0.000983519,-0.00337126
1247,0.00024664,0.00098279,-0.00337695
1248,0.000491968,0.000980662,-0.00339291
1249,0.000734729,0.000977434,-0.0034159
1250,0.000974039,0.000974039,-0.00344061
1251,-0.000981582,-0.000981582,-0.003936
1252,-0.000740212,-0.000982573,-0.00391517
1253,-0.000495707,-0.000983213,-0.0038954
1254,-0.000248583,-0.000983488,-0.00388143
1255,-1.05211e-17,-0.000983552,-0.00387641
1256,0.000248583,-0.000983488,-0.00388143
1257,0.000495707,-0.000983213,-0.0038954
1258,0.000740212,-0.000982573,-0.00391517
1259,0.000981582,-0.000981582,-0.003936
1260,-0.000982573,-0.000740212,-0.00391517
1261,-0.000741007,-0.000741007,-0.00389494
1262,-0.000496257,-0.000741642,-0.00387548
1263,-0.000248862,-0.000742018,-0.00386172
1264,2.89064e-17,-0.000742137,-0.00385678
1265,0.000248862,-0.000742018,-0.00386172
1266,0.000496257,-0.000741642,-0.00387548
1267,0.000741007,-0.000741007,-0.00389494
1268,0.000982573,-0.000740212,-0.00391517
1269,-0.000983213,-0.000495707,-0.0038954
1270,-0.000741642,-0.000496257,-0.00387548
1271,-0.000496734,-0.000496734,-0.00385604
1272,-0.000249112,-0.000497062,-0.00384222
1273,-2.5199e-17,-0.000497177,-0.00383726
1274,0.000249112,-0.000497062,-0.00384222
1275,0.000496734,-0.000496734,-0.00385604
1276,0.000741642,-0.000496257,-0.00387548
1277,0.000983213,-0.000495707,-0.0038954
1278,-0.000983488,-0.000248583,-0.00388143
1279,-0.000742018,-0.000248862,-0.00386172
1280,-0.000497062,-0.000249112,-0.00384222
1281,-0.000249294,-0.000249294,-0.00382832
1282,-1.07804e-17,-0.000249362,-0.00382332
1283,0.000249294,-0.000249294,-0.00382832
1284,0.000497062,-0.000249112,-0.00384222
1285,0.000742018,-0.000248862,-0.00386172
1286,0.000983488,-0.000248583,-0.00388143
1287,-0.000983552,6.71009e-17,-0.00387641
1288,-0.000742137,6.21718e-17,-0.00385678
1289,-0.000497177,3.39249e-17,-0.00383726
1290,-0.000249362,3.42588e-17,-0.00382332
1291,1.34832e-17,7.14226e-17,-0.0038183
1292,0.000249362,3.32353e-17,-0.00382332
1293,0.000497177,9.04049e-17,-0.00383726
1294,0.000742137,1.82853e-19,-0.00385678
1295,0.000983552,5.24563e-17,-0.00387641
1296,-0.000983488,0.000248583,-0.00388143
1297,-0.000742018,0.000248862,-0.00386172
1298,-0.000497062,0.000249112,-0.00384222
1299,-0.000249294,0.000249294,-0.00382832
1300,-3.65434e-17,0.000249362,-0.00382332
1301,0.000249294,0.000249294,-0.00382832
1302,0.000497062,0.000249112,-0.00384222
1303,0.000742018,0.000248862,-0.00386172
1304,0.000983488,0.000248583,-0.00388143
1305,-0.000983213,0.000495707,-0.0038954
1306,-0.000741642,0.000496257,-0.00387548
1307,-0.000496734,0.000496734,-0.00385604
1308,-0.000249112,0.000497062,-0.00384222
1309,2.66103e-17,0.000497177,-0.00383726
1310,0.000249112,0.000497062,-0.00384222
1311,0.000496734,0.000496734,-0.00385604
1312,0.000741642,0.000496257,-0.00387548
1313,0.000983213,0.000495707,-0.0038954
1314,-0.000982573,0.000740212,-0.00391517
1315,-0.000741007,0.000741007,-0.00389494
1316,-0.000496257,0.000741642,-0.00387548
1317,-0.000248862,0.000742018,-0.00386172
1318,-6.2476e-17,0.000742137,-0.00385678
1319,0.000248862,0.000742018,-0.00386172
1320,0.000496257,0.000741642,-0.00387548
1321,0.000741007,0.000741007,-0.00389494
1322,0.000982573,0.000740212,-0.00391517
1323,-0.000981582,0.000981582,-0.003936
1324,-0.000740212,0.000982573,-0.00391517
1325,-0.000495707,0.000983213,-0.0038954
1326,-0.000248583,0.000983488,-0.00388143
1327,-2.41637e-17,0.000983552,-0.00387641
1328,0.000248583,0.000983488,-0.00388143
1329,0.000495707,0.000983213,-0.0038954
1330,0.000740212,0.000982573,-0.00391517
1331,0.000981582,0.000981582,-0.003936
