1,168.75,77.3139,15.7916,3.37398,1.06024,0.597061,0.526825,0.555952,0.614936,0.684332,0.757934
2,168.75,77.3139,15.7918,3.37431,1.06079,0.597811,0.527721,0.556941,0.615964,0.685352,0.758923
3,168.75,77.2365,15.6378,3.14459,0.756113,0.218397,0.0737707,0.0285064,0.0127145,0.00700335,0.0051774
4,-9.20236e-15,-0.00270229,-0.00459481,-0.00561262,-0.00591598,-0.00572384,-0.00520794,-0.00456669,-0.00386929,-0.00317695,-0.0025615
5,-9.20236e-15,-0.00270076,-0.00458867,-0.00559879,-0.00589137,-0.00568525,-0.00515223,-0.00449057,-0.00376956,-0.00305047,-0.0024048
6,-9.20236e-15,0.00158034,0.00280958,0.00360433,0.00398832,0.00407016,0.00395795,0.00374633,0.00349518,0.00322245,0.00297862
7,-9.20236e-15,0.00157987,0.00280767,0.00360002,0.00398066,0.00405816,0.00394064,0.0037227,0.0034642,0.00318327,0.00293008
8,-9.20236e-15,0.00135032,0.00244089,0.00320561,0.00363032,0.00381092,0.00381331,0.00371934,0.00354848,0.0033602,0.00317045
9,-9.20236e-15,0.00134971,0.00243844,0.00320009,0.00362053,0.00379562,0.00379126,0.00368923,0.00350921,0.00331045,0.00310894
10,-9.20236e-15,0.00117528,0.00216154,0.00284345,0.00329166,0.00350308,0.00355658,0.00349904,0.00339052,0.00324481,0.00309042
11,-9.20236e-15,0.00117467,0.00215907,0.00283792,0.00328181,0.00348768,0.0035344,0.00346886,0.00335108,0.00319489,0.0030288
12,-9.20236e-15,0.00117493,0.00219144,0.00291872,0.00342164,0.00369776,0.00381143,0.00380416,0.00372654,0.00361606,0.0034781
13,-9.20236e-15,0.00117432,0.00218898,0.00291319,0.00341178,0.00368236,0.00378924,0.00377398,0.00368711,0.00356613,0.00341648
14,-9.20236e-15,0.00135652,0.00252955,0.00345453,0.00407818,0.00448334,0.0046911,0.00478123,0.0047472,0.0046592,0.00454719
15,-9.20236e-15,0.0013559,0.0025271,0.003449,0.00406839,0.00446804,0.00466905,0.00475113,0.00470794,0.00460945,0.00448568
16,-9.20236e-15,0.00160572,0.00301582,0.00414275,0.00496338,0.0054942,0.0057938,0.00592125,0.00593092,0.00583451,0.00571109
17,-9.20236e-15,0.00160524,0.00301391,0.00413844,0.00495572,0.0054822,0.00577649,0.00589763,0.00589993,0.00579533,0.00566255
18,-9.20236e-15,-0.002655,-0.00430051,-0.00491499,-0.00470431,-0.0040262,-0.00309821,-0.00215739,-0.00126732,-0.000473272,0.000170613
19,-9.20236e-15,-0.00265347,-0.00429438,-0.00490116,-0.0046797,-0.00398761,-0.0030425,-0.00208128,-0.00116758,-0.000346797,0.000327311
20,168.75,77.292,15.7915,3.3737,1.06092,0.597794,0.527718,0.556943,0.615967,0.685342,0.758916
21,168.75,77.292,15.7913,3.37337,1.06037,0.597041,0.52682,0.555957,0.614937,0.684322,0.757925
22,168.75,77.2147,15.6376,3.14397,0.75624,0.218375,0.0737648,0.028514,0.0127162,0.00700126,0.00517615
23,-2.52217e-15,-0.00265121,-0.00430225,-0.00490896,-0.00470303,-0.00402698,-0.00310082,-0.00215874,-0.00126875,-0.000472579,0.000168098
24,-2.52217e-15,-0.00264968,-0.00429612,-0.00489513,-0.00467842,-0.00398839,-0.00304511,-0.00208263,-0.00116901,-0.000346104,0.000324796
25,0,0,0,0,0,0,0,0,0,0,0
26,0,0,0,0,0,0,0,0,0,0,0
27,0,0,0,0,0,0,0,0,0,0,0
28,0,0,0,0,0,0,0,0,0,0,0
29,0,0,0,0,0,0,0,0,0,0,0
30,0,0,0,0,0,0,0,0,0,0,0
31,0,0,0,0,0,0,0,0,0,0,0
32,0,0,0,0,0,0,0,0,0,0,0
33,-2.52217e-15,-0.00270483,-0.00459536,-0.00561467,-0.0059176,-0.00572842,-0.00520888,-0.00456197,-0.00387199,-0.00317696,-0.00256336
34,-2.52217e-15,-0.0027033,-0.00458923,-0.00560084,-0.00589299,-0.00568983,-0.00515317,-0.00448585,-0.00377225,-0.00305048,-0.00240666
35,1.58772e-14,0.0016078,0.00301477,0.00414356,0.00496255,0.00549197,0.00578912,0.00592215,0.00592914,0.00583337,0.00570773
36,1.58772e-14,0.00160732,0.00301287,0.00413925,0.00495489,0.00547998,0.00577181,0.00589852,0.00589815,0.00579419,0.00565919
37,0,0,0,0,0,0,0,0,0,0,0
38,0,0,0,0,0,0,0,0,0,0,0
39,0,0,0,0,0,0,0,0,0,0,0
40,0,0,0,0,0,0,0,0,0,0,0
41,0,0,0,0,0,0,0,0,0,0,0
42,0,0,0,0,0,0,0,0,0,0,0
43,0,0,0,0,0,0,0,0,0,0,0
44,0,0,0,0,0,0,0,0,0,0,0
45,1.58772e-14,0.00157624,0.00280416,0.00360234,0.00398602,0.00406579,0.00395726,0.00374575,0.0034946,0.0032226,0.00297858
46,1.58772e-14,0.00157577,0.00280226,0.00359804,0.00397836,0.00405379,0.00393995,0.00372213,0.00346361,0.00318342,0.00293005
47,1.58772e-14,0.0013577,0.00253203,0.00345385,0.00407955,0.00447889,0.00468934,0.00478095,0.00474674,0.00465831,0.00454679
48,1.58772e-14,0.00135709,0.00252958,0.00344832,0.00406976,0.00446359,0.0046673,0.00475085,0.00470747,0.00460856,0.00448528
49,0,0,0,0,0,0,0,0,0,0,0
50,0,0,0,0,0,0,0,0,0,0,0
51,0,0,0,0,0,0,0,0,0,0,0
52,0,0,0,0,0,0,0,0,0,0,0
53,0,0,0,0,0,0,0,0,0,0,0
54,0,0,0,0,0,0,0,0,0,0,0
55,0,0,0,0,0,0,0,0,0,0,0
56,0,0,0,0,0,0,0,0,0,0,0
57,1.58772e-14,0.00135003,0.00243971,0.00320353,0.0036274,0.00381167,0.00381513,0.0037184,0.00354774,0.00336198,0.00317179
58,1.58772e-14,0.00134942,0.00243726,0.00319801,0.00361761,0.00379637,0.00379308,0.00368829,0.00350847,0.00331223,0.00311028
59,1.58773e-14,0.00117794,0.0021931,0.00292163,0.00342349,0.00369954,0.00381251,0.00380395,0.00372873,0.00361574,0.00347884
60,1.58773e-14,0.00117733,0.00219064,0.0029161,0.00341364,0.00368414,0.00379033,0.00377378,0.00368929,0.00356581,0.00341722
61,0,0,0,0,0,0,0,0,0,0,0
62,0,0,0,0,0,0,0,0,0,0,0
63,0,0,0,0,0,0,0,0,0,0,0
64,0,0,0,0,0,0,0,0,0,0,0
65,0,0,0,0,0,0,0,0,0,0,0
66,0,0,0,0,0,0,0,0,0,0,0
67,0,0,0,0,0,0,0,0,0,0,0
68,0,0,0,0,0,0,0,0,0,0,0
69,1.58773e-14,0.00117669,0.00216537,0.00284661,0.00328978,0.00350958,0.00355974,0.00349961,0.00338973,0.00324608,0.00309205
70,1.58773e-14,0.00117608,0.0021629,0.00284108,0.00327993,0.00349419,0.00353756,0.00346944,0.00335029,0.00319615,0.00303043
71,1.58773e-14,0.00117481,0.00216537,0.00284661,0.00328978,0.00350958,0.00355974,0.00349961,0.00338973,0.00324687,0.00309205
72,1.58773e-14,0.0011742,0.0021629,0.00284108,0.00327993,0.00349419,0.00353756,0.00346944,0.00335029,0.00319695,0.00303043
73,0,0,0,0,0,0,0,0,0,0,0
74,0,0,0,0,0,0,0,0,0,0,0
75,0,0,0,0,0,0,0,0,0,0,0
76,0,0,0,0,0,0,0,0,0,0,0
77,0,0,0,0,0,0,0,0,0,0,0
78,0,0,0,0,0,0,0,0,0,0,0
79,0,0,0,0,0,0,0,0,0,0,0
80,0,0,0,0,0,0,0,0,0,0,0
81,1.58773e-14,0.0011819,0.0021931,0.00292163,0.00342349,0.00369954,0.00381251,0.00380395,0.00372873,0.00361472,0.00347884
82,1.58773e-14,0.00118129,0.00219064,0.0029161,0.00341364,0.00368414,0.00379033,0.00377378,0.00368929,0.0035648,0.00341722
83,1.58772e-14,0.00134445,0.00243971,0.00320353,0.0036274,0.00381167,0.00381513,0.0037184,0.00354774,0.00336176,0.00317179
84,1.58772e-14,0.00134384,0.00243726,0.00319801,0.00361761,0.00379637,0.00379308,0.00368829,0.00350847,0.00331201,0.00311028
85,0,0,0,0,0,0,0,0,0,0,0
86,0,0,0,0,0,0,0,0,0,0,0
87,0,0,0,0,0,0,0,0,0,0,0
88,0,0,0,0,0,0,0,0,0,0,0
89,0,0,0,0,0,0,0,0,0,0,0
90,0,0,0,0,0,0,0,0,0,0,0
91,0,0,0,0,0,0,0,0,0,0,0
92,0,0,0,0,0,0,0,0,0,0,0
93,1.58772e-14,0.0013625,0.00253203,0.00345385,0.00407955,0.00447889,0.00469379,0.00478095,0.00474674,0.00465831,0.00454679
94,1.58772e-14,0.00136188,0.00252958,0.00344832,0.00406976,0.00446359,0.00467175,0.00475085,0.00470747,0.00460856,0.00448528
95,1.58772e-14,0.00157438,0.00280416,0.00360234,0.00398602,0.00406579,0.00395726,0.00374575,0.0034946,0.0032226,0.00297858
96,1.58772e-14,0.0015739,0.00280226,0.00359804,0.00397836,0.00405379,0.00393995,0.00372213,0.00346361,0.00318342,0.00293005
97,0,0,0,0,0,0,0,0,0,0,0
98,0,0,0,0,0,0,0,0,0,0,0
99,0,0,0,0,0,0,0,0,0,0,0
100,0,0,0,0,0,0,0,0,0,0,0
101,0,0,0,0,0,0,0,0,0,0,0
102,0,0,0,0,0,0,0,0,0,0,0
103,0,0,0,0,0,0,0,0,0,0,0
104,0,0,0,0,0,0,0,0,0,0,0
105,1.58772e-14,0.00160684,0.00301477,0.00414356,0.00496255,0.00549197,0.00579357,0.00592123,0.00592914,0.00583337,0.00570773
106,1.58772e-14,0.00160637,0.00301287,0.00413925,0.00495489,0.00547998,0.00577626,0.00589761,0.00589815,0.00579419,0.00565919
107,-2.52217e-15,-0.00270479,-0.00459536,-0.00561467,-0.0059176,-0.00572842,-0.00520888,-0.00456801,-0.00387199,-0.00317696,-0.00256336
108,-2.52217e-15,-0.00270326,-0.00458923,-0.00560084,-0.00589299,-0.00568983,-0.00515317,-0.0044919,-0.00377225,-0.00305048,-0.00240666
109,0,0,0,0,0,0,0,0,0,0,0
110,0,0,0,0,0,0,0,0,0,0,0
111,0,0,0,0,0,0,0,0,0,0,0
112,0,0,0,0,0,0,0,0,0,0,0
113,0,0,0,0,0,0,0,0,0,0,0
114,0,0,0,0,0,0,0,0,0,0,0
115,0,0,0,0,0,0,0,0,0,0,0
116,0,0,0,0,0,0,0,0,0,0,0
117,-2.52217e-15,-0.00265121,-0.00430225,-0.00490896,-0.00470303,-0.00402103,-0.00310082,-0.00215549,-0.00127034,-0.000473607,0.000168098
118,-2.52217e-15,-0.00264968,-0.00429612,-0.00489513,-0.00467842,-0.00398244,-0.00304511,-0.00207938,-0.00117061,-0.000347133,0.000324796
119,168.75,77.292,15.7915,3.3737,1.06092,0.597795,0.527718,0.556942,0.615968,0.685343,0.758916
120,168.75,77.292,15.7913,3.37337,1.06037,0.597041,0.52682,0.555951,0.614937,0.684322,0.757925
121,168.75,77.2147,15.6376,3.14397,0.75624,0.218377,0.0737648,0.0285067,0.0127169,0.00700148,0.00517615
122,-9.20236e-15,-0.002655,-0.00430051,-0.00491499,-0.00470431,-0.00402443,-0.00309821,-0.00215876,-0.0012666,-0.000473052,0.000170613
123,-9.20236e-15,-0.00265347,-0.00429438,-0.00490116,-0.0046797,-0.00398584,-0.0030425,-0.00208265,-0.00116686,-0.000346577,0.000327311
124,-9.20236e-15,0.00160429,0.00301582,0.00414275,0.00496338,0.0054942,0.0057938,0.00592115,0.00593092,0.00583451,0.00571109
125,-9.20236e-15,0.00160381,0.00301391,0.00413844,0.00495572,0.0054822,0.00577649,0.00589753,0.00589993,0.00579533,0.00566255
126,-9.20236e-15,0.0013657,0.00252955,0.00345453,0.00407818,0.00448334,0.0046911,0.00478123,0.0047472,0.0046592,0.00454719
127,-9.20236e-15,0.00136509,0.0025271,0.003449,0.00406839,0.00446804,0.00466906,0.00475113,0.00470794,0.00460945,0.00448568
128,-9.20236e-15,0.00118554,0.00219144,0.00291872,0.00342164,0.00369776,0.00381143,0.00380416,0.00372654,0.00361801,0.0034781
129,-9.20236e-15,0.00118493,0.00218898,0.00291319,0.00341178,0.00368236,0.00378924,0.00377398,0.00368711,0.00356808,0.00341648
130,-9.20236e-15,0.00117827,0.00216154,0.00284345,0.00329166,0.00350308,0.00355658,0.00349904,0.00339052,0.00324959,0.00309042
131,-9.20236e-15,0.00117766,0.00215907,0.00283792,0.00328181,0.00348768,0.0035344,0.00346886,0.00335108,0.00319966,0.0030288
132,-9.20236e-15,0.00135071,0.00244089,0.00320561,0.00363032,0.00381092,0.00381331,0.00371934,0.00354848,0.00336302,0.00317045
133,-9.20236e-15,0.00135009,0.00243844,0.00320009,0.00362053,0.00379562,0.00379126,0.00368923,0.00350921,0.00331327,0.00310894
134,-9.20236e-15,0.00157335,0.00280958,0.00360433,0.00398832,0.00407016,0.00395795,0.00374633,0.00349518,0.00322245,0.00297862
135,-9.20236e-15,0.00157287,0.00280767,0.00360002,0.00398066,0.00405816,0.00394064,0.0037227,0.0034642,0.00318327,0.00293008
136,-9.20236e-15,-0.00270668,-0.00459481,-0.00561262,-0.00591598,-0.00572384,-0.00520794,-0.00456516,-0.00386929,-0.00317695,-0.0025615
137,-9.20236e-15,-0.00270515,-0.00458867,-0.00559879,-0.00589137,-0.00568525,-0.00515223,-0.00448904,-0.00376956,-0.00305047,-0.0024048
138,168.75,77.3139,15.7918,3.37432,1.06079,0.597816,0.527721,0.556945,0.615962,0.685351,0.758923
139,168.75,77.3139,15.7916,3.37398,1.06024,0.597059,0.526825,0.555953,0.614936,0.684332,0.757934
140,168.75,77.2365,15.6378,3.14459,0.756113,0.218403,0.0737707,0.0285121,0.0127129,0.00700232,0.0051774
141,0,0.100825,0.20198,0.303502,0.405444,0.507775,0.61042,0.713513,0.816927,0.920764,1.0249
142,0,0.100825,0.20198,0.303502,0.405444,0.507775,0.61042,0.713513,0.816927,0.920764,1.0249
143,0,-1.8352e-06,-7.36465e-06,-1.66041e-05,-2.95624e-05,-4.63518e-05,-6.69242e-05,-9.14281e-05,-0.000119808,-0.000151961,-0.000188279
144,0,4.80245e-07,1.9218e-06,4.35069e-06,7.71903e-06,1.20906e-05,1.74417e-05,2.37631e-05,3.11602e-05,3.93905e-05,4.87795e-05
145,0,8.75378e-07,3.49054e-06,7.85947e-06,1.39569e-05,2.18126e-05,3.14244e-05,4.28685e-05,5.59433e-05,7.09001e-05,8.76451e-05
146,0,9.05603e-07,3.63813e-06,8.16965e-06,1.45615e-05,2.27603e-05,3.2786e-05,4.46302e-05,5.83307e-05,7.38277e-05,9.11398e-05
147,0,9.05603e-07,3.63813e-06,8.16965e-06,1.45615e-05,2.27603e-05,3.2786e-05,4.46302e-05,5.83307e-05,7.38277e-05,9.11397e-05
148,0,8.75378e-07,3.49054e-06,7.85947e-06,1.39569e-05,2.18126e-05,3.14244e-05,4.28685e-05,5.59434e-05,7.09001e-05,8.7645e-05
149,0,4.80245e-07,1.9218e-06,4.3507e-06,7.71903e-06,1.20906e-05,1.74417e-05,2.37631e-05,3.11603e-05,3.93906e-05,4.87795e-05
150,0,-1.8352e-06,-7.36466e-06,-1.66041e-05,-2.95624e-05,-4.63518e-05,-6.69242e-05,-9.14281e-05,-0.000119808,-0.000151961,-0.000188279
151,0,0.100828,0.201989,0.303515,0.405451,0.507782,0.610413,0.713512,0.816923,0.92075,1.02489
152,0,0.100828,0.201989,0.303515,0.405451,0.507782,0.610413,0.713512,0.816923,0.92075,1.02489
153,0,-1.8352e-06,-7.36466e-06,-1.66041e-05,-2.95624e-05,-4.63518e-05,-6.69242e-05,-9.1428e-05,-0.000119808,-0.000151961,-0.000188279
154,0,-1.8352e-06,-7.36465e-06,-1.66041e-05,-2.95624e-05,-4.63518e-05,-6.69242e-05,-9.14281e-05,-0.000119808,-0.000151961,-0.000188279
155,0,4.80245e-07,1.9218e-06,4.35069e-06,7.71902e-06,1.20906e-05,1.74417e-05,2.3763e-05,3.11603e-05,3.93906e-05,4.87796e-05
156,0,4.80246e-07,1.9218e-06,4.35069e-06,7.71901e-06,1.20906e-05,1.74417e-05,2.37631e-05,3.11603e-05,3.93905e-05,4.87795e-05
157,0,8.75379e-07,3.49054e-06,7.85947e-06,1.39569e-05,2.18126e-05,3.14244e-05,4.28685e-05,5.59434e-05,7.09002e-05,8.7645e-05
158,0,8.75379e-07,3.49054e-06,7.85946e-06,1.39569e-05,2.18126e-05,3.14244e-05,4.28686e-05,5.59434e-05,7.09001e-05,8.7645e-05
159,0,9.05604e-07,3.63813e-06,8.16964e-06,1.45615e-05,2.27603e-05,3.2786e-05,4.46302e-05,5.83307e-05,7.38277e-05,9.11396e-05
160,0,9.05604e-07,3.63814e-06,8.16964e-06,1.45615e-05,2.27603e-05,3.2786e-05,4.46302e-05,5.83307e-05,7.38277e-05,9.11397e-05
161,0,9.05604e-07,3.63813e-06,8.16964e-06,1.45615e-05,2.27603e-05,3.2786e-05,4.46302e-05,5.83307e-05,7.38277e-05,9.11396e-05
162,0,9.05604e-07,3.63813e-06,8.16964e-06,1.45615e-05,2.27603e-05,3.2786e-05,4.46302e-05,5.83307e-05,7.38277e-05,9.11396e-05
163,0,8.75379e-07,3.49054e-06,7.85946e-06,1.39569e-05,2.18126e-05,3.14244e-05,4.28686e-05,5.59434e-05,7.09001e-05,8.7645e-05
164,0,8.75379e-07,3.49053e-06,7.85947e-06,1.39569e-05,2.18126e-05,3.14244e-05,4.28685e-05,5.59434e-05,7.09002e-05,8.7645e-05
165,0,4.80246e-07,1.9218e-06,4.35069e-06,7.71901e-06,1.20906e-05,1.74417e-05,2.37631e-05,3.11603e-05,3.93905e-05,4.87795e-05
166,0,4.80245e-07,1.9218e-06,4.35069e-06,7.71902e-06,1.20906e-05,1.74417e-05,2.3763e-05,3.11603e-05,3.93906e-05,4.87796e-05
167,0,-1.8352e-06,-7.36465e-06,-1.66041e-05,-2.95624e-05,-4.63518e-05,-6.69242e-05,-9.14281e-05,-0.000119808,-0.000151961,-0.000188279
168,0,-1.8352e-06,-7.36466e-06,-1.66041e-05,-2.95624e-05,-4.63518e-05,-6.69242e-05,-9.1428e-05,-0.000119808,-0.000151961,-0.000188279
169,0,0.100828,0.201989,0.303515,0.405451,0.507782,0.610413,0.713512,0.816923,0.92075,1.02489
170,0,0.100828,0.201989,0.303515,0.405451,0.507782,0.610413,0.713512,0.816923,0.92075,1.02489
171,0,-1.8352e-06,-7.36466e-06,-1.66041e-05,-2.95624e-05,-4.63518e-05,-6.69242e-05,-9.14281e-05,-0.000119808,-0.000151961,-0.000188279
172,0,4.80245e-07,1.9218e-06,4.35069e-06,7.71903e-06,1.20906e-05,1.74417e-05,2.37631e-05,3.11603e-05,3.93906e-05,4.87795e-05
173,0,8.75378e-07,3.49054e-06,7.85947e-06,1.39569e-05,2.18126e-05,3.14244e-05,4.28685e-05,5.59434e-05,7.09001e-05,8.76451e-05
174,0,9.05603e-07,3.63813e-06,8.16965e-06,1.45615e-05,2.27603e-05,3.2786e-05,4.46302e-05,5.83307e-05,7.38277e-05,9.11398e-05
175,0,9.05603e-07,3.63813e-06,8.16965e-06,1.45615e-05,2.27603e-05,3.2786e-05,4.46302e-05,5.83307e-05,7.38277e-05,9.11398e-05
176,0,8.75378e-07,3.49053e-06,7.85947e-06,1.39569e-05,2.18126e-05,3.14244e-05,4.28685e-05,5.59433e-05,7.09001e-05,8.76451e-05
177,0,4.80245e-07,1.9218e-06,4.35069e-06,7.71903e-06,1.20906e-05,1.74417e-05,2.37631e-05,3.11602e-05,3.93905e-05,4.87795e-05
178,0,-1.8352e-06,-7.36465e-06,-1.66041e-05,-2.95624e-05,-4.63518e-05,-6.69241e-05,-9.14281e-05,-0.000119808,-0.000151961,-0.000188279
179,0,0.100825,0.201987,0.303504,0.405448,0.507771,0.61042,0.713511,0.816918,0.920764,1.0249
180,0,0.100825,0.201987,0.303504,0.405448,0.507771,0.61042,0.713511,0.816918,0.920764,1.0249
181,0,0.0393496,0.0788442,0.118448,0.158271,0.198179,0.238301,0.278557,0.31899,0.359504,0.400206
182,0,0.0393496,0.0788442,0.118448,0.158271,0.198179,0.238301,0.278557,0.31899,0.359504,0.400206
183,0,-2.73883e-07,-1.10938e-06,-2.49866e-06,-4.45011e-06,-6.96897e-06,-1.00646e-05,-1.373e-05,-1.7994e-05,-2.28582e-05,-2.83116e-05
184,0,-1.68971e-09,-9.23265e-09,-1.49809e-08,-4.33574e-08,-7.9699e-08,-1.15347e-07,-2.05008e-07,-2.90284e-07,-3.78896e-07,-5.02493e-07
185,0,3.50143e-07,1.40951e-06,3.17194e-06,5.6506e-06,8.8347e-06,1.27248e-05,1.73202e-05,2.26351e-05,2.87156e-05,3.54768e-05
186,0,4.23456e-07,1.69176e-06,3.80589e-06,6.77346e-06,1.06018e-05,1.52733e-05,2.08149e-05,2.72036e-05,3.44338e-05,4.25359e-05
187,0,4.23456e-07,1.69176e-06,3.80589e-06,6.77346e-06,1.06018e-05,1.52733e-05,2.08149e-05,2.72036e-05,3.44338e-05,4.25359e-05
188,0,3.50143e-07,1.40951e-06,3.17194e-06,5.6506e-06,8.8347e-06,1.27248e-05,1.73202e-05,2.26351e-05,2.87156e-05,3.54768e-05
189,0,-1.68968e-09,-9.23269e-09,-1.49792e-08,-4.33579e-08,-7.96978e-08,-1.15347e-07,-2.05005e-07,-2.90281e-07,-3.78898e-07,-5.02495e-07
190,0,-2.73883e-07,-1.10938e-06,-2.49866e-06,-4.45011e-06,-6.96897e-06,-1.00645e-05,-1.373e-05,-1.7994e-05,-2.28582e-05,-2.83116e-05
191,0,0.0393496,0.0788519,0.118456,0.158278,0.198178,0.23829,0.278558,0.31898,0.359507,0.400213
192,0,0.0393496,0.0788519,0.118456,0.158278,0.198178,0.23829,0.278558,0.31898,0.359507,0.400213
193,0,-2.73883e-07,-1.10938e-06,-2.49866e-06,-4.45011e-06,-6.96897e-06,-1.00646e-05,-1.373e-05,-1.7994e-05,-2.28582e-05,-2.83116e-05
194,0,-2.73883e-07,-1.10938e-06,-2.49866e-06,-4.45011e-06,-6.96897e-06,-1.00646e-05,-1.373e-05,-1.7994e-05,-2.28582e-05,-2.83116e-05
195,0,-1.68978e-09,-9.232e-09,-1.49817e-08,-4.3357e-08,-7.96978e-08,-1.15351e-07,-2.05e-07,-2.90282e-07,-3.78893e-07,-5.02493e-07
196,0,-1.68982e-09,-9.23198e-09,-1.49815e-08,-4.33561e-08,-7.96977e-08,-1.15354e-07,-2.05002e-07,-2.90279e-07,-3.789e-07,-5.02494e-07
197,0,3.50143e-07,1.40951e-06,3.17194e-06,5.6506e-06,8.83471e-06,1.27248e-05,1.73202e-05,2.26351e-05,2.87156e-05,3.54768e-05
198,0,3.50143e-07,1.40951e-06,3.17194e-06,5.6506e-06,8.83471e-06,1.27248e-05,1.73202e-05,2.26351e-05,2.87156e-05,3.54768e-05
199,0,4.23456e-07,1.69176e-06,3.80589e-06,6.77346e-06,1.06018e-05,1.52733e-05,2.08149e-05,2.72036e-05,3.44338e-05,4.25359e-05
200,0,4.23456e-07,1.69176e-06,3.80589e-06,6.77346e-06,1.06018e-05,1.52733e-05,2.08149e-05,2.72036e-05,3.44338e-05,4.25359e-05
201,0,4.23456e-07,1.69176e-06,3.80589e-06,6.77346e-06,1.06018e-05,1.52733e-05,2.08149e-05,2.72036e-05,3.44338e-05,4.25359e-05
202,0,4.23456e-07,1.69176e-06,3.80589e-06,6.77346e-06,1.06018e-05,1.52733e-05,2.08149e-05,2.72036e-05,3.44338e-05,4.25359e-05
203,0,3.50143e-07,1.40951e-06,3.17194e-06,5.6506e-06,8.83471e-06,1.27248e-05,1.73202e-05,2.26351e-05,2.87156e-05,3.54768e-05
204,0,3.50143e-07,1.40951e-06,3.17194e-06,5.6506e-06,8.83471e-06,1.27248e-05,1.73202e-05,2.26351e-05,2.87156e-05,3.54769e-05
205,0,-1.68982e-09,-9.23198e-09,-1.49815e-08,-4.33561e-08,-7.96977e-08,-1.15351e-07,-2.05002e-07,-2.90279e-07,-3.789e-07,-5.02494e-07
206,0,-1.68976e-09,-9.23188e-09,-1.49817e-08,-4.33558e-08,-7.96978e-08,-1.15351e-07,-2.05e-07,-2.90287e-07,-3.78894e-07,-5.02489e-07
207,0,-2.73883e-07,-1.10938e-06,-2.49866e-06,-4.45011e-06,-6.96897e-06,-1.00646e-05,-1.373e-05,-1.7994e-05,-2.28582e-05,-2.83116e-05
208,0,-2.73883e-07,-1.10938e-06,-2.49866e-06,-4.45011e-06,-6.96897e-06,-1.00646e-05,-1.373e-05,-1.7994e-05,-2.28582e-05,-2.83116e-05
209,0,0.0393496,0.0788519,0.118456,0.158278,0.198178,0.23829,0.278558,0.31898,0.359507,0.400213
210,0,0.0393496,0.0788519,0.118456,0.158278,0.198178,0.23829,0.278558,0.31898,0.359507,0.400213
211,0,-2.73883e-07,-1.10938e-06,-2.49866e-06,-4.45011e-06,-6.96897e-06,-1.00645e-05,-1.373e-05,-1.7994e-05,-2.28582e-05,-2.83116e-05
212,0,-1.68968e-09,-9.23278e-09,-1.49793e-08,-4.33582e-08,-7.96978e-08,-1.15344e-07,-2.05006e-07,-2.90281e-07,-3.78898e-07,-5.02494e-07
213,0,3.50143e-07,1.40951e-06,3.17194e-06,5.6506e-06,8.8347e-06,1.27248e-05,1.73202e-05,2.26351e-05,2.87156e-05,3.54768e-05
214,0,4.23456e-07,1.69176e-06,3.80589e-06,6.77346e-06,1.06018e-05,1.52733e-05,2.08149e-05,2.72036e-05,3.44338e-05,4.25359e-05
215,0,4.23456e-07,1.69176e-06,3.80589e-06,6.77346e-06,1.06018e-05,1.52733e-05,2.08149e-05,2.72036e-05,3.44338e-05,4.25359e-05
216,0,3.50143e-07,1.40951e-06,3.17194e-06,5.6506e-06,8.8347e-06,1.27248e-05,1.73202e-05,2.26351e-05,2.87156e-05,3.54769e-05
217,0,-1.68971e-09,-9.23265e-09,-1.49809e-08,-4.33582e-08,-7.9699e-08,-1.15346e-07,-2.05007e-07,-2.90284e-07,-3.78896e-07,-5.02493e-07
218,0,-2.73883e-07,-1.10938e-06,-2.49866e-06,-4.45011e-06,-6.96897e-06,-1.00646e-05,-1.373e-05,-1.7994e-05,-2.28582e-05,-2.83116e-05
219,0,0.0393496,0.078851,0.118448,0.158275,0.198172,0.238302,0.278556,0.318975,0.359503,0.400207
220,0,0.0393496,0.078851,0.118448,0.158275,0.198172,0.238302,0.278556,0.318975,0.359503,0.400207
221,1.83995e-14,0.0189173,0.0379891,0.0571371,0.0762655,0.0954907,0.114833,0.134163,0.153687,0.173176,0.192799
222,1.83995e-14,0.0189173,0.0379891,0.0571371,0.0762655,0.0954907,0.114833,0.134163,0.153687,0.173176,0.192799
223,0,6.04027e-08,2.3583e-07,5.34215e-07,9.59501e-07,1.50801e-06,2.18709e-06,3.00987e-06,3.95518e-06,5.00793e-06,6.24085e-06
224,0,1.07228e-08,3.84441e-08,9.09714e-08,1.64892e-07,2.5033e-07,3.68871e-07,4.90389e-07,6.18104e-07,7.851e-07,9.55672e-07
225,0,1.28568e-07,5.26296e-07,1.18909e-06,2.11134e-06,3.30274e-06,4.75323e-06,6.47477e-06,8.47937e-06,1.07548e-05,1.3294e-05
226,0,1.8379e-07,7.35491e-07,1.64925e-06,2.93635e-06,4.60019e-06,6.63359e-06,9.03616e-06,1.18187e-05,1.49848e-05,1.85237e-05
227,0,1.8379e-07,7.35491e-07,1.64925e-06,2.93635e-06,4.60019e-06,6.63359e-06,9.03616e-06,1.18187e-05,1.49848e-05,1.85237e-05
228,0,1.28568e-07,5.26296e-07,1.18909e-06,2.11134e-06,3.30274e-06,4.75323e-06,6.47477e-06,8.47937e-06,1.07548e-05,1.3294e-05
229,0,1.07228e-08,3.84441e-08,9.09716e-08,1.64892e-07,2.5033e-07,3.68871e-07,4.90389e-07,6.18104e-07,7.85099e-07,9.55671e-07
230,0,6.04027e-08,2.3583e-07,5.34215e-07,9.59502e-07,1.50801e-06,2.1871e-06,3.00987e-06,3.95518e-06,5.00793e-06,6.24085e-06
231,1.83995e-14,0.0189173,0.0379917,0.0571313,0.0762714,0.095484,0.114826,0.134164,0.153684,0.173184,0.192803
232,1.83995e-14,0.0189173,0.0379917,0.0571313,0.0762714,0.095484,0.114826,0.134164,0.153684,0.173184,0.192803
233,0,6.04027e-08,2.3583e-07,5.34215e-07,9.59502e-07,1.50801e-06,2.18709e-06,3.00987e-06,3.95518e-06,5.00793e-06,6.24085e-06
234,0,6.04027e-08,2.3583e-07,5.34215e-07,9.59501e-07,1.50801e-06,2.18709e-06,3.00987e-06,3.95518e-06,5.00793e-06,6.24085e-06
235,0,1.07228e-08,3.84442e-08,9.09719e-08,1.64891e-07,2.50329e-07,3.68869e-07,4.90391e-07,6.18102e-07,7.85102e-07,9.55671e-07
236,0,1.07228e-08,3.84442e-08,9.09718e-08,1.64892e-07,2.5033e-07,3.6887e-07,4.90391e-07,6.18104e-07,7.85101e-07,9.55671e-07
237,0,1.28568e-07,5.26296e-07,1.18909e-06,2.11134e-06,3.30274e-06,4.75323e-06,6.47477e-06,8.47937e-06,1.07548e-05,1.3294e-05
238,0,1.28568e-07,5.26296e-07,1.18909e-06,2.11134e-06,3.30274e-06,4.75323e-06,6.47477e-06,8.47937e-06,1.07548e-05,1.3294e-05
239,0,1.8379e-07,7.35491e-07,1.64925e-06,2.93635e-06,4.60019e-06,6.63359e-06,9.03616e-06,1.18187e-05,1.49848e-05,1.85237e-05
240,0,1.83791e-07,7.35491e-07,1.64925e-06,2.93635e-06,4.60019e-06,6.63359e-06,9.03616e-06,1.18187e-05,1.49848e-05,1.85237e-05
241,0,1.83791e-07,7.35491e-07,1.64925e-06,2.93635e-06,4.60019e-06,6.63359e-06,9.03616e-06,1.18187e-05,1.49848e-05,1.85237e-05
242,0,1.8379e-07,7.35491e-07,1.64925e-06,2.93635e-06,4.60019e-06,6.63359e-06,9.03616e-06,1.18187e-05,1.49848e-05,1.85237e-05
243,0,1.28568e-07,5.26296e-07,1.18909e-06,2.11134e-06,3.30274e-06,4.75323e-06,6.47477e-06,8.47937e-06,1.07548e-05,1.3294e-05
244,0,1.28568e-07,5.26296e-07,1.18909e-06,2.11134e-06,3.30274e-06,4.75323e-06,6.47477e-06,8.47937e-06,1.07548e-05,1.3294e-05
245,0,1.07228e-08,3.84442e-08,9.09719e-08,1.64892e-07,2.5033e-07,3.68869e-07,4.90391e-07,6.18104e-07,7.85101e-07,9.55671e-07
246,0,1.07228e-08,3.84442e-08,9.09718e-08,1.64891e-07,2.50329e-07,3.68869e-07,4.9039e-07,6.18102e-07,7.85102e-07,9.55676e-07
247,0,6.04027e-08,2.3583e-07,5.34215e-07,9.59501e-07,1.50801e-06,2.18709e-06,3.00987e-06,3.95518e-06,5.00793e-06,6.24085e-06
248,0,6.04027e-08,2.3583e-07,5.34215e-07,9.59502e-07,1.50801e-06,2.18709e-06,3.00987e-06,3.95518e-06,5.00793e-06,6.24085e-06
249,1.83995e-14,0.0189173,0.0379917,0.0571313,0.0762714,0.095484,0.114826,0.134164,0.153684,0.173184,0.192803
250,1.83995e-14,0.0189173,0.0379917,0.0571313,0.0762714,0.095484,0.114826,0.134164,0.153684,0.173184,0.192803
251,0,6.04027e-08,2.3583e-07,5.34215e-07,9.59502e-07,1.50801e-06,2.1871e-06,3.00987e-06,3.95518e-06,5.00793e-06,6.24085e-06
252,0,1.07228e-08,3.84441e-08,9.09716e-08,1.64892e-07,2.5033e-07,3.68871e-07,4.90389e-07,6.18104e-07,7.85099e-07,9.55671e-07
253,0,1.28568e-07,5.26296e-07,1.18909e-06,2.11134e-06,3.30274e-06,4.75323e-06,6.47477e-06,8.47937e-06,1.07548e-05,1.3294e-05
254,0,1.8379e-07,7.35491e-07,1.64925e-06,2.93635e-06,4.60019e-06,6.63359e-06,9.03616e-06,1.18187e-05,1.49848e-05,1.85237e-05
255,0,1.8379e-07,7.35491e-07,1.64925e-06,2.93635e-06,4.60019e-06,6.63359e-06,9.03616e-06,1.18187e-05,1.49848e-05,1.85237e-05
256,0,1.28568e-07,5.26296e-07,1.18909e-06,2.11134e-06,3.30274e-06,4.75323e-06,6.47477e-06,8.47937e-06,1.07548e-05,1.3294e-05
257,0,1.07228e-08,3.84441e-08,9.09715e-08,1.64892e-07,2.5033e-07,3.68871e-07,4.90389e-07,6.18103e-07,7.851e-07,9.55672e-07
258,0,6.04027e-08,2.3583e-07,5.34215e-07,9.59501e-07,1.50801e-06,2.18709e-06,3.00987e-06,3.95518e-06,5.00793e-06,6.24085e-06
259,1.83995e-14,0.0189142,0.0379891,0.0571314,0.0762655,0.0954848,0.114825,0.134164,0.153686,0.173174,0.192798
260,1.83995e-14,0.0189142,0.0379891,0.0571314,0.0762655,0.0954848,0.114825,0.134164,0.153686,0.173174,0.192798
261,1.83995e-14,0.0103911,0.0208073,0.0312893,0.0417967,0.0523825,0.0629888,0.0736487,0.0842899,0.0950342,0.105833
262,1.83995e-14,0.0103911,0.0208073,0.0312893,0.0417967,0.0523825,0.0629888,0.0736487,0.0842899,0.0950342,0.105833
263,0,3.41799e-08,1.36e-07,3.1082e-07,5.63285e-07,8.81124e-07,1.28132e-06,1.75844e-06,2.322e-06,2.9417e-06,3.67644e-06
264,0,2.84695e-08,1.10139e-07,2.51499e-07,4.47918e-07,7.03652e-07,1.02656e-06,1.40045e-06,1.81516e-06,2.3098e-06,2.85242e-06
265,0,5.56488e-08,2.25816e-07,5.13534e-07,9.07377e-07,1.42605e-06,2.04642e-06,2.80003e-06,3.67407e-06,4.65861e-06,5.76415e-06
266,0,7.63444e-08,3.06915e-07,6.90105e-07,1.23093e-06,1.92723e-06,2.78133e-06,3.79584e-06,4.97256e-06,6.3061e-06,7.80751e-06
267,0,7.63444e-08,3.06915e-07,6.90105e-07,1.23093e-06,1.92723e-06,2.78133e-06,3.79584e-06,4.97256e-06,6.30609e-06,7.80751e-06
268,0,5.56488e-08,2.25816e-07,5.13534e-07,9.07377e-07,1.42605e-06,2.04642e-06,2.80003e-06,3.67407e-06,4.6586e-06,5.76415e-06
269,0,2.84696e-08,1.10139e-07,2.51499e-07,4.47918e-07,7.03652e-07,1.02656e-06,1.40045e-06,1.81516e-06,2.3098e-06,2.85242e-06
270,0,3.418e-08,1.36e-07,3.10819e-07,5.63285e-07,8.81125e-07,1.28132e-06,1.75843e-06,2.322e-06,2.9417e-06,3.67644e-06
271,1.83995e-14,0.0103911,0.0208073,0.0312798,0.0417876,0.0523765,0.0629858,0.0736477,0.0842936,0.0950385,0.105833
272,1.83995e-14,0.0103911,0.0208073,0.0312798,0.0417876,0.0523765,0.0629858,0.0736477,0.0842936,0.0950385,0.105833
273,0,3.41799e-08,1.36e-07,3.10819e-07,5.63285e-07,8.81125e-07,1.28132e-06,1.75844e-06,2.322e-06,2.9417e-06,3.67644e-06
274,0,3.41799e-08,1.36e-07,3.10819e-07,5.63285e-07,8.81124e-07,1.28132e-06,1.75844e-06,2.322e-06,2.9417e-06,3.67644e-06
275,0,2.84695e-08,1.10139e-07,2.51499e-07,4.47918e-07,7.03652e-07,1.02656e-06,1.40045e-06,1.81517e-06,2.3098e-06,2.85242e-06
276,0,2.84696e-08,1.10139e-07,2.51499e-07,4.47918e-07,7.03652e-07,1.02656e-06,1.40045e-06,1.81516e-06,2.3098e-06,2.85242e-06
277,0,5.56488e-08,2.25816e-07,5.13534e-07,9.07377e-07,1.42605e-06,2.04642e-06,2.80003e-06,3.67407e-06,4.65861e-06,5.76415e-06
278,0,5.56488e-08,2.25816e-07,5.13534e-07,9.07377e-07,1.42605e-06,2.04642e-06,2.80003e-06,3.67407e-06,4.65861e-06,5.76415e-06
279,0,7.63444e-08,3.06916e-07,6.90105e-07,1.23093e-06,1.92723e-06,2.78133e-06,3.79584e-06,4.97256e-06,6.30609e-06,7.8075e-06
280,0,7.63444e-08,3.06916e-07,6.90105e-07,1.23093e-06,1.92723e-06,2.78133e-06,3.79584e-06,4.97256e-06,6.3061e-06,7.8075e-06
281,0,7.63444e-08,3.06916e-07,6.90105e-07,1.23093e-06,1.92723e-06,2.78133e-06,3.79584e-06,4.97256e-06,6.3061e-06,7.8075e-06
282,0,7.63444e-08,3.06916e-07,6.90105e-07,1.23093e-06,1.92723e-06,2.78133e-06,3.79584e-06,4.97256e-06,6.30609e-06,7.8075e-06
283,0,5.56488e-08,2.25816e-07,5.13534e-07,9.07377e-07,1.42605e-06,2.04642e-06,2.80003e-06,3.67407e-06,4.65861e-06,5.76415e-06
284,0,5.56488e-08,2.25816e-07,5.13534e-07,9.07377e-07,1.42605e-06,2.04642e-06,2.80003e-06,3.67407e-06,4.65861e-06,5.76415e-06
285,0,2.84695e-08,1.10139e-07,2.51499e-07,4.47918e-07,7.03652e-07,1.02656e-06,1.40045e-06,1.81516e-06,2.3098e-06,2.85242e-06
286,0,2.84695e-08,1.10139e-07,2.51499e-07,4.47918e-07,7.03652e-07,1.02656e-06,1.40045e-06,1.81517e-06,2.3098e-06,2.85242e-06
287,0,3.418e-08,1.36e-07,3.10819e-07,5.63285e-07,8.81124e-07,1.28132e-06,1.75844e-06,2.322e-06,2.9417e-06,3.67644e-06
288,0,3.41799e-08,1.36e-07,3.10819e-07,5.63285e-07,8.81125e-07,1.28132e-06,1.75843e-06,2.322e-06,2.9417e-06,3.67644e-06
289,1.83995e-14,0.0103911,0.0208073,0.0312798,0.0417876,0.0523765,0.0629858,0.0736477,0.0842936,0.0950385,0.105833
290,1.83995e-14,0.0103911,0.0208073,0.0312798,0.0417876,0.0523765,0.0629858,0.0736477,0.0842936,0.0950385,0.105833
291,0,3.418e-08,1.36e-07,3.10819e-07,5.63285e-07,8.81125e-07,1.28132e-06,1.75843e-06,2.322e-06,2.9417e-06,3.67644e-06
292,0,2.84696e-08,1.10139e-07,2.51499e-07,4.47918e-07,7.03652e-07,1.02656e-06,1.40045e-06,1.81517e-06,2.3098e-06,2.85242e-06
293,0,5.56488e-08,2.25816e-07,5.13534e-07,9.07377e-07,1.42605e-06,2.04642e-06,2.80003e-06,3.67407e-06,4.6586e-06,5.76415e-06
294,0,7.63444e-08,3.06915e-07,6.90105e-07,1.23093e-06,1.92723e-06,2.78133e-06,3.79584e-06,4.97256e-06,6.30609e-06,7.80751e-06
295,0,7.63444e-08,3.06915e-07,6.90105e-07,1.23093e-06,1.92723e-06,2.78133e-06,3.79584e-06,4.97256e-06,6.3061e-06,7.80751e-06
296,0,5.56488e-08,2.25816e-07,5.13534e-07,9.07377e-07,1.42605e-06,2.04642e-06,2.80003e-06,3.67407e-06,4.65861e-06,5.76415e-06
297,0,2.84696e-08,1.10139e-07,2.51499e-07,4.47918e-07,7.03652e-07,1.02656e-06,1.40045e-06,1.81516e-06,2.3098e-06,2.85242e-06
298,0,3.418e-08,1.36e-07,3.1082e-07,5.63285e-07,8.81124e-07,1.28132e-06,1.75844e-06,2.322e-06,2.9417e-06,3.67644e-06
299,1.83995e-14,0.0103879,0.0208081,0.0312799,0.0417967,0.0523706,0.0629792,0.0736487,0.0842971,0.0950305,0.105833
300,1.83995e-14,0.0103879,0.0208081,0.0312799,0.0417967,0.0523706,0.0629792,0.0736487,0.0842971,0.0950305,0.105833
301,0,0.00589449,0.0117926,0.0177107,0.0236787,0.0296498,0.0356382,0.0416848,0.0476855,0.0538193,0.0598991
302,0,0.00589449,0.0117926,0.0177107,0.0236787,0.0296498,0.0356382,0.0416848,0.0476855,0.0538193,0.0598991
303,0,4.52722e-09,1.81543e-08,4.23019e-08,8.13404e-08,1.26901e-07,1.86821e-07,2.56014e-07,3.44833e-07,4.35887e-07,5.54093e-07
304,0,1.50082e-08,5.83376e-08,1.33006e-07,2.36278e-07,3.71786e-07,5.42774e-07,7.40864e-07,9.62653e-07,1.2295e-06,1.52003e-06
305,0,2.41623e-08,9.70716e-08,2.20499e-07,3.88568e-07,6.13745e-07,8.83488e-07,1.20784e-06,1.58307e-06,2.01842e-06,2.49265e-06
306,0,3.04228e-08,1.23495e-07,2.76707e-07,4.95223e-07,7.74091e-07,1.11802e-06,1.52913e-06,2.00486e-06,2.54141e-06,3.15122e-06
307,0,3.04228e-08,1.23495e-07,2.76707e-07,4.95223e-07,7.74091e-07,1.11802e-06,1.52913e-06,2.00486e-06,2.54141e-06,3.15122e-06
308,0,2.41623e-08,9.70716e-08,2.20499e-07,3.88568e-07,6.13745e-07,8.83488e-07,1.20784e-06,1.58307e-06,2.01842e-06,2.49265e-06
309,0,1.50082e-08,5.83376e-08,1.33006e-07,2.36278e-07,3.71786e-07,5.42774e-07,7.40864e-07,9.62653e-07,1.2295e-06,1.52003e-06
310,0,4.52722e-09,1.81543e-08,4.23019e-08,8.13404e-08,1.26901e-07,1.86821e-07,2.56014e-07,3.44833e-07,4.35886e-07,5.54092e-07
311,0,0.00589449,0.0117926,0.0177071,0.0236697,0.0296457,0.0356441,0.0416847,0.0476927,0.0538236,0.0599012
312,0,0.00589449,0.0117926,0.0177071,0.0236697,0.0296457,0.0356441,0.0416847,0.0476927,0.0538236,0.0599012
313,0,4.52722e-09,1.81543e-08,4.23019e-08,8.13404e-08,1.26901e-07,1.86821e-07,2.56014e-07,3.44833e-07,4.35887e-07,5.54092e-07
314,0,4.52722e-09,1.81543e-08,4.23019e-08,8.13404e-08,1.26901e-07,1.86821e-07,2.56014e-07,3.44832e-07,4.35887e-07,5.54093e-07
315,0,1.50082e-08,5.83376e-08,1.33006e-07,2.36278e-07,3.71786e-07,5.42775e-07,7.40864e-07,9.62653e-07,1.2295e-06,1.52003e-06
316,0,1.50082e-08,5.83376e-08,1.33006e-07,2.36278e-07,3.71786e-07,5.42775e-07,7.40864e-07,9.62653e-07,1.2295e-06,1.52003e-06
317,0,2.41623e-08,9.70716e-08,2.20499e-07,3.88569e-07,6.13745e-07,8.83488e-07,1.20784e-06,1.58307e-06,2.01842e-06,2.49265e-06
318,0,2.41623e-08,9.70716e-08,2.20499e-07,3.88569e-07,6.13745e-07,8.83488e-07,1.20784e-06,1.58307e-06,2.01843e-06,2.49265e-06
319,0,3.04228e-08,1.23495e-07,2.76707e-07,4.95223e-07,7.74091e-07,1.11802e-06,1.52913e-06,2.00486e-06,2.54141e-06,3.15122e-06
320,0,3.04228e-08,1.23495e-07,2.76707e-07,4.95223e-07,7.74091e-07,1.11802e-06,1.52913e-06,2.00486e-06,2.54141e-06,3.15122e-06
321,0,3.04228e-08,1.23495e-07,2.76707e-07,4.95223e-07,7.74091e-07,1.11802e-06,1.52913e-06,2.00486e-06,2.54141e-06,3.15122e-06
322,0,3.04228e-08,1.23495e-07,2.76707e-07,4.95223e-07,7.74091e-07,1.11802e-06,1.52913e-06,2.00486e-06,2.54141e-06,3.15122e-06
323,0,2.41623e-08,9.70716e-08,2.20499e-07,3.88569e-07,6.13745e-07,8.83488e-07,1.20784e-06,1.58307e-06,2.01843e-06,2.49265e-06
324,0,2.41623e-08,9.70716e-08,2.20499e-07,3.88569e-07,6.13745e-07,8.83488e-07,1.20784e-06,1.58307e-06,2.01842e-06,2.49265e-06
325,0,1.50082e-08,5.83376e-08,1.33006e-07,2.36278e-07,3.71786e-07,5.42775e-07,7.40864e-07,9.62653e-07,1.2295e-06,1.52003e-06
326,0,1.50082e-08,5.83376e-08,1.33006e-07,2.36278e-07,3.71786e-07,5.42775e-07,7.40864e-07,9.62653e-07,1.2295e-06,1.52003e-06
327,0,4.52722e-09,1.81543e-08,4.23019e-08,8.13404e-08,1.26901e-07,1.86821e-07,2.56014e-07,3.44832e-07,4.35887e-07,5.54093e-07
328,0,4.52722e-09,1.81543e-08,4.23019e-08,8.13404e-08,1.26901e-07,1.86821e-07,2.56014e-07,3.44833e-07,4.35887e-07,5.54092e-07
329,0,0.00589449,0.0117926,0.0177071,0.0236697,0.0296457,0.0356441,0.0416847,0.0476927,0.0538236,0.0599012
330,0,0.00589449,0.0117926,0.0177071,0.0236697,0.0296457,0.0356441,0.0416847,0.0476927,0.0538236,0.0599012
331,0,4.52722e-09,1.81543e-08,4.23019e-08,8.13404e-08,1.26901e-07,1.86821e-07,2.56014e-07,3.44833e-07,4.35886e-07,5.54092e-07
332,0,1.50082e-08,5.83376e-08,1.33006e-07,2.36278e-07,3.71786e-07,5.42774e-07,7.40864e-07,9.62653e-07,1.2295e-06,1.52003e-06
333,0,2.41623e-08,9.70716e-08,2.20499e-07,3.88568e-07,6.13745e-07,8.83488e-07,1.20784e-06,1.58307e-06,2.01842e-06,2.49265e-06
334,0,3.04228e-08,1.23495e-07,2.76707e-07,4.95223e-07,7.74091e-07,1.11802e-06,1.52913e-06,2.00486e-06,2.54141e-06,3.15122e-06
335,0,3.04228e-08,1.23495e-07,2.76707e-07,4.95223e-07,7.74091e-07,1.11802e-06,1.52913e-06,2.00486e-06,2.54141e-06,3.15122e-06
336,0,2.41623e-08,9.70716e-08,2.20499e-07,3.88568e-07,6.13745e-07,8.83488e-07,1.20784e-06,1.58307e-06,2.01842e-06,2.49265e-06
337,0,1.50082e-08,5.83376e-08,1.33006e-07,2.36278e-07,3.71786e-07,5.42774e-07,7.40864e-07,9.62653e-07,1.2295e-06,1.52003e-06
338,0,4.52722e-09,1.81543e-08,4.23019e-08,8.13404e-08,1.26901e-07,1.86821e-07,2.56014e-07,3.44833e-07,4.35887e-07,5.54093e-07
339,0,0.00589648,0.0117955,0.0177071,0.0236787,0.0296443,0.035643,0.0416846,0.0476897,0.0538156,0.0599012
340,0,0.00589648,0.0117955,0.0177071,0.0236787,0.0296443,0.035643,0.0416846,0.0476897,0.0538156,0.0599012
341,0,0.0031069,0.00626786,0.00942175,0.0126292,0.015777,0.0190118,0.0222621,0.0255186,0.0287576,0.0319889
342,0,0.0031069,0.00626786,0.00942175,0.0126292,0.015777,0.0190118,0.0222621,0.0255186,0.0287576,0.0319889
343,0,-4.3368e-09,-1.72639e-08,-3.89756e-08,-6.72398e-08,-1.0607e-07,-1.54368e-07,-2.0868e-07,-2.71068e-07,-3.44848e-07,-4.21663e-07
344,0,3.29786e-09,1.23426e-08,2.79613e-08,5.14595e-08,8.08448e-08,1.18663e-07,1.61075e-07,2.09685e-07,2.69235e-07,3.33215e-07
345,0,7.66498e-09,3.12149e-08,6.97991e-08,1.2364e-07,1.95519e-07,2.84667e-07,3.86839e-07,5.06548e-07,6.48112e-07,8.00371e-07
346,0,1.02108e-08,4.12677e-08,9.27808e-08,1.66635e-07,2.58862e-07,3.75277e-07,5.12096e-07,6.72541e-07,8.53313e-07,1.05943e-06
347,0,1.02108e-08,4.12677e-08,9.27808e-08,1.66635e-07,2.58862e-07,3.75277e-07,5.12096e-07,6.72541e-07,8.53313e-07,1.05943e-06
348,0,7.66498e-09,3.12149e-08,6.97991e-08,1.2364e-07,1.95519e-07,2.84667e-07,3.86839e-07,5.06548e-07,6.48112e-07,8.00371e-07
349,0,3.29786e-09,1.23426e-08,2.79613e-08,5.14595e-08,8.08448e-08,1.18663e-07,1.61075e-07,2.09685e-07,2.69235e-07,3.33215e-07
350,0,-4.3368e-09,-1.72639e-08,-3.89756e-08,-6.72399e-08,-1.0607e-07,-1.54368e-07,-2.0868e-07,-2.71068e-07,-3.44848e-07,-4.21663e-07
351,0,0.0031069,0.00626786,0.00942069,0.0126292,0.015781,0.019008,0.0222631,0.0255242,0.0287576,0.0319889
352,0,0.0031069,0.00626786,0.00942069,0.0126292,0.015781,0.019008,0.0222631,0.0255242,0.0287576,0.0319889
353,0,-4.3368e-09,-1.72639e-08,-3.89756e-08,-6.72398e-08,-1.0607e-07,-1.54368e-07,-2.0868e-07,-2.71068e-07,-3.44848e-07,-4.21663e-07
354,0,-4.3368e-09,-1.72639e-08,-3.89756e-08,-6.72398e-08,-1.0607e-07,-1.54368e-07,-2.0868e-07,-2.71068e-07,-3.44848e-07,-4.21663e-07
355,0,3.29786e-09,1.23426e-08,2.79613e-08,5.14595e-08,8.08448e-08,1.18663e-07,1.61075e-07,2.09685e-07,2.69235e-07,3.33215e-07
356,0,3.29786e-09,1.23426e-08,2.79613e-08,5.14595e-08,8.08448e-08,1.18663e-07,1.61075e-07,2.09685e-07,2.69235e-07,3.33215e-07
357,0,7.66498e-09,3.12149e-08,6.97991e-08,1.2364e-07,1.95519e-07,2.84667e-07,3.86839e-07,5.06548e-07,6.48112e-07,8.00371e-07
358,0,7.66498e-09,3.12149e-08,6.97991e-08,1.2364e-07,1.95519e-07,2.84667e-07,3.86839e-07,5.06548e-07,6.48112e-07,8.00371e-07
359,0,1.02108e-08,4.12677e-08,9.27808e-08,1.66635e-07,2.58862e-07,3.75277e-07,5.12096e-07,6.72541e-07,8.53313e-07,1.05943e-06
360,0,1.02108e-08,4.12677e-08,9.27808e-08,1.66635e-07,2.58862e-07,3.75277e-07,5.12096e-07,6.72541e-07,8.53313e-07,1.05943e-06
361,0,1.02108e-08,4.12677e-08,9.27808e-08,1.66635e-07,2.58862e-07,3.75277e-07,5.12096e-07,6.72541e-07,8.53313e-07,1.05943e-06
362,0,1.02108e-08,4.12677e-08,9.27808e-08,1.66635e-07,2.58862e-07,3.75277e-07,5.12096e-07,6.72541e-07,8.53313e-07,1.05943e-06
363,0,7.66498e-09,3.12149e-08,6.97991e-08,1.2364e-07,1.95519e-07,2.84667e-07,3.86839e-07,5.06548e-07,6.48112e-07,8.00371e-07
364,0,7.66498e-09,3.12149e-08,6.97991e-08,1.2364e-07,1.95519e-07,2.84667e-07,3.86839e-07,5.06548e-07,6.48112e-07,8.00371e-07
365,0,3.29786e-09,1.23426e-08,2.79613e-08,5.14595e-08,8.08448e-08,1.18663e-07,1.61075e-07,2.09685e-07,2.69235e-07,3.33215e-07
366,0,3.29786e-09,1.23426e-08,2.79613e-08,5.14595e-08,8.08448e-08,1.18663e-07,1.61075e-07,2.09685e-07,2.69235e-07,3.33215e-07
367,0,-4.3368e-09,-1.72639e-08,-3.89756e-08,-6.72398e-08,-1.0607e-07,-1.54368e-07,-2.0868e-07,-2.71068e-07,-3.44848e-07,-4.21663e-07
368,0,-4.3368e-09,-1.72639e-08,-3.89756e-08,-6.72398e-08,-1.0607e-07,-1.54368e-07,-2.0868e-07,-2.71068e-07,-3.44848e-07,-4.21663e-07
369,0,0.0031069,0.00626786,0.00942069,0.0126292,0.015781,0.019008,0.0222631,0.0255242,0.0287576,0.0319889
370,0,0.0031069,0.00626786,0.00942069,0.0126292,0.015781,0.019008,0.0222631,0.0255242,0.0287576,0.0319889
371,0,-4.3368e-09,-1.72639e-08,-3.89756e-08,-6.72398e-08,-1.0607e-07,-1.54368e-07,-2.0868e-07,-2.71068e-07,-3.44848e-07,-4.21663e-07
372,0,3.29786e-09,1.23426e-08,2.79613e-08,5.14595e-08,8.08448e-08,1.18663e-07,1.61075e-07,2.09685e-07,2.69235e-07,3.33215e-07
373,0,7.66498e-09,3.12149e-08,6.97991e-08,1.2364e-07,1.95519e-07,2.84667e-07,3.86839e-07,5.06548e-07,6.48112e-07,8.00371e-07
374,0,1.02108e-08,4.12677e-08,9.27808e-08,1.66635e-07,2.58862e-07,3.75277e-07,5.12096e-07,6.72541e-07,8.53313e-07,1.05943e-06
375,0,1.02108e-08,4.12677e-08,9.27808e-08,1.66635e-07,2.58862e-07,3.75277e-07,5.12096e-07,6.72541e-07,8.53313e-07,1.05943e-06
376,0,7.66498e-09,3.12149e-08,6.97991e-08,1.2364e-07,1.95519e-07,2.84667e-07,3.86839e-07,5.06548e-07,6.48112e-07,8.00371e-07
377,0,3.29786e-09,1.23426e-08,2.79613e-08,5.14595e-08,8.08448e-08,1.18663e-07,1.61075e-07,2.09685e-07,2.69235e-07,3.33215e-07
378,0,-4.3368e-09,-1.72639e-08,-3.89756e-08,-6.72398e-08,-1.0607e-07,-1.54368e-07,-2.0868e-07,-2.71068e-07,-3.44848e-07,-4.21663e-07
379,0,0.0031105,0.00627278,0.00941894,0.0126282,0.0157854,0.019008,0.022262,0.0255211,0.0287576,0.0319937
380,0,0.0031105,0.00627278,0.00941894,0.0126282,0.0157854,0.019008,0.022262,0.0255211,0.0287576,0.0319937
381,0,0.0012816,0.00253702,0.00386121,0.00508348,0.00640602,0.00774324,0.0089931,0.0103823,0.011653,0.0130255
382,0,0.0012816,0.00253702,0.00386121,0.00508348,0.00640602,0.00774324,0.0089931,0.0103823,0.011653,0.0130255
383,0,-4.59376e-09,-1.81547e-08,-4.0887e-08,-7.27841e-08,-1.14326e-07,-1.65202e-07,-2.24612e-07,-2.93443e-07,-3.73952e-07,-4.6212e-07
384,0,-1.95765e-09,-8.05837e-09,-1.74217e-08,-3.09749e-08,-4.9029e-08,-7.07986e-08,-9.56397e-08,-1.24916e-07,-1.58943e-07,-1.97204e-07
385,0,2.78209e-10,1.16594e-09,3.00135e-09,4.85691e-09,8.72703e-09,1.20187e-08,1.76061e-08,2.30156e-08,2.92463e-08,3.74179e-08
386,0,1.88388e-09,7.05734e-09,1.63217e-08,2.8745e-08,4.57773e-08,6.60097e-08,8.98256e-08,1.18542e-07,1.50835e-07,1.88242e-07
387,0,1.88388e-09,7.05734e-09,1.63217e-08,2.8745e-08,4.57773e-08,6.60097e-08,8.98256e-08,1.18542e-07,1.50835e-07,1.88242e-07
388,0,2.78209e-10,1.16594e-09,3.00135e-09,4.85691e-09,8.72703e-09,1.20187e-08,1.76061e-08,2.30156e-08,2.92463e-08,3.74179e-08
389,0,-1.95765e-09,-8.05837e-09,-1.74217e-08,-3.09749e-08,-4.9029e-08,-7.07986e-08,-9.56397e-08,-1.24916e-07,-1.58943e-07,-1.97204e-07
390,0,-4.59376e-09,-1.81547e-08,-4.0887e-08,-7.27841e-08,-1.14326e-07,-1.65202e-07,-2.24612e-07,-2.93443e-07,-3.73952e-07,-4.6212e-07
391,0,0.0012816,0.00253702,0.00386015,0.00508348,0.00641002,0.00773457,0.0089931,0.0103823,0.011653,0.0130255
392,0,0.0012816,0.00253702,0.00386015,0.00508348,0.00641002,0.00773457,0.0089931,0.0103823,0.011653,0.0130255
393,0,-4.59376e-09,-1.81547e-08,-4.0887e-08,-7.27841e-08,-1.14326e-07,-1.65202e-07,-2.24612e-07,-2.93443e-07,-3.73952e-07,-4.6212e-07
394,0,-4.59376e-09,-1.81547e-08,-4.0887e-08,-7.27841e-08,-1.14326e-07,-1.65202e-07,-2.24612e-07,-2.93443e-07,-3.73952e-07,-4.6212e-07
395,0,-1.95765e-09,-8.05837e-09,-1.74217e-08,-3.09749e-08,-4.9029e-08,-7.07986e-08,-9.56397e-08,-1.24916e-07,-1.58943e-07,-1.97204e-07
396,0,-1.95765e-09,-8.05837e-09,-1.74217e-08,-3.09749e-08,-4.9029e-08,-7.07986e-08,-9.56397e-08,-1.24916e-07,-1.58943e-07,-1.97204e-07
397,0,2.78209e-10,1.16594e-09,3.00135e-09,4.85691e-09,8.72703e-09,1.20187e-08,1.76061e-08,2.30155e-08,2.92463e-08,3.74179e-08
398,0,2.78209e-10,1.16594e-09,3.00135e-09,4.85691e-09,8.72703e-09,1.20187e-08,1.76061e-08,2.30155e-08,2.92463e-08,3.74179e-08
399,0,1.88388e-09,7.05734e-09,1.63217e-08,2.8745e-08,4.57773e-08,6.60097e-08,8.98256e-08,1.18542e-07,1.50835e-07,1.88242e-07
400,0,1.88388e-09,7.05734e-09,1.63217e-08,2.8745e-08,4.57773e-08,6.60097e-08,8.98255e-08,1.18542e-07,1.50835e-07,1.88242e-07
401,0,1.88388e-09,7.05734e-09,1.63217e-08,2.8745e-08,4.57773e-08,6.60097e-08,8.98256e-08,1.18542e-07,1.50835e-07,1.88242e-07
402,0,1.88388e-09,7.05734e-09,1.63217e-08,2.8745e-08,4.57773e-08,6.60097e-08,8.98256e-08,1.18542e-07,1.50835e-07,1.88242e-07
403,0,2.78209e-10,1.16594e-09,3.00135e-09,4.85691e-09,8.72703e-09,1.20187e-08,1.76061e-08,2.30155e-08,2.92463e-08,3.74179e-08
404,0,2.78209e-10,1.16594e-09,3.00135e-09,4.85691e-09,8.72703e-09,1.20187e-08,1.76061e-08,2.30155e-08,2.92463e-08,3.74179e-08
405,0,-1.95765e-09,-8.05837e-09,-1.74217e-08,-3.09749e-08,-4.9029e-08,-7.07986e-08,-9.56397e-08,-1.24916e-07,-1.58943e-07,-1.97204e-07
406,0,-1.95765e-09,-8.05837e-09,-1.74217e-08,-3.09749e-08,-4.9029e-08,-7.07986e-08,-9.56397e-08,-1.24916e-07,-1.58943e-07,-1.97204e-07
407,0,-4.59376e-09,-1.81547e-08,-4.0887e-08,-7.27841e-08,-1.14326e-07,-1.65202e-07,-2.24612e-07,-2.93443e-07,-3.73952e-07,-4.6212e-07
408,0,-4.59376e-09,-1.81547e-08,-4.0887e-08,-7.27841e-08,-1.14326e-07,-1.65202e-07,-2.24612e-07,-2.93443e-07,-3.73952e-07,-4.6212e-07
409,0,0.0012816,0.00253702,0.00386015,0.00508348,0.00641002,0.00773457,0.0089931,0.0103823,0.011653,0.0130255
410,0,0.0012816,0.00253702,0.00386015,0.00508348,0.00641002,0.00773457,0.0089931,0.0103823,0.011653,0.0130255
411,0,-4.59376e-09,-1.81547e-08,-4.0887e-08,-7.27841e-08,-1.14326e-07,-1.65202e-07,-2.24612e-07,-2.93443e-07,-3.73952e-07,-4.6212e-07
412,0,-1.95765e-09,-8.05837e-09,-1.74217e-08,-3.09749e-08,-4.9029e-08,-7.07986e-08,-9.56397e-08,-1.24916e-07,-1.58943e-07,-1.97204e-07
413,0,2.78209e-10,1.16594e-09,3.00135e-09,4.85691e-09,8.72703e-09,1.20187e-08,1.76061e-08,2.30156e-08,2.92463e-08,3.74179e-08
414,0,1.88388e-09,7.05734e-09,1.63217e-08,2.8745e-08,4.57773e-08,6.60097e-08,8.98256e-08,1.18542e-07,1.50835e-07,1.88242e-07
415,0,1.88388e-09,7.05734e-09,1.63217e-08,2.8745e-08,4.57773e-08,6.60097e-08,8.98256e-08,1.18542e-07,1.50835e-07,1.88242e-07
416,0,2.78209e-10,1.16594e-09,3.00135e-09,4.85691e-09,8.72703e-09,1.20187e-08,1.76061e-08,2.30156e-08,2.92463e-08,3.74179e-08
417,0,-1.95765e-09,-8.05837e-09,-1.74217e-08,-3.09749e-08,-4.9029e-08,-7.07986e-08,-9.56397e-08,-1.24916e-07,-1.58943e-07,-1.97204e-07
418,0,-4.59376e-09,-1.81547e-08,-4.0887e-08,-7.27841e-08,-1.14326e-07,-1.65202e-07,-2.24612e-07,-2.93443e-07,-3.73952e-07,-4.6212e-07
419,0,0.00128322,0.00253982,0.00385841,0.00508254,0.00641389,0.00773457,0.00899191,0.0103823,0.011653,0.0130303
420,0,0.00128322,0.00253982,0.00385841,0.00508254,0.00641389,0.00773457,0.00899191,0.0103823,0.011653,0.0130303
421,0,-0.000175056,-0.000326581,-0.000612135,-0.000732163,-0.000936855,-0.00122206,-0.00142773,-0.00159218,-0.00179143,-0.00197677
422,0,-0.000175056,-0.000326581,-0.000612135,-0.000732163,-0.000936855,-0.00122206,-0.00142773,-0.00159218,-0.00179143,-0.00197677
423,0,-3.53766e-09,-1.45005e-08,-3.30273e-08,-5.82109e-08,-9.21418e-08,-1.3296e-07,-1.81223e-07,-2.36842e-07,-3.02119e-07,-3.73402e-07
424,0,-3.7185e-09,-1.52264e-08,-3.41765e-08,-6.04568e-08,-9.58189e-08,-1.3725e-07,-1.88978e-07,-2.45948e-07,-3.1297e-07,-3.87838e-07
425,0,-2.14152e-09,-8.2151e-09,-1.84426e-08,-3.32074e-08,-5.17195e-08,-7.47127e-08,-1.02554e-07,-1.33909e-07,-1.69874e-07,-2.10419e-07
426,0,-5.39211e-10,-1.72905e-09,-4.12993e-09,-7.42937e-09,-1.16488e-08,-1.74227e-08,-2.25889e-08,-3.04195e-08,-3.82476e-08,-4.68134e-08
427,0,-5.39211e-10,-1.72905e-09,-4.12993e-09,-7.42937e-09,-1.16488e-08,-1.74227e-08,-2.25889e-08,-3.04195e-08,-3.82476e-08,-4.68134e-08
428,0,-2.14152e-09,-8.2151e-09,-1.84426e-08,-3.32074e-08,-5.17195e-08,-7.47127e-08,-1.02554e-07,-1.33909e-07,-1.69874e-07,-2.10419e-07
429,0,-3.71851e-09,-1.52264e-08,-3.41765e-08,-6.04568e-08,-9.58189e-08,-1.3725e-07,-1.88978e-07,-2.45948e-07,-3.1297e-07,-3.87838e-07
430,0,-3.53766e-09,-1.45005e-08,-3.30273e-08,-5.82109e-08,-9.21418e-08,-1.3296e-07,-1.81223e-07,-2.36842e-07,-3.02119e-07,-3.73402e-07
431,0,-0.000175056,-0.000326581,-0.000612135,-0.000732163,-0.000936855,-0.00122206,-0.00142292,-0.00159218,-0.00179143,-0.00198079
432,0,-0.000175056,-0.000326581,-0.000612135,-0.000732163,-0.000936855,-0.00122206,-0.00142292,-0.00159218,-0.00179143,-0.00198079
433,0,-3.53766e-09,-1.45005e-08,-3.30273e-08,-5.82109e-08,-9.21418e-08,-1.3296e-07,-1.81223e-07,-2.36842e-07,-3.0212e-07,-3.73402e-07
434,0,-3.53766e-09,-1.45005e-08,-3.30273e-08,-5.82109e-08,-9.21418e-08,-1.3296e-07,-1.81223e-07,-2.36842e-07,-3.0212e-07,-3.73402e-07
435,0,-3.7185e-09,-1.52264e-08,-3.41765e-08,-6.04568e-08,-9.58189e-08,-1.3725e-07,-1.88978e-07,-2.45949e-07,-3.1297e-07,-3.87838e-07
436,0,-3.71851e-09,-1.52264e-08,-3.41765e-08,-6.04568e-08,-9.58189e-08,-1.3725e-07,-1.88978e-07,-2.45949e-07,-3.1297e-07,-3.87838e-07
437,0,-2.14152e-09,-8.2151e-09,-1.84426e-08,-3.32074e-08,-5.17195e-08,-7.47127e-08,-1.02554e-07,-1.33909e-07,-1.69874e-07,-2.10419e-07
438,0,-2.14152e-09,-8.2151e-09,-1.84426e-08,-3.32074e-08,-5.17195e-08,-7.47127e-08,-1.02554e-07,-1.33909e-07,-1.69874e-07,-2.10419e-07
439,0,-5.39211e-10,-1.72905e-09,-4.12993e-09,-7.42937e-09,-1.16488e-08,-1.74227e-08,-2.25889e-08,-3.04195e-08,-3.82476e-08,-4.68134e-08
440,0,-5.39211e-10,-1.72905e-09,-4.12993e-09,-7.42937e-09,-1.16488e-08,-1.74227e-08,-2.25889e-08,-3.04195e-08,-3.82476e-08,-4.68134e-08
441,0,-5.39211e-10,-1.72905e-09,-4.12993e-09,-7.42937e-09,-1.16488e-08,-1.74227e-08,-2.25889e-08,-3.04195e-08,-3.82476e-08,-4.68134e-08
442,0,-5.39211e-10,-1.72905e-09,-4.12993e-09,-7.42937e-09,-1.16488e-08,-1.74227e-08,-2.25889e-08,-3.04195e-08,-3.82476e-08,-4.68134e-08
443,0,-2.14152e-09,-8.2151e-09,-1.84426e-08,-3.32074e-08,-5.17195e-08,-7.47127e-08,-1.02554e-07,-1.33909e-07,-1.69874e-07,-2.10419e-07
444,0,-2.14152e-09,-8.2151e-09,-1.84426e-08,-3.32074e-08,-5.17195e-08,-7.47127e-08,-1.02554e-07,-1.33909e-07,-1.69874e-07,-2.10419e-07
445,0,-3.71851e-09,-1.52264e-08,-3.41765e-08,-6.04568e-08,-9.58189e-08,-1.3725e-07,-1.88978e-07,-2.45949e-07,-3.1297e-07,-3.87838e-07
446,0,-3.7185e-09,-1.52264e-08,-3.41765e-08,-6.04568e-08,-9.58189e-08,-1.3725e-07,-1.88978e-07,-2.45949e-07,-3.1297e-07,-3.87838e-07
447,0,-3.53766e-09,-1.45005e-08,-3.30273e-08,-5.82109e-08,-9.21418e-08,-1.3296e-07,-1.81223e-07,-2.36842e-07,-3.0212e-07,-3.73402e-07
448,0,-3.53766e-09,-1.45005e-08,-3.30273e-08,-5.82109e-08,-9.21418e-08,-1.3296e-07,-1.81223e-07,-2.36842e-07,-3.0212e-07,-3.73402e-07
449,0,-0.000175056,-0.000326581,-0.000612135,-0.000732163,-0.000936855,-0.00122206,-0.00142292,-0.00159218,-0.00179143,-0.00198079
450,0,-0.000175056,-0.000326581,-0.000612135,-0.000732163,-0.000936855,-0.00122206,-0.00142292,-0.00159218,-0.00179143,-0.00198079
451,0,-3.53766e-09,-1.45005e-08,-3.30273e-08,-5.82109e-08,-9.21418e-08,-1.3296e-07,-1.81223e-07,-2.36842e-07,-3.02119e-07,-3.73402e-07
452,0,-3.71851e-09,-1.52264e-08,-3.41765e-08,-6.04568e-08,-9.58189e-08,-1.3725e-07,-1.88978e-07,-2.45948e-07,-3.1297e-07,-3.87838e-07
453,0,-2.14152e-09,-8.2151e-09,-1.84426e-08,-3.32074e-08,-5.17195e-08,-7.47127e-08,-1.02554e-07,-1.33909e-07,-1.69874e-07,-2.10419e-07
454,0,-5.39211e-10,-1.72905e-09,-4.12993e-09,-7.42937e-09,-1.16488e-08,-1.74227e-08,-2.25889e-08,-3.04195e-08,-3.82476e-08,-4.68134e-08
455,0,-5.39211e-10,-1.72905e-09,-4.12993e-09,-7.42937e-09,-1.16488e-08,-1.74227e-08,-2.25889e-08,-3.04195e-08,-3.82476e-08,-4.68134e-08
456,0,-2.14152e-09,-8.2151e-09,-1.84426e-08,-3.32074e-08,-5.17195e-08,-7.47127e-08,-1.02554e-07,-1.33909e-07,-1.69874e-07,-2.10419e-07
457,0,-3.7185e-09,-1.52264e-08,-3.41765e-08,-6.04568e-08,-9.58189e-08,-1.3725e-07,-1.88978e-07,-2.45949e-07,-3.1297e-07,-3.87838e-07
458,0,-3.53766e-09,-1.45005e-08,-3.30273e-08,-5.82109e-08,-9.21418e-08,-1.3296e-07,-1.81223e-07,-2.36842e-07,-3.02119e-07,-3.73402e-07
459,0,-0.000176921,-0.000326581,-0.000614689,-0.000736277,-0.000932984,-0.00122769,-0.00142892,-0.00159325,-0.00179143,-0.00198173
460,0,-0.000176921,-0.000326581,-0.000614689,-0.000736277,-0.000932984,-0.00122769,-0.00142892,-0.00159325,-0.00179143,-0.00198173
461,168.75,135.151,72.0784,29.7934,11.0713,4.02041,1.46687,0.541713,0.201608,0.0744219,0.0258145
462,168.75,135.151,72.0784,29.7934,11.0713,4.02041,1.46687,0.541711,0.201606,0.0744208,0.0258137
463,168.75,135.152,72.079,29.7946,11.0729,4.02249,1.46946,0.544783,0.205153,0.0784366,0.0303077
464,-3.04697e-15,-6.54961e-05,-0.00012605,-0.000120043,-9.62031e-05,-6.41468e-05,-4.30557e-05,-2.80318e-05,-1.75917e-05,-1.12415e-05,-7.31886e-06
465,-3.04697e-15,-6.54943e-05,-0.000126043,-0.000120025,-9.61724e-05,-6.40977e-05,-4.29849e-05,-2.79358e-05,-1.74667e-05,-1.10819e-05,-7.12114e-06
466,-3.04697e-15,0.00057212,0.000755221,0.000595035,0.000406852,0.000263598,0.000163995,0.000103004,6.48158e-05,4.07673e-05,2.55138e-05
467,-3.04697e-15,0.00057212,0.000755219,0.000595031,0.000406846,0.000263589,0.000163981,0.000102986,6.47909e-05,4.07361e-05,2.54737e-05
468,-3.04697e-15,0.00112121,0.00152273,0.00128187,0.000910518,0.000594613,0.000383338,0.000244175,0.000154467,9.80291e-05,6.24585e-05
469,-3.04697e-15,0.0011212,0.00152271,0.00128182,0.00091044,0.000594489,0.000383157,0.00024393,0.000154146,9.76221e-05,6.19502e-05
470,-3.04697e-15,0.00143972,0.00196951,0.00170236,0.00121692,0.000812315,0.000525585,0.000336032,0.000214055,0.000136608,8.73954e-05
471,-3.04697e-15,0.00143971,0.00196947,0.00170229,0.00121679,0.000812099,0.000525272,0.000335607,0.000213502,0.000135901,8.65173e-05
472,-3.04697e-15,0.00144438,0.00198165,0.0017227,0.00123534,0.000827555,0.000537224,0.000344395,0.000220173,0.000140804,9.02994e-05
473,-3.04697e-15,0.00144437,0.00198161,0.00172262,0.00123521,0.000827339,0.000536911,0.00034397,0.000219619,0.000140097,8.94213e-05
474,-3.04697e-15,0.00113087,0.00154694,0.00132348,0.000948094,0.000625592,0.000406665,0.000260793,0.000166407,0.000106309,6.82019e-05
475,-3.04697e-15,0.00113087,0.00154692,0.00132344,0.000948015,0.000625467,0.000406483,0.000260548,0.000166087,0.000105902,6.76936e-05
476,-3.04697e-15,0.000582112,0.000771789,0.000622119,0.000429686,0.00028244,0.000177807,0.000112571,7.15348e-05,4.54662e-05,2.87294e-05
477,-3.04697e-15,0.000582111,0.000771788,0.000622116,0.00042968,0.00028243,0.000177792,0.000112553,7.15099e-05,4.54349e-05,2.86893e-05
478,-3.04697e-15,-6.17718e-05,-0.000124189,-0.000120775,-9.85407e-05,-6.55575e-05,-4.45696e-05,-2.92047e-05,-1.84534e-05,-1.18138e-05,-7.76928e-06
479,-3.04697e-15,-6.177e-05,-0.000124181,-0.000120757,-9.851e-05,-6.55084e-05,-4.44988e-05,-2.91088e-05,-1.83284e-05,-1.16542e-05,-7.57156e-06
480,168.75,135.249,72.2868,29.9634,11.1562,4.05878,1.48305,0.548831,0.204672,0.0757436,0.02637
481,168.75,135.249,72.2868,29.9634,11.1562,4.05878,1.48305,0.548832,0.204673,0.0757444,0.0263705
482,168.75,135.249,72.2874,29.9646,11.1578,4.06086,1.48564,0.551897,0.208219,0.0797591,0.0308677
483,1.00136e-14,-6.61684e-05,-0.000123879,-0.000120487,-9.77821e-05,-6.56626e-05,-4.47089e-05,-2.9083e-05,-1.84778e-05,-1.18264e-05,-7.76906e-06
484,1.00136e-14,-6.61666e-05,-0.000123871,-0.00012047,-9.77514e-05,-6.56134e-05,-4.46381e-05,-2.8987e-05,-1.83528e-05,-1.16668e-05,-7.57134e-06
485,0,-2.75847e-10,-1.18763e-09,-2.43571e-09,-3.74673e-09,-6.20945e-09,-8.72851e-09,-1.2848e-08,-1.62859e-08,-2.15789e-08,-2.56714e-08
486,0,-2.29543e-09,-9.67234e-09,-2.18785e-08,-3.8838e-08,-6.07742e-08,-8.76371e-08,-1.18838e-07,-1.55689e-07,-1.98031e-07,-2.44614e-07
487,0,-5.74319e-09,-2.37519e-08,-5.41303e-08,-9.55001e-08,-1.48897e-07,-2.15875e-07,-2.93063e-07,-3.82684e-07,-4.8503e-07,-6.01049e-07
488,0,-8.54849e-09,-3.50212e-08,-7.98932e-08,-1.40193e-07,-2.20398e-07,-3.18079e-07,-4.31661e-07,-5.62405e-07,-7.14759e-07,-8.83713e-07
489,0,-8.54849e-09,-3.50212e-08,-7.98932e-08,-1.40193e-07,-2.20398e-07,-3.18079e-07,-4.31661e-07,-5.62405e-07,-7.14759e-07,-8.83713e-07
490,0,-5.74319e-09,-2.37519e-08,-5.41303e-08,-9.55001e-08,-1.48897e-07,-2.15875e-07,-2.93063e-07,-3.82684e-07,-4.8503e-07,-6.01049e-07
491,0,-2.29543e-09,-9.67234e-09,-2.18785e-08,-3.8838e-08,-6.07742e-08,-8.76371e-08,-1.18838e-07,-1.55688e-07,-1.9803e-07,-2.44614e-07
492,0,-2.75847e-10,-1.18763e-09,-2.43571e-09,-3.74673e-09,-6.20945e-09,-8.72848e-09,-1.2848e-08,-1.62859e-08,-2.15789e-08,-2.56714e-08
493,1.00136e-14,-6.39819e-05,-0.000124906,-0.000121569,-9.64268e-05,-6.46003e-05,-4.348e-05,-2.84771e-05,-1.79098e-05,-1.14607e-05,-7.49635e-06
494,1.00136e-14,-6.39801e-05,-0.000124898,-0.000121552,-9.63961e-05,-6.45512e-05,-4.34092e-05,-2.83811e-05,-1.77848e-05,-1.13011e-05,-7.29863e-06
495,2.46888e-15,0.000578219,0.000771586,0.000622218,0.000430325,0.000282096,0.000177671,0.000112751,7.15603e-05,4.54271e-05,2.87235e-05
496,2.46888e-15,0.000578219,0.000771585,0.000622214,0.000430319,0.000282087,0.000177656,0.000112733,7.15354e-05,4.53959e-05,2.86834e-05
497,0,-2.29543e-09,-9.67234e-09,-2.18785e-08,-3.8838e-08,-6.07742e-08,-8.76371e-08,-1.18838e-07,-1.55688e-07,-1.98031e-07,-2.44614e-07
498,0,2.21559e-09,8.86929e-09,2.08049e-08,3.70491e-08,5.79074e-08,8.55869e-08,1.16918e-07,1.5414e-07,1.94982e-07,2.45324e-07
499,0,5.26326e-09,2.08149e-08,4.83262e-08,8.64219e-08,1.35905e-07,1.97821e-07,2.68881e-07,3.54742e-07,4.48991e-07,5.62911e-07
500,0,6.66353e-09,2.66803e-08,6.06311e-08,1.07256e-07,1.70783e-07,2.46931e-07,3.36586e-07,4.44052e-07,5.6498e-07,7.05794e-07
501,0,6.66353e-09,2.66803e-08,6.06311e-08,1.07256e-07,1.70783e-07,2.46931e-07,3.36586e-07,4.44052e-07,5.6498e-07,7.05794e-07
502,0,5.26326e-09,2.08149e-08,4.83262e-08,8.64219e-08,1.35905e-07,1.97821e-07,2.68881e-07,3.54742e-07,4.48991e-07,5.62911e-07
503,0,2.21559e-09,8.86929e-09,2.08049e-08,3.70491e-08,5.79074e-08,8.55869e-08,1.16918e-07,1.5414e-07,1.94982e-07,2.45324e-07
504,0,-2.29543e-09,-9.67234e-09,-2.18785e-08,-3.8838e-08,-6.07742e-08,-8.76371e-08,-1.18838e-07,-1.55689e-07,-1.9803e-07,-2.44614e-07
505,2.46888e-15,0.000571958,0.000761898,0.000605165,0.00041419,0.000269833,0.000168749,0.000106107,6.69808e-05,4.22362e-05,2.65568e-05
506,2.46888e-15,0.000571958,0.000761896,0.000605162,0.000414184,0.000269824,0.000168734,0.000106089,6.69559e-05,4.2205e-05,2.65167e-05
507,4.35505e-15,0.00113066,0.00154708,0.00132169,0.000948627,0.000625492,0.000407,0.000260921,0.000166339,0.000106286,6.82084e-05
508,4.35505e-15,0.00113066,0.00154706,0.00132165,0.000948548,0.000625368,0.000406819,0.000260676,0.000166019,0.000105879,6.77001e-05
509,0,-5.74319e-09,-2.37519e-08,-5.41303e-08,-9.55001e-08,-1.48897e-07,-2.15875e-07,-2.93063e-07,-3.82684e-07,-4.8503e-07,-6.01049e-07
510,0,5.26326e-09,2.08149e-08,4.83262e-08,8.64219e-08,1.35905e-07,1.97821e-07,2.68881e-07,3.54742e-07,4.48991e-07,5.62911e-07
511,0,1.29172e-08,5.21274e-08,1.19348e-07,2.15442e-07,3.37653e-07,4.85538e-07,6.64346e-07,8.70594e-07,1.10353e-06,1.3716e-06
512,0,1.71698e-08,6.92888e-08,1.56616e-07,2.7937e-07,4.38541e-07,6.33085e-07,8.6507e-07,1.13476e-06,1.44332e-06,1.78539e-06
513,0,1.71698e-08,6.92888e-08,1.56616e-07,2.7937e-07,4.38541e-07,6.33085e-07,8.6507e-07,1.13476e-06,1.44332e-06,1.78539e-06
514,0,1.29172e-08,5.21274e-08,1.19348e-07,2.15442e-07,3.37653e-07,4.85538e-07,6.64346e-07,8.70594e-07,1.10353e-06,1.3716e-06
515,0,5.26326e-09,2.08149e-08,4.83262e-08,8.64219e-08,1.35905e-07,1.97821e-07,2.68881e-07,3.54742e-07,4.48991e-07,5.62911e-07
516,0,-5.74319e-09,-2.37519e-08,-5.41303e-08,-9.55001e-08,-1.48897e-07,-2.15875e-07,-2.93063e-07,-3.82684e-07,-4.8503e-07,-6.01049e-07
517,4.35505e-15,0.00112487,0.00152866,0.00129921,0.000923209,0.000605303,0.00039136,0.000249723,0.000158354,0.000100721,6.43703e-05
518,4.35505e-15,0.00112487,0.00152864,0.00129917,0.00092313,0.000605178,0.000391179,0.000249478,0.000158033,0.000100314,6.3862e-05
519,8.1274e-15,0.00144357,0.0019819,0.00172193,0.00123586,0.000827686,0.000537586,0.000344498,0.000220089,0.000140824,9.03128e-05
520,8.1274e-15,0.00144356,0.00198186,0.00172185,0.00123573,0.00082747,0.000537273,0.000344074,0.000219535,0.000140118,8.94347e-05
521,0,-8.54849e-09,-3.50212e-08,-7.98932e-08,-1.40193e-07,-2.20398e-07,-3.18079e-07,-4.31661e-07,-5.62405e-07,-7.14759e-07,-8.83712e-07
522,0,6.66353e-09,2.66803e-08,6.06311e-08,1.07256e-07,1.70783e-07,2.46931e-07,3.36586e-07,4.44052e-07,5.64981e-07,7.05794e-07
523,0,1.71698e-08,6.92888e-08,1.56616e-07,2.7937e-07,4.38541e-07,6.33085e-07,8.6507e-07,1.13476e-06,1.44332e-06,1.78539e-06
524,0,2.26842e-08,9.14579e-08,2.05805e-07,3.67006e-07,5.73034e-07,8.31245e-07,1.13676e-06,1.48981e-06,1.8978e-06,2.34807e-06
525,0,2.26842e-08,9.14579e-08,2.05805e-07,3.67006e-07,5.73034e-07,8.31245e-07,1.13676e-06,1.48981e-06,1.8978e-06,2.34807e-06
526,0,1.71698e-08,6.92888e-08,1.56616e-07,2.7937e-07,4.38541e-07,6.33085e-07,8.6507e-07,1.13476e-06,1.44332e-06,1.78539e-06
527,0,6.66353e-09,2.66803e-08,6.06311e-08,1.07256e-07,1.70783e-07,2.46931e-07,3.36586e-07,4.44052e-07,5.64981e-07,7.05794e-07
528,0,-8.54849e-09,-3.50212e-08,-7.98932e-08,-1.40193e-07,-2.20398e-07,-3.18079e-07,-4.31661e-07,-5.62405e-07,-7.14759e-07,-8.83712e-07
529,8.1274e-15,0.00144223,0.00197098,0.00170992,0.00122352,0.00081773,0.000529545,0.00033906,0.000216099,0.000138027,8.83651e-05
530,8.1274e-15,0.00144222,0.00197094,0.00170984,0.00122339,0.000817513,0.000529232,0.000338635,0.000215545,0.00013732,8.7487e-05
531,8.1274e-15,0.00144202,0.00196893,0.00170236,0.00121716,0.000812518,0.000525537,0.000336057,0.000214126,0.000136608,8.74027e-05
532,8.1274e-15,0.00144201,0.0019689,0.00170229,0.00121702,0.000812302,0.000525224,0.000335632,0.000213572,0.000135901,8.65246e-05
533,0,-8.54849e-09,-3.50212e-08,-7.98932e-08,-1.40193e-07,-2.20398e-07,-3.18079e-07,-4.31661e-07,-5.62405e-07,-7.14759e-07,-8.83712e-07
534,0,6.66353e-09,2.66803e-08,6.06311e-08,1.07256e-07,1.70783e-07,2.46931e-07,3.36586e-07,4.44052e-07,5.6498e-07,7.05794e-07
535,0,1.71698e-08,6.92888e-08,1.56616e-07,2.7937e-07,4.38541e-07,6.33085e-07,8.6507e-07,1.13476e-06,1.44332e-06,1.78539e-06
536,0,2.26842e-08,9.14579e-08,2.05805e-07,3.67006e-07,5.73034e-07,8.31245e-07,1.13676e-06,1.48981e-06,1.8978e-06,2.34807e-06
537,0,2.26842e-08,9.14579e-08,2.05805e-07,3.67006e-07,5.73034e-07,8.31245e-07,1.13676e-06,1.48981e-06,1.8978e-06,2.34807e-06
538,0,1.71698e-08,6.92888e-08,1.56616e-07,2.7937e-07,4.38541e-07,6.33085e-07,8.6507e-07,1.13476e-06,1.44332e-06,1.78539e-06
539,0,6.66353e-09,2.66803e-08,6.06311e-08,1.07256e-07,1.70783e-07,2.46931e-07,3.36586e-07,4.44052e-07,5.6498e-07,7.05794e-07
540,0,-8.54849e-09,-3.50212e-08,-7.98932e-08,-1.40193e-07,-2.20398e-07,-3.18079e-07,-4.31661e-07,-5.62405e-07,-7.14759e-07,-8.83712e-07
541,8.1274e-15,0.00143821,0.0019741,0.0017156,0.00122842,0.000822322,0.000533046,0.000341469,0.000218,0.000139343,8.92304e-05
542,8.1274e-15,0.0014382,0.00197406,0.00171552,0.00122828,0.000822106,0.000532733,0.000341044,0.000217447,0.000138636,8.83523e-05
543,4.35505e-15,0.00112329,0.00152259,0.00128275,0.000910596,0.000595045,0.000383486,0.000244239,0.000154547,9.80074e-05,6.24761e-05
544,4.35505e-15,0.00112328,0.00152257,0.00128271,0.000910517,0.000594921,0.000383304,0.000243993,0.000154227,9.76004e-05,6.19678e-05
545,0,-5.74319e-09,-2.37519e-08,-5.41303e-08,-9.55001e-08,-1.48897e-07,-2.15875e-07,-2.93063e-07,-3.82684e-07,-4.8503e-07,-6.01049e-07
546,0,5.26326e-09,2.08149e-08,4.83262e-08,8.64219e-08,1.35905e-07,1.97821e-07,2.68881e-07,3.54742e-07,4.48991e-07,5.62911e-07
547,0,1.29172e-08,5.21274e-08,1.19348e-07,2.15442e-07,3.37653e-07,4.85538e-07,6.64346e-07,8.70594e-07,1.10353e-06,1.3716e-06
548,0,1.71698e-08,6.92888e-08,1.56616e-07,2.7937e-07,4.38541e-07,6.33085e-07,8.6507e-07,1.13476e-06,1.44332e-06,1.78539e-06
549,0,1.71698e-08,6.92888e-08,1.56616e-07,2.7937e-07,4.38541e-07,6.33085e-07,8.6507e-07,1.13476e-06,1.44332e-06,1.78539e-06
550,0,1.29172e-08,5.21274e-08,1.19348e-07,2.15442e-07,3.37653e-07,4.85538e-07,6.64346e-07,8.70594e-07,1.10353e-06,1.3716e-06
551,0,5.26326e-09,2.08149e-08,4.83262e-08,8.64219e-08,1.35905e-07,1.97821e-07,2.68881e-07,3.54742e-07,4.48991e-07,5.62911e-07
552,0,-5.74319e-09,-2.37519e-08,-5.41303e-08,-9.55001e-08,-1.48897e-07,-2.15875e-07,-2.93063e-07,-3.82684e-07,-4.8503e-07,-6.01049e-07
553,4.35505e-15,0.00112531,0.00153731,0.00130886,0.000934509,0.000614927,0.00039852,0.000254915,0.000162232,0.000103394,6.61495e-05
554,4.35505e-15,0.00112531,0.00153729,0.00130881,0.00093443,0.000614802,0.000398339,0.00025467,0.000161912,0.000102987,6.56412e-05
555,2.46888e-15,0.00057039,0.000753804,0.000595702,0.000406896,0.000263644,0.000164159,0.000103098,6.48599e-05,4.0767e-05,2.55299e-05
556,2.46888e-15,0.00057039,0.000753803,0.000595698,0.00040689,0.000263635,0.000164144,0.00010308,6.4835e-05,4.07357e-05,2.54899e-05
557,0,-2.29543e-09,-9.67234e-09,-2.18785e-08,-3.8838e-08,-6.07742e-08,-8.76371e-08,-1.18838e-07,-1.55689e-07,-1.98031e-07,-2.44614e-07
558,0,2.21559e-09,8.86929e-09,2.08049e-08,3.70491e-08,5.79073e-08,8.55869e-08,1.16918e-07,1.5414e-07,1.94982e-07,2.45324e-07
559,0,5.26326e-09,2.08149e-08,4.83262e-08,8.64219e-08,1.35905e-07,1.97821e-07,2.68881e-07,3.54742e-07,4.48991e-07,5.62911e-07
560,0,6.66353e-09,2.66803e-08,6.06311e-08,1.07256e-07,1.70783e-07,2.46931e-07,3.36586e-07,4.44052e-07,5.6498e-07,7.05794e-07
561,0,6.66353e-09,2.66803e-08,6.06311e-08,1.07256e-07,1.70783e-07,2.46931e-07,3.36586e-07,4.44052e-07,5.6498e-07,7.05794e-07
562,0,5.26326e-09,2.08149e-08,4.83262e-08,8.64219e-08,1.35905e-07,1.97821e-07,2.68881e-07,3.54742e-07,4.48991e-07,5.62911e-07
563,0,2.21559e-09,8.86929e-09,2.08049e-08,3.70491e-08,5.79073e-08,8.55869e-08,1.16918e-07,1.5414e-07,1.94982e-07,2.45324e-07
564,0,-2.29543e-09,-9.67234e-09,-2.18785e-08,-3.8838e-08,-6.07742e-08,-8.76371e-08,-1.18838e-07,-1.55689e-07,-1.9803e-07,-2.44614e-07
565,2.46888e-15,0.000580025,0.000769079,0.000612957,0.000421006,0.000276231,0.000172991,0.000109308,6.92299e-05,4.38176e-05,2.76108e-05
566,2.46888e-15,0.000580024,0.000769077,0.000612954,0.000421,0.000276221,0.000172976,0.00010929,6.9205e-05,4.37863e-05,2.75707e-05
567,1.00136e-14,-6.84252e-05,-0.000126013,-0.000120346,-9.64311e-05,-6.42874e-05,-4.31207e-05,-2.79602e-05,-1.7614e-05,-1.12354e-05,-7.32123e-06
568,1.00136e-14,-6.84234e-05,-0.000126005,-0.000120328,-9.64004e-05,-6.42382e-05,-4.30499e-05,-2.78642e-05,-1.7489e-05,-1.10757e-05,-7.12351e-06
569,0,-2.75847e-10,-1.18763e-09,-2.43571e-09,-3.74673e-09,-6.20945e-09,-8.72848e-09,-1.28481e-08,-1.62859e-08,-2.15789e-08,-2.56714e-08
570,0,-2.29543e-09,-9.67233e-09,-2.18785e-08,-3.8838e-08,-6.07742e-08,-8.76371e-08,-1.18838e-07,-1.55689e-07,-1.98031e-07,-2.44614e-07
571,0,-5.74319e-09,-2.37519e-08,-5.41303e-08,-9.55001e-08,-1.48897e-07,-2.15875e-07,-2.93063e-07,-3.82684e-07,-4.8503e-07,-6.01049e-07
572,0,-8.54849e-09,-3.50212e-08,-7.98932e-08,-1.40193e-07,-2.20398e-07,-3.18079e-07,-4.31661e-07,-5.62405e-07,-7.14759e-07,-8.83713e-07
573,0,-8.54849e-09,-3.50212e-08,-7.98932e-08,-1.40193e-07,-2.20398e-07,-3.18079e-07,-4.31661e-07,-5.62405e-07,-7.14759e-07,-8.83713e-07
574,0,-5.74319e-09,-2.37519e-08,-5.41303e-08,-9.55001e-08,-1.48897e-07,-2.15875e-07,-2.93063e-07,-3.82684e-07,-4.8503e-07,-6.01049e-07
575,0,-2.29543e-09,-9.67234e-09,-2.18785e-08,-3.8838e-08,-6.07742e-08,-8.76371e-08,-1.18838e-07,-1.55689e-07,-1.98031e-07,-2.44614e-07
576,0,-2.75847e-10,-1.18763e-09,-2.43571e-09,-3.74673e-09,-6.20945e-09,-8.72849e-09,-1.28481e-08,-1.62859e-08,-2.15789e-08,-2.56714e-08
577,1.00136e-14,-5.77579e-05,-0.000122946,-0.000120429,-9.79737e-05,-6.4524e-05,-4.39741e-05,-2.87683e-05,-1.81483e-05,-1.16163e-05,-7.58666e-06
578,1.00136e-14,-5.7756e-05,-0.000122939,-0.000120411,-9.7943e-05,-6.44749e-05,-4.39033e-05,-2.86723e-05,-1.80232e-05,-1.14567e-05,-7.38894e-06
579,168.75,135.026,71.8668,29.6207,10.9864,3.98206,1.45058,0.534797,0.198611,0.0731319,0.0252674
580,168.75,135.026,71.8668,29.6207,10.9864,3.98207,1.45059,0.534799,0.198612,0.0731327,0.025268
581,168.75,135.027,71.8673,29.6218,10.9879,3.98415,1.45317,0.537864,0.202159,0.0771478,0.0297654
582,-3.04697e-15,-5.82436e-05,-0.000123368,-0.000120524,-9.81601e-05,-6.48937e-05,-4.42141e-05,-2.87791e-05,-1.81224e-05,-1.15775e-05,-7.60235e-06
583,-3.04697e-15,-5.82418e-05,-0.000123361,-0.000120507,-9.81293e-05,-6.48446e-05,-4.41433e-05,-2.86832e-05,-1.79974e-05,-1.14179e-05,-7.40463e-06
584,-3.04697e-15,0.000579522,0.000766754,0.000613124,0.000422644,0.000276098,0.000172932,0.000109257,6.92471e-05,4.38552e-05,2.75915e-05
585,-3.04697e-15,0.000579522,0.000766753,0.00061312,0.000422638,0.000276089,0.000172917,0.000109238,6.92222e-05,4.38239e-05,2.75514e-05
586,-3.04697e-15,0.00112727,0.00153586,0.00130933,0.000935864,0.000614756,0.000398754,0.000255015,0.000162244,0.000103361,6.61449e-05
587,-3.04697e-15,0.00112726,0.00153584,0.00130929,0.000935785,0.000614631,0.000398572,0.00025477,0.000161923,0.000102954,6.56367e-05
588,-3.04697e-15,0.0014431,0.0019744,0.001716,0.00122835,0.000822191,0.000533374,0.000341402,0.000218012,0.000139273,8.92314e-05
589,-3.04697e-15,0.00144309,0.00197436,0.00171592,0.00122822,0.000821975,0.000533061,0.000340978,0.000217458,0.000138566,8.83532e-05
590,-3.04697e-15,0.0014437,0.00197251,0.00171049,0.00122299,0.00081769,0.000529644,0.000338885,0.000216126,0.000138027,8.83521e-05
591,-3.04697e-15,0.00144369,0.00197248,0.00171041,0.00122285,0.000817474,0.000529331,0.000338461,0.000215573,0.00013732,8.7474e-05
592,-3.04697e-15,0.00112421,0.00153191,0.00129844,0.000923513,0.000604799,0.000391303,0.000249819,0.000158401,0.000100788,6.436e-05
593,-3.04697e-15,0.00112421,0.00153189,0.0012984,0.000923435,0.000604675,0.000391122,0.000249574,0.000158081,0.000100381,6.38518e-05
594,-3.04697e-15,0.000573261,0.000763272,0.00060531,0.000413813,0.000269196,0.000168701,0.000106229,6.69724e-05,4.22721e-05,2.6544e-05
595,-3.04697e-15,0.000573261,0.00076327,0.000605306,0.000413807,0.000269187,0.000168686,0.000106211,6.69475e-05,4.22409e-05,2.65039e-05
596,-3.04697e-15,-6.13705e-05,-0.000123846,-0.000120587,-9.7694e-05,-6.47386e-05,-4.36231e-05,-2.84049e-05,-1.79631e-05,-1.14988e-05,-7.508e-06
597,-3.04697e-15,-6.13686e-05,-0.000123838,-0.000120569,-9.76633e-05,-6.46895e-05,-4.35523e-05,-2.8309e-05,-1.78381e-05,-1.13392e-05,-7.31027e-06
598,168.75,135.132,72.0957,29.7954,11.0733,4.02093,1.46627,0.541587,0.201646,0.0744167,0.0258175
599,168.75,135.132,72.0957,29.7954,11.0733,4.02094,1.46627,0.541588,0.201647,0.0744171,0.0258177
600,168.75,135.133,72.0962,29.7966,11.0749,4.02302,1.46887,0.544658,0.205194,0.0784321,0.0303161
