1,-0,1176.31,2355.79,3538.4,4724.21,5913.22,7105.45,8300.9,9499.59,10701.5,11906.8
2,-0,922.974,1848.13,2775.44,3704.97,4636.69,5570.63,6506.78,7445.17,8385.79,9328.66
3,-0,934.798,1871.67,2810.61,3751.65,4694.79,5640.03,6587.39,7536.87,8488.49,9442.24
4,-0,921.719,1845.41,2771.06,3698.7,4628.34,5559.97,6493.61,7429.27,8366.95,9306.65
5,-0,921.328,1844.6,2769.81,3696.98,4626.12,5557.23,6490.32,7425.4,8362.47,9301.55
6,-0,921.328,1844.6,2769.81,3696.98,4626.12,5557.23,6490.32,7425.4,8362.47,9301.55
7,-0,921.719,1845.41,2771.06,3698.7,4628.34,5559.97,6493.61,7429.27,8366.95,9306.65
8,-0,934.798,1871.67,2810.61,3751.65,4694.79,5640.03,6587.39,7536.87,8488.49,9442.24
9,-0,922.974,1848.13,2775.44,3704.97,4636.69,5570.63,6506.78,7445.17,8385.79,9328.66
10,-0,1176.31,2355.79,3538.4,4724.21,5913.22,7105.45,8300.9,9499.59,10701.5,11906.8
11,-0,922.974,1848.13,2775.44,3704.97,4636.69,5570.63,6506.78,7445.17,8385.79,9328.66
12,-0,646.44,1294.2,1943.27,2593.67,3245.4,3898.47,4552.88,5208.62,5865.72,6524.16
13,-0,679.05,1359.34,2040.85,2723.62,3407.64,4092.9,4779.42,5467.2,6156.24,6846.54
14,-0,670.87,1342.89,2016.04,2690.35,3365.82,4042.44,4720.22,5399.17,6079.28,6760.56
15,-0,671.89,1344.9,2019.01,2694.26,3370.64,4048.14,4726.78,5406.54,6087.45,6769.49
16,-0,671.89,1344.9,2019.01,2694.26,3370.64,4048.14,4726.78,5406.54,6087.45,6769.49
17,-0,670.87,1342.89,2016.04,2690.35,3365.82,4042.44,4720.22,5399.17,6079.28,6760.56
18,-0,679.05,1359.34,2040.85,2723.62,3407.64,4092.9,4779.42,5467.2,6156.24,6846.54
19,-0,646.44,1294.2,1943.27,2593.67,3245.4,3898.47,4552.88,5208.62,5865.72,6524.16
20,-0,922.974,1848.13,2775.44,3704.97,4636.69,5570.63,6506.78,7445.17,8385.79,9328.66
21,-0,934.798,1871.67,2810.61,3751.65,4694.79,5640.03,6587.39,7536.87,8488.49,9442.24
22,-0,679.05,1359.34,2040.85,2723.62,3407.64,4092.9,4779.42,5467.2,6156.24,6846.54
23,-0,710.929,1422.98,2136.14,2850.43,3565.86,4282.41,5000.1,5718.92,6438.88,7159.99
24,-0,709.003,1419.04,2130.09,2842.18,3555.3,4269.47,4984.67,5700.92,6418.21,7136.54
25,-0,712.101,1425.2,2139.28,2854.38,3570.48,4287.59,5005.7,5724.83,6444.96,7166.11
26,-0,712.101,1425.2,2139.28,2854.38,3570.48,4287.59,5005.7,5724.83,6444.96,7166.11
27,-0,709.003,1419.04,2130.09,2842.18,3555.3,4269.47,4984.67,5700.92,6418.21,7136.54
28,-0,710.929,1422.98,2136.14,2850.43,3565.86,4282.41,5000.1,5718.92,6438.88,7159.99
29,-0,679.05,1359.34,2040.85,2723.62,3407.64,4092.9,4779.42,5467.2,6156.24,6846.54
30,-0,934.798,1871.67,2810.61,3751.65,4694.79,5640.03,6587.39,7536.87,8488.49,9442.24
31,-0,921.719,1845.41,2771.06,3698.7,4628.34,5559.97,6493.61,7429.27,8366.95,9306.65
32,-0,670.87,1342.89,2016.04,2690.35,3365.82,4042.44,4720.22,5399.17,6079.28,6760.56
33,-0,709.003,1419.04,2130.09,2842.18,3555.3,4269.47,4984.67,5700.92,6418.21,7136.54
34,-0,709.38,1419.69,2130.92,2843.1,3556.21,4270.26,4985.24,5701.17,6418.05,7135.86
35,-0,714.01,1428.92,2144.71,2861.42,3579.03,4297.55,5016.97,5737.3,6458.55,7180.7
36,-0,714.01,1428.92,2144.71,2861.42,3579.03,4297.55,5016.97,5737.3,6458.55,7180.7
37,-0,709.38,1419.69,2130.92,2843.1,3556.21,4270.26,4985.24,5701.17,6418.05,7135.86
38,-0,709.003,1419.04,2130.09,2842.18,3555.3,4269.47,4984.67,5700.92,6418.21,7136.54
39,-0,670.87,1342.89,2016.04,2690.35,3365.82,4042.44,4720.22,5399.17,6079.28,6760.56
40,-0,921.719,1845.41,2771.06,3698.7,4628.34,5559.97,6493.61,7429.27,8366.95,9306.65
41,-0,921.328,1844.6,2769.81,3696.98,4626.12,5557.23,6490.32,7425.4,8362.47,9301.55
42,-0,671.89,1344.9,2019.01,2694.26,3370.64,4048.14,4726.78,5406.54,6087.45,6769.49
43,-0,712.101,1425.2,2139.28,2854.38,3570.48,4287.59,5005.7,5724.83,6444.96,7166.11
44,-0,714.01,1428.92,2144.71,2861.42,3579.03,4297.55,5016.97,5737.3,6458.55,7180.7
45,-0,719.254,1439.38,2160.35,2882.2,3604.93,4328.52,5052.99,5778.33,6504.55,7231.64
46,-0,719.254,1439.38,2160.35,2882.2,3604.93,4328.52,5052.99,5778.33,6504.55,7231.64
47,-0,714.01,1428.92,2144.71,2861.42,3579.03,4297.55,5016.97,5737.3,6458.55,7180.7
48,-0,712.101,1425.2,2139.28,2854.38,3570.48,4287.59,5005.7,5724.83,6444.96,7166.11
49,-0,671.89,1344.9,2019.01,2694.26,3370.64,4048.14,4726.78,5406.54,6087.45,6769.49
50,-0,921.328,1844.6,2769.81,3696.98,4626.12,5557.23,6490.32,7425.4,8362.47,9301.55
51,-0,921.328,1844.6,2769.81,3696.98,4626.12,5557.23,6490.32,7425.4,8362.47,9301.55
52,-0,671.89,1344.9,2019.01,2694.26,3370.64,4048.14,4726.78,5406.54,6087.45,6769.49
53,-0,712.101,1425.2,2139.28,2854.38,3570.48,4287.59,5005.7,5724.83,6444.96,7166.11
54,-0,714.01,1428.92,2144.71,2861.42,3579.03,4297.55,5016.97,5737.3,6458.55,7180.7
55,-0,719.254,1439.38,2160.35,2882.2,3604.93,4328.52,5052.99,5778.33,6504.55,7231.64
56,-0,719.254,1439.38,2160.35,2882.2,3604.93,4328.52,5052.99,5778.33,6504.55,7231.64
57,-0,714.01,1428.92,2144.71,2861.42,3579.03,4297.55,5016.97,5737.3,6458.55,7180.7
58,-0,712.101,1425.2,2139.28,2854.38,3570.48,4287.59,5005.7,5724.83,6444.96,7166.11
59,-0,671.89,1344.9,2019.01,2694.26,3370.64,4048.14,4726.78,5406.54,6087.45,6769.49
60,-0,921.328,1844.6,2769.81,3696.98,4626.12,5557.23,6490.32,7425.4,8362.47,9301.55
61,-0,921.719,1845.41,2771.06,3698.7,4628.34,5559.97,6493.61,7429.27,8366.95,9306.65
62,-0,670.87,1342.89,2016.04,2690.35,3365.82,4042.44,4720.22,5399.17,6079.28,6760.56
63,-0,709.003,1419.04,2130.09,2842.18,3555.3,4269.47,4984.67,5700.92,6418.21,7136.54
64,-0,709.38,1419.69,2130.92,2843.1,3556.21,4270.26,4985.24,5701.17,6418.05,7135.86
65,-0,714.01,1428.92,2144.71,2861.42,3579.03,4297.55,5016.97,5737.3,6458.55,7180.7
66,-0,714.01,1428.92,2144.71,2861.42,3579.03,4297.55,5016.97,5737.3,6458.55,7180.7
67,-0,709.38,1419.69,2130.92,2843.1,3556.21,4270.26,4985.24,5701.17,6418.05,7135.86
68,-0,709.003,1419.04,2130.09,2842.18,3555.3,4269.47,4984.67,5700.92,6418.21,7136.54
69,-0,670.87,1342.89,2016.04,2690.35,3365.82,4042.44,4720.22,5399.17,6079.28,6760.56
70,-0,921.719,1845.41,2771.06,3698.7,4628.34,5559.97,6493.61,7429.27,8366.95,9306.65
71,-0,934.798,1871.67,2810.61,3751.65,4694.79,5640.03,6587.39,7536.87,8488.49,9442.24
72,-0,679.05,1359.34,2040.85,2723.62,3407.64,4092.9,4779.42,5467.2,6156.24,6846.54
73,-0,710.929,1422.98,2136.14,2850.43,3565.86,4282.41,5000.1,5718.92,6438.88,7159.99
74,-0,709.003,1419.04,2130.09,2842.18,3555.3,4269.47,4984.67,5700.92,6418.21,7136.54
75,-0,712.101,1425.2,2139.28,2854.38,3570.48,4287.59,5005.7,5724.83,6444.96,7166.11
76,-0,712.101,1425.2,2139.28,2854.38,3570.48,4287.59,5005.7,5724.83,6444.96,7166.11
77,-0,709.003,1419.04,2130.09,2842.18,3555.3,4269.47,4984.67,5700.92,6418.21,7136.54
78,-0,710.929,1422.98,2136.14,2850.43,3565.86,4282.41,5000.1,5718.92,6438.88,7159.99
79,-0,679.05,1359.34,2040.85,2723.62,3407.64,4092.9,4779.42,5467.2,6156.24,6846.54
80,-0,934.798,1871.67,2810.61,3751.65,4694.79,5640.03,6587.39,7536.87,8488.49,9442.24
81,-0,922.974,1848.13,2775.44,3704.97,4636.69,5570.63,6506.78,7445.17,8385.79,9328.66
82,-0,646.44,1294.2,1943.27,2593.67,3245.4,3898.47,4552.88,5208.62,5865.72,6524.16
83,-0,679.05,1359.34,2040.85,2723.62,3407.64,4092.9,4779.42,5467.2,6156.24,6846.54
84,-0,670.87,1342.89,2016.04,2690.35,3365.82,4042.44,4720.22,5399.17,6079.28,6760.56
85,-0,671.89,1344.9,2019.01,2694.26,3370.64,4048.14,4726.78,5406.54,6087.45,6769.49
86,-0,671.89,1344.9,2019.01,2694.26,3370.64,4048.14,4726.78,5406.54,6087.45,6769.49
87,-0,670.87,1342.89,2016.04,2690.35,3365.82,4042.44,4720.22,5399.17,6079.28,6760.56
88,-0,679.05,1359.34,2040.85,2723.62,3407.64,4092.9,4779.42,5467.2,6156.24,6846.54
89,-0,646.44,1294.2,1943.27,2593.67,3245.4,3898.47,4552.88,5208.62,5865.72,6524.16
90,-0,922.974,1848.13,2775.44,3704.97,4636.69,5570.63,6506.78,7445.17,8385.79,9328.66
91,-0,1176.31,2355.79,3538.4,4724.21,5913.22,7105.45,8300.9,9499.59,10701.5,11906.8
92,-0,922.974,1848.13,2775.44,3704.97,4636.69,5570.63,6506.78,7445.17,8385.79,9328.66
93,-0,934.798,1871.67,2810.61,3751.65,4694.79,5640.03,6587.39,7536.87,8488.49,9442.24
94,-0,921.719,1845.41,2771.06,3698.7,4628.34,5559.97,6493.61,7429.27,8366.95,9306.65
95,-0,921.328,1844.6,2769.81,3696.98,4626.12,5557.23,6490.32,7425.4,8362.47,9301.55
96,-0,921.328,1844.6,2769.81,3696.98,4626.12,5557.23,6490.32,7425.4,8362.47,9301.55
97,-0,921.719,1845.41,2771.06,3698.7,4628.34,5559.97,6493.61,7429.27,8366.95,9306.65
98,-0,934.798,1871.67,2810.61,3751.65,4694.79,5640.03,6587.39,7536.87,8488.49,9442.24
99,-0,922.974,1848.13,2775.44,3704.97,4636.69,5570.63,6506.78,7445.17,8385.79,9328.66
100,-0,1176.31,2355.79,3538.4,4724.21,5913.22,7105.45,8300.9,9499.59,10701.5,11906.8
101,-0,385.478,771.248,1157.3,1543.64,1930.28,2317.2,2704.42,3091.93,3479.74,3867.84
102,-0,502.723,1006.08,1510.04,2014.64,2519.88,3025.74,3532.25,4039.4,4547.18,5055.61
103,-0,464.594,929.697,1395.29,1861.4,2328.03,2795.16,3262.81,3730.97,4199.65,4668.85
104,-0,460.399,921.296,1382.67,1844.56,2306.95,2769.84,3233.23,3697.12,4161.52,4626.43
105,-0,455.421,911.328,1367.7,1824.57,2281.93,2739.78,3198.11,3656.94,4116.26,4576.08
106,-0,455.421,911.328,1367.7,1824.57,2281.93,2739.78,3198.11,3656.94,4116.26,4576.08
107,-0,460.399,921.296,1382.67,1844.56,2306.95,2769.84,3233.23,3697.12,4161.52,4626.43
108,-0,464.594,929.697,1395.29,1861.4,2328.03,2795.16,3262.81,3730.97,4199.65,4668.85
109,-0,502.723,1006.08,1510.04,2014.64,2519.88,3025.74,3532.25,4039.4,4547.18,5055.61
110,-0,385.478,771.248,1157.3,1543.64,1930.28,2317.2,2704.42,3091.93,3479.74,3867.84
111,-0,502.723,1006.08,1510.04,2014.64,2519.88,3025.74,3532.25,4039.4,4547.18,5055.61
112,-0,608.186,1217.18,1826.95,2437.55,3048.96,3661.18,4274.23,4888.09,5502.78,6118.29
113,-0,595.456,1191.66,1788.6,2386.3,2984.75,3583.97,4183.94,4784.68,5386.18,5988.46
114,-0,605.38,1211.51,1818.36,2425.97,3034.34,3643.46,4253.33,4863.97,5475.36,6087.52
115,-0,605.783,1212.3,1819.53,2427.51,3036.23,3645.7,4255.9,4866.86,5478.56,6091.02
116,-0,605.783,1212.3,1819.53,2427.51,3036.23,3645.7,4255.9,4866.86,5478.56,6091.02
117,-0,605.38,1211.51,1818.36,2425.97,3034.34,3643.46,4253.33,4863.97,5475.36,6087.52
118,-0,595.456,1191.66,1788.6,2386.3,2984.75,3583.97,4183.94,4784.68,5386.18,5988.46
119,-0,608.186,1217.18,1826.95,2437.55,3048.96,3661.18,4274.23,4888.09,5502.78,6118.29
120,-0,502.723,1006.08,1510.04,2014.64,2519.88,3025.74,3532.25,4039.4,4547.18,5055.61
121,-0,464.594,929.697,1395.29,1861.4,2328.03,2795.16,3262.81,3730.97,4199.65,4668.85
122,-0,595.456,1191.66,1788.6,2386.3,2984.75,3583.97,4183.94,4784.68,5386.18,5988.46
123,-0,581.494,1163.66,1746.49,2330,2914.19,3499.07,4084.62,4670.86,5257.79,5845.4
124,-0,596.956,1194.59,1792.88,2391.86,2991.52,3591.86,4192.89,4794.6,5397,6000.09
125,-0,599.772,1200.21,1801.29,2403.06,3005.49,3608.59,4212.36,4816.81,5421.94,6027.74
126,-0,599.772,1200.21,1801.29,2403.06,3005.49,3608.59,4212.36,4816.81,5421.94,6027.74
127,-0,596.956,1194.59,1792.88,2391.86,2991.52,3591.86,4192.89,4794.6,5397,6000.09
128,-0,581.494,1163.66,1746.49,2330,2914.19,3499.07,4084.62,4670.86,5257.79,5845.4
129,-0,595.456,1191.66,1788.6,2386.3,2984.75,3583.97,4183.94,4784.68,5386.18,5988.46
130,-0,464.594,929.697,1395.29,1861.4,2328.03,2795.16,3262.81,3730.97,4199.65,4668.85
131,-0,460.399,921.296,1382.67,1844.56,2306.95,2769.84,3233.23,3697.12,4161.52,4626.43
132,-0,605.38,1211.51,1818.36,2425.97,3034.34,3643.46,4253.33,4863.97,5475.36,6087.52
133,-0,596.956,1194.59,1792.88,2391.86,2991.52,3591.86,4192.89,4794.6,5397,6000.09
134,-0,615.199,1231.08,1847.61,2464.84,3082.75,3701.33,4320.61,4940.57,5561.22,6182.55
135,-0,619.834,1240.34,1861.49,2483.32,3105.82,3728.99,4352.84,4977.36,5602.56,6228.44
136,-0,619.834,1240.34,1861.49,2483.32,3105.82,3728.99,4352.84,4977.36,5602.56,6228.44
137,-0,615.199,1231.08,1847.61,2464.84,3082.75,3701.33,4320.61,4940.57,5561.22,6182.55
138,-0,596.956,1194.59,1792.88,2391.86,2991.52,3591.86,4192.89,4794.6,5397,6000.09
139,-0,605.38,1211.51,1818.36,2425.97,3034.34,3643.46,4253.33,4863.97,5475.36,6087.52
140,-0,460.399,921.296,1382.67,1844.56,2306.95,2769.84,3233.23,3697.12,4161.52,4626.43
141,-0,455.421,911.328,1367.7,1824.57,2281.93,2739.78,3198.11,3656.94,4116.26,4576.08
142,-0,605.783,1212.3,1819.53,2427.51,3036.23,3645.7,4255.9,4866.86,5478.56,6091.02
143,-0,599.772,1200.21,1801.29,2403.06,3005.49,3608.59,4212.36,4816.81,5421.94,6027.74
144,-0,619.834,1240.34,1861.49,2483.32,3105.82,3728.99,4352.84,4977.36,5602.56,6228.44
145,-0,625.229,1251.12,1877.64,2504.84,3132.7,3761.22,4390.4,5020.25,5650.76,6281.94
146,-0,625.229,1251.12,1877.64,2504.84,3132.7,3761.22,4390.4,5020.25,5650.76,6281.94
147,-0,619.834,1240.34,1861.49,2483.32,3105.82,3728.99,4352.84,4977.36,5602.56,6228.44
148,-0,599.772,1200.21,1801.29,2403.06,3005.49,3608.59,4212.36,4816.81,5421.94,6027.74
149,-0,605.783,1212.3,1819.53,2427.51,3036.23,3645.7,4255.9,4866.86,5478.56,6091.02
150,-0,455.421,911.328,1367.7,1824.57,2281.93,2739.78,3198.11,3656.94,4116.26,4576.08
151,-0,455.421,911.328,1367.7,1824.57,2281.93,2739.78,3198.11,3656.94,4116.26,4576.08
152,-0,605.783,1212.3,1819.53,2427.51,3036.23,3645.7,4255.9,4866.86,5478.56,6091.02
153,-0,599.772,1200.21,1801.29,2403.06,3005.49,3608.59,4212.36,4816.81,5421.94,6027.74
154,-0,619.834,1240.34,1861.49,2483.32,3105.82,3728.99,4352.84,4977.36,5602.56,6228.44
155,-0,625.229,1251.12,1877.64,2504.84,3132.7,3761.22,4390.4,5020.25,5650.76,6281.94
156,-0,625.229,1251.12,1877.64,2504.84,3132.7,3761.22,4390.4,5020.25,5650.76,6281.94
157,-0,619.834,1240.34,1861.49,2483.32,3105.82,3728.99,4352.84,4977.36,5602.56,6228.44
158,-0,599.772,1200.21,1801.29,2403.06,3005.49,3608.59,4212.36,4816.81,5421.94,6027.74
159,-0,605.783,1212.3,1819.53,2427.51,3036.23,3645.7,4255.9,4866.86,5478.56,6091.02
160,-0,455.421,911.328,1367.7,1824.57,2281.93,2739.78,3198.11,3656.94,4116.26,4576.08
161,-0,460.399,921.296,1382.67,1844.56,2306.95,2769.84,3233.23,3697.12,4161.52,4626.43
162,-0,605.38,1211.51,1818.36,2425.97,3034.34,3643.46,4253.33,4863.97,5475.36,6087.52
163,-0,596.956,1194.59,1792.88,2391.86,2991.52,3591.86,4192.89,4794.6,5397,6000.09
164,-0,615.199,1231.08,1847.61,2464.84,3082.75,3701.33,4320.61,4940.57,5561.22,6182.55
165,-0,619.834,1240.34,1861.49,2483.32,3105.82,3728.99,4352.84,4977.36,5602.56,6228.44
166,-0,619.834,1240.34,1861.49,2483.32,3105.82,3728.99,4352.84,4977.36,5602.56,6228.44
167,-0,615.199,1231.08,1847.61,2464.84,3082.75,3701.33,4320.61,4940.57,5561.22,6182.55
168,-0,596.956,1194.59,1792.88,2391.86,2991.52,3591.86,4192.89,4794.6,5397,6000.09
169,-0,605.38,1211.51,1818.36,2425.97,3034.34,3643.46,4253.33,4863.97,5475.36,6087.52
170,-0,460.399,921.296,1382.67,1844.56,2306.95,2769.84,3233.23,3697.12,4161.52,4626.43
171,-0,464.594,929.697,1395.29,1861.4,2328.03,2795.16,3262.81,3730.97,4199.65,4668.85
172,-0,595.456,1191.66,1788.6,2386.3,2984.75,3583.97,4183.94,4784.68,5386.18,5988.46
173,-0,581.494,1163.66,1746.49,2330,2914.19,3499.07,4084.62,4670.86,5257.79,5845.4
174,-0,596.956,1194.59,1792.88,2391.86,2991.52,3591.86,4192.89,4794.6,5397,6000.09
175,-0,599.772,1200.21,1801.29,2403.06,3005.49,3608.59,4212.36,4816.81,5421.94,6027.74
176,-0,599.772,1200.21,1801.29,2403.06,3005.49,3608.59,4212.36,4816.81,5421.94,6027.74
177,-0,596.956,1194.59,1792.88,2391.86,2991.52,3591.86,4192.89,4794.6,5397,6000.09
178,-0,581.494,1163.66,1746.49,2330,2914.19,3499.07,4084.62,4670.86,5257.79,5845.4
179,-0,595.456,1191.66,1788.6,2386.3,2984.75,3583.97,4183.94,4784.68,5386.18,5988.46
180,-0,464.594,929.697,1395.29,1861.4,2328.03,2795.16,3262.81,3730.97,4199.65,4668.85
181,-0,502.723,1006.08,1510.04,2014.64,2519.88,3025.74,3532.25,4039.4,4547.18,5055.61
182,-0,608.186,1217.18,1826.95,2437.55,3048.96,3661.18,4274.23,4888.09,5502.78,6118.29
183,-0,595.456,1191.66,1788.6,2386.3,2984.75,3583.97,4183.94,4784.68,5386.18,5988.46
184,-0,605.38,1211.51,1818.36,2425.97,3034.34,3643.46,4253.33,4863.97,5475.36,6087.52
185,-0,605.783,1212.3,1819.53,2427.51,3036.23,3645.7,4255.9,4866.86,5478.56,6091.02
186,-0,605.783,1212.3,1819.53,2427.51,3036.23,3645.7,4255.9,4866.86,5478.56,6091.02
187,-0,605.38,1211.51,1818.36,2425.97,3034.34,3643.46,4253.33,4863.97,5475.36,6087.52
188,-0,595.456,1191.66,1788.6,2386.3,2984.75,3583.97,4183.94,4784.68,5386.18,5988.46
189,-0,608.186,1217.18,1826.95,2437.55,3048.96,3661.18,4274.23,4888.09,5502.78,6118.29
190,-0,502.723,1006.08,1510.04,2014.64,2519.88,3025.74,3532.25,4039.4,4547.18,5055.61
191,-0,385.478,771.248,1157.3,1543.64,1930.28,2317.2,2704.42,3091.93,3479.74,3867.84
192,-0,502.723,1006.08,1510.04,2014.64,2519.88,3025.74,3532.25,4039.4,4547.18,5055.61
193,-0,464.594,929.697,1395.29,1861.4,2328.03,2795.16,3262.81,3730.97,4199.65,4668.85
194,-0,460.399,921.296,1382.67,1844.56,2306.95,2769.84,3233.23,3697.12,4161.52,4626.43
195,-0,455.421,911.328,1367.7,1824.57,2281.93,2739.78,3198.11,3656.94,4116.26,4576.08
196,-0,455.421,911.328,1367.7,1824.57,2281.93,2739.78,3198.11,3656.94,4116.26,4576.08
197,-0,460.399,921.296,1382.67,1844.56,2306.95,2769.84,3233.23,3697.12,4161.52,4626.43
198,-0,464.594,929.697,1395.29,1861.4,2328.03,2795.16,3262.81,3730.97,4199.65,4668.85
199,-0,502.723,1006.08,1510.04,2014.64,2519.88,3025.74,3532.25,4039.4,4547.18,5055.61
200,-0,385.478,771.248,1157.3,1543.64,1930.28,2317.2,2704.42,3091.93,3479.74,3867.84
201,-0,295.387,590.837,886.334,1181.89,1477.51,1773.19,2068.93,2364.73,2660.58,2956.5
202,-0,350.41,700.997,1051.74,1402.66,1753.76,2105.03,2456.48,2808.1,3159.9,3511.87
203,-0,376.648,753.551,1130.69,1508.09,1885.74,2263.65,2641.82,3020.24,3398.91,3777.85
204,-0,376.982,754.217,1131.68,1509.41,1887.39,2265.62,2644.1,3022.84,3401.84,3781.08
205,-0,377.786,755.829,1134.11,1512.65,1891.44,2270.5,2649.8,3029.37,3409.19,3789.27
206,-0,377.786,755.829,1134.11,1512.65,1891.44,2270.5,2649.8,3029.37,3409.19,3789.27
207,-0,376.982,754.217,1131.68,1509.41,1887.39,2265.62,2644.1,3022.84,3401.84,3781.08
208,-0,376.648,753.551,1130.69,1508.09,1885.74,2263.65,2641.82,3020.24,3398.91,3777.85
209,-0,350.41,700.997,1051.74,1402.66,1753.76,2105.03,2456.48,2808.1,3159.9,3511.87
210,-0,295.387,590.837,886.334,1181.89,1477.51,1773.19,2068.93,2364.73,2660.58,2956.5
211,-0,350.41,700.997,1051.74,1402.66,1753.76,2105.03,2456.48,2808.1,3159.9,3511.87
212,-0,424.205,848.728,1273.55,1698.69,2124.16,2549.94,2976.04,3402.47,3829.21,4256.28
213,-0,452.906,906.176,1359.79,1813.78,2268.13,2722.84,3177.93,3633.38,4089.2,4545.39
214,-0,459.656,919.685,1380.06,1840.82,2301.95,2763.46,3225.33,3687.59,4150.22,4613.22
215,-0,463.671,927.719,1392.12,1856.9,2322.06,2787.59,3253.5,3719.79,4186.45,4653.5
216,-0,463.671,927.719,1392.12,1856.9,2322.06,2787.59,3253.5,3719.79,4186.45,4653.5
217,-0,459.656,919.685,1380.06,1840.82,2301.95,2763.46,3225.33,3687.59,4150.22,4613.22
218,-0,452.906,906.176,1359.79,1813.78,2268.13,2722.84,3177.93,3633.38,4089.2,4545.39
219,-0,424.205,848.728,1273.55,1698.69,2124.16,2549.94,2976.04,3402.47,3829.21,4256.28
220,-0,350.41,700.997,1051.74,1402.66,1753.76,2105.03,2456.48,2808.1,3159.9,3511.87
221,-0,376.648,753.551,1130.69,1508.09,1885.74,2263.65,2641.82,3020.24,3398.91,3777.85
222,-0,452.906,906.176,1359.79,1813.78,2268.13,2722.84,3177.93,3633.38,4089.2,4545.39
223,-0,498.064,996.574,1495.5,1994.89,2494.72,2995,3495.73,3996.91,4498.54,5000.62
224,-0,509.668,1019.79,1530.34,2041.36,2552.83,3064.75,3577.14,4089.98,4603.28,5117.04
225,-0,517.081,1034.62,1552.6,2071.06,2589.97,3109.35,3629.19,4149.5,4670.28,5191.52
226,-0,517.081,1034.62,1552.6,2071.06,2589.97,3109.35,3629.19,4149.5,4670.28,5191.52
227,-0,509.668,1019.79,1530.34,2041.36,2552.83,3064.75,3577.14,4089.98,4603.28,5117.04
228,-0,498.064,996.574,1495.5,1994.89,2494.72,2995,3495.73,3996.91,4498.54,5000.62
229,-0,452.906,906.176,1359.79,1813.78,2268.13,2722.84,3177.93,3633.38,4089.2,4545.39
230,-0,376.648,753.551,1130.69,1508.09,1885.74,2263.65,2641.82,3020.24,3398.91,3777.85
231,-0,376.982,754.217,1131.68,1509.41,1887.39,2265.62,2644.1,3022.84,3401.84,3781.08
232,-0,459.656,919.685,1380.06,1840.82,2301.95,2763.46,3225.33,3687.59,4150.22,4613.22
233,-0,509.668,1019.79,1530.34,2041.36,2552.83,3064.75,3577.14,4089.98,4603.28,5117.04
234,-0,523.966,1048.4,1573.27,2098.62,2624.43,3150.71,3677.46,4204.67,4732.36,5260.52
235,-0,532.789,1066.05,1599.76,2133.96,2668.63,3203.78,3739.4,4275.5,4812.08,5349.14
236,-0,532.789,1066.05,1599.76,2133.96,2668.63,3203.78,3739.4,4275.5,4812.08,5349.14
237,-0,523.966,1048.4,1573.27,2098.62,2624.43,3150.71,3677.46,4204.67,4732.36,5260.52
238,-0,509.668,1019.79,1530.34,2041.36,2552.83,3064.75,3577.14,4089.98,4603.28,5117.04
239,-0,459.656,919.685,1380.06,1840.82,2301.95,2763.46,3225.33,3687.59,4150.22,4613.22
240,-0,376.982,754.217,1131.68,1509.41,1887.39,2265.62,2644.1,3022.84,3401.84,3781.08
241,-0,377.786,755.829,1134.11,1512.65,1891.44,2270.5,2649.8,3029.37,3409.19,3789.27
242,-0,463.671,927.719,1392.12,1856.9,2322.06,2787.59,3253.5,3719.79,4186.45,4653.5
243,-0,517.081,1034.62,1552.6,2071.06,2589.97,3109.35,3629.19,4149.5,4670.28,5191.52
244,-0,532.789,1066.05,1599.76,2133.96,2668.63,3203.78,3739.4,4275.5,4812.08,5349.14
245,-0,542.363,1085.21,1628.51,2172.31,2716.6,3261.36,3806.62,4352.36,4898.59,5445.31
246,-0,542.363,1085.21,1628.51,2172.31,2716.6,3261.36,3806.62,4352.36,4898.59,5445.31
247,-0,532.789,1066.05,1599.76,2133.96,2668.63,3203.78,3739.4,4275.5,4812.08,5349.14
248,-0,517.081,1034.62,1552.6,2071.06,2589.97,3109.35,3629.19,4149.5,4670.28,5191.52
249,-0,463.671,927.719,1392.12,1856.9,2322.06,2787.59,3253.5,3719.79,4186.45,4653.5
250,-0,377.786,755.829,1134.11,1512.65,1891.44,2270.5,2649.8,3029.37,3409.19,3789.27
251,-0,377.786,755.829,1134.11,1512.65,1891.44,2270.5,2649.8,3029.37,3409.19,3789.27
252,-0,463.671,927.719,1392.12,1856.9,2322.06,2787.59,3253.5,3719.79,4186.45,4653.5
253,-0,517.081,1034.62,1552.6,2071.06,2589.97,3109.35,3629.19,4149.5,4670.28,5191.52
254,-0,532.789,1066.05,1599.76,2133.96,2668.63,3203.78,3739.4,4275.5,4812.08,5349.14
255,-0,542.363,1085.21,1628.51,2172.31,2716.6,3261.36,3806.62,4352.36,4898.59,5445.31
256,-0,542.363,1085.21,1628.51,2172.31,2716.6,3261.36,3806.62,4352.36,4898.59,5445.31
257,-0,532.789,1066.05,1599.76,2133.96,2668.63,3203.78,3739.4,4275.5,4812.08,5349.14
258,-0,517.081,1034.62,1552.6,2071.06,2589.97,3109.35,3629.19,4149.5,4670.28,5191.52
259,-0,463.671,927.719,1392.12,1856.9,2322.06,2787.59,3253.5,3719.79,4186.45,4653.5
260,-0,377.786,755.829,1134.11,1512.65,1891.44,2270.5,2649.8,3029.37,3409.19,3789.27
261,-0,376.982,754.217,1131.68,1509.41,1887.39,2265.62,2644.1,3022.84,3401.84,3781.08
262,-0,459.656,919.685,1380.06,1840.82,2301.95,2763.46,3225.33,3687.59,4150.22,4613.22
263,-0,509.668,1019.79,1530.34,2041.36,2552.83,3064.75,3577.14,4089.98,4603.28,5117.04
264,-0,523.966,1048.4,1573.27,2098.62,2624.43,3150.71,3677.46,4204.67,4732.36,5260.52
265,-0,532.789,1066.05,1599.76,2133.96,2668.63,3203.78,3739.4,4275.5,4812.08,5349.14
266,-0,532.789,1066.05,1599.76,2133.96,2668.63,3203.78,3739.4,4275.5,4812.08,5349.14
267,-0,523.966,1048.4,1573.27,2098.62,2624.43,3150.71,3677.46,4204.67,4732.36,5260.52
268,-0,509.668,1019.79,1530.34,2041.36,2552.83,3064.75,3577.14,4089.98,4603.28,5117.04
269,-0,459.656,919.685,1380.06,1840.82,2301.95,2763.46,3225.33,3687.59,4150.22,4613.22
270,-0,376.982,754.217,1131.68,1509.41,1887.39,2265.62,2644.1,3022.84,3401.84,3781.08
271,-0,376.648,753.551,1130.69,1508.09,1885.74,2263.65,2641.82,3020.24,3398.91,3777.85
272,-0,452.906,906.176,1359.79,1813.78,2268.13,2722.84,3177.93,3633.38,4089.2,4545.39
273,-0,498.064,996.574,1495.5,1994.89,2494.72,2995,3495.73,3996.91,4498.54,5000.62
274,-0,509.668,1019.79,1530.34,2041.36,2552.83,3064.75,3577.14,4089.98,4603.28,5117.04
275,-0,517.081,1034.62,1552.6,2071.06,2589.97,3109.35,3629.19,4149.5,4670.28,5191.52
276,-0,517.081,1034.62,1552.6,2071.06,2589.97,3109.35,3629.19,4149.5,4670.28,5191.52
277,-0,509.668,1019.79,1530.34,2041.36,2552.83,3064.75,3577.14,4089.98,4603.28,5117.04
278,-0,498.064,996.574,1495.5,1994.89,2494.72,2995,3495.73,3996.91,4498.54,5000.62
279,-0,452.906,906.176,1359.79,1813.78,2268.13,2722.84,3177.93,3633.38,4089.2,4545.39
280,-0,376.648,753.551,1130.69,1508.09,1885.74,2263.65,2641.82,3020.24,3398.91,3777.85
281,-0,350.41,700.997,1051.74,1402.66,1753.76,2105.03,2456.48,2808.1,3159.9,3511.87
282,-0,424.205,848.728,1273.55,1698.69,2124.16,2549.94,2976.04,3402.47,3829.21,4256.28
283,-0,452.906,906.176,1359.79,1813.78,2268.13,2722.84,3177.93,3633.38,4089.2,4545.39
284,-0,459.656,919.685,1380.06,1840.82,2301.95,2763.46,3225.33,3687.59,4150.22,4613.22
285,-0,463.671,927.719,1392.12,1856.9,2322.06,2787.59,3253.5,3719.79,4186.45,4653.5
286,-0,463.671,927.719,1392.12,1856.9,2322.06,2787.59,3253.5,3719.79,4186.45,4653.5
287,-0,459.656,919.685,1380.06,1840.82,2301.95,2763.46,3225.33,3687.59,4150.22,4613.22
288,-0,452.906,906.176,1359.79,1813.78,2268.13,2722.84,3177.93,3633.38,4089.2,4545.39
289,-0,424.205,848.728,1273.55,1698.69,2124.16,2549.94,2976.04,3402.47,3829.21,4256.28
290,-0,350.41,700.997,1051.74,1402.66,1753.76,2105.03,2456.48,2808.1,3159.9,3511.87
291,-0,295.387,590.837,886.334,1181.89,1477.51,1773.19,2068.93,2364.73,2660.58,2956.5
292,-0,350.41,700.997,1051.74,1402.66,1753.76,2105.03,2456.48,2808.1,3159.9,3511.87
293,-0,376.648,753.551,1130.69,1508.09,1885.74,2263.65,2641.82,3020.24,3398.91,3777.85
294,-0,376.982,754.217,1131.68,1509.41,1887.39,2265.62,2644.1,3022.84,3401.84,3781.08
295,-0,377.786,755.829,1134.11,1512.65,1891.44,2270.5,2649.8,3029.37,3409.19,3789.27
296,-0,377.786,755.829,1134.11,1512.65,1891.44,2270.5,2649.8,3029.37,3409.19,3789.27
297,-0,376.982,754.217,1131.68,1509.41,1887.39,2265.62,2644.1,3022.84,3401.84,3781.08
298,-0,376.648,753.551,1130.69,1508.09,1885.74,2263.65,2641.82,3020.24,3398.91,3777.85
299,-0,350.41,700.997,1051.74,1402.66,1753.76,2105.03,2456.48,2808.1,3159.9,3511.87
300,-0,295.387,590.837,886.334,1181.89,1477.51,1773.19,2068.93,2364.73,2660.58,2956.5
301,-0,290.504,580.995,871.456,1161.9,1452.33,1742.74,2033.14,2323.51,2613.87,2904.2
302,-0,309.331,618.669,927.995,1237.33,1546.67,1856.01,2165.35,2474.7,2784.05,3093.4
303,-0,331.757,663.586,995.465,1327.42,1659.45,1991.54,2323.7,2655.93,2988.23,3320.59
304,-0,340.636,681.369,1022.17,1363.08,1704.08,2045.18,2386.36,2727.64,3069.01,3410.48
305,-0,343.587,687.278,1031.05,1374.93,1718.91,2063,2407.18,2751.47,3095.85,3440.34
306,-0,343.587,687.278,1031.05,1374.93,1718.91,2063,2407.18,2751.47,3095.85,3440.34
307,-0,340.636,681.369,1022.17,1363.08,1704.08,2045.18,2386.36,2727.64,3069.01,3410.48
308,-0,331.757,663.586,995.465,1327.42,1659.45,1991.54,2323.7,2655.93,2988.23,3320.59
309,-0,309.331,618.669,927.995,1237.33,1546.67,1856.01,2165.35,2474.7,2784.05,3093.4
310,-0,290.504,580.995,871.456,1161.9,1452.33,1742.74,2033.14,2323.51,2613.87,2904.2
311,-0,309.331,618.669,927.995,1237.33,1546.67,1856.01,2165.35,2474.7,2784.05,3093.4
312,-0,359.924,719.993,1080.18,1440.53,1801.01,2161.63,2522.4,2883.31,3244.37,3605.56
313,-0,384.732,769.652,1154.73,1540.01,1925.48,2311.13,2696.96,3082.98,3469.19,3855.59
314,-0,397.93,796.073,1194.4,1592.95,1991.72,2390.69,2789.87,3189.27,3588.88,3988.7
315,-0,402.583,805.387,1208.38,1611.61,2015.05,2418.71,2822.59,3226.69,3631,4035.54
316,-0,402.583,805.387,1208.38,1611.61,2015.05,2418.71,2822.59,3226.69,3631,4035.54
317,-0,397.93,796.073,1194.4,1592.95,1991.72,2390.69,2789.87,3189.27,3588.88,3988.7
318,-0,384.732,769.652,1154.73,1540.01,1925.48,2311.13,2696.96,3082.98,3469.19,3855.59
319,-0,359.924,719.993,1080.18,1440.53,1801.01,2161.63,2522.4,2883.31,3244.37,3605.56
320,-0,309.331,618.669,927.995,1237.33,1546.67,1856.01,2165.35,2474.7,2784.05,3093.4
321,-0,331.757,663.586,995.465,1327.42,1659.45,1991.54,2323.7,2655.93,2988.23,3320.59
322,-0,384.732,769.652,1154.73,1540.01,1925.48,2311.13,2696.96,3082.98,3469.19,3855.59
323,-0,416.887,834.023,1251.38,1668.99,2086.86,2504.96,2923.32,3341.92,3760.77,4179.87
324,-0,434.806,869.894,1305.23,1740.86,2176.77,2612.96,3049.43,3486.18,3923.21,4360.52
325,-0,441.366,883.023,1324.94,1767.16,2209.67,2652.46,3095.55,3538.92,3982.58,4426.54
326,-0,441.366,883.023,1324.94,1767.16,2209.67,2652.46,3095.55,3538.92,3982.58,4426.54
327,-0,434.806,869.894,1305.23,1740.86,2176.77,2612.96,3049.43,3486.18,3923.21,4360.52
328,-0,416.887,834.023,1251.38,1668.99,2086.86,2504.96,2923.32,3341.92,3760.77,4179.87
329,-0,384.732,769.652,1154.73,1540.01,1925.48,2311.13,2696.96,3082.98,3469.19,3855.59
330,-0,331.757,663.586,995.465,1327.42,1659.45,1991.54,2323.7,2655.93,2988.23,3320.59
331,-0,340.636,681.369,1022.17,1363.08,1704.08,2045.18,2386.36,2727.64,3069.01,3410.48
332,-0,397.93,796.073,1194.4,1592.95,1991.72,2390.69,2789.87,3189.27,3588.88,3988.7
333,-0,434.806,869.894,1305.23,1740.86,2176.77,2612.96,3049.43,3486.18,3923.21,4360.52
334,-0,456.233,912.785,1369.62,1826.79,2284.27,2742.07,3200.19,3658.62,4117.38,4576.45
335,-0,464.263,928.856,1393.75,1858.98,2324.54,2790.43,3256.64,3723.19,4190.06,4657.27
336,-0,464.263,928.856,1393.75,1858.98,2324.54,2790.43,3256.64,3723.19,4190.06,4657.27
337,-0,456.233,912.785,1369.62,1826.79,2284.27,2742.07,3200.19,3658.62,4117.38,4576.45
338,-0,434.806,869.894,1305.23,1740.86,2176.77,2612.96,3049.43,3486.18,3923.21,4360.52
339,-0,397.93,796.073,1194.4,1592.95,1991.72,2390.69,2789.87,3189.27,3588.88,3988.7
340,-0,340.636,681.369,1022.17,1363.08,1704.08,2045.18,2386.36,2727.64,3069.01,3410.48
341,-0,343.587,687.278,1031.05,1374.93,1718.91,2063,2407.18,2751.47,3095.85,3440.34
342,-0,402.583,805.387,1208.38,1611.61,2015.05,2418.71,2822.59,3226.69,3631,4035.54
343,-0,441.366,883.023,1324.94,1767.16,2209.67,2652.46,3095.55,3538.92,3982.58,4426.54
344,-0,464.263,928.856,1393.75,1858.98,2324.54,2790.43,3256.64,3723.19,4190.06,4657.27
345,-0,472.908,946.157,1419.72,1893.63,2367.89,2842.48,3317.41,3792.69,4268.31,4744.27
346,-0,472.908,946.157,1419.72,1893.63,2367.89,2842.48,3317.41,3792.69,4268.31,4744.27
347,-0,464.263,928.856,1393.75,1858.98,2324.54,2790.43,3256.64,3723.19,4190.06,4657.27
348,-0,441.366,883.023,1324.94,1767.16,2209.67,2652.46,3095.55,3538.92,3982.58,4426.54
349,-0,402.583,805.387,1208.38,1611.61,2015.05,2418.71,2822.59,3226.69,3631,4035.54
350,-0,343.587,687.278,1031.05,1374.93,1718.91,2063,2407.18,2751.47,3095.85,3440.34
351,-0,343.587,687.278,1031.05,1374.93,1718.91,2063,2407.18,2751.47,3095.85,3440.34
352,-0,402.583,805.387,1208.38,1611.61,2015.05,2418.71,2822.59,3226.69,3631,4035.54
353,-0,441.366,883.023,1324.94,1767.16,2209.67,2652.46,3095.55,3538.92,3982.58,4426.54
354,-0,464.263,928.856,1393.75,1858.98,2324.54,2790.43,3256.64,3723.19,4190.06,4657.27
355,-0,472.908,946.157,1419.72,1893.63,2367.89,2842.48,3317.41,3792.69,4268.31,4744.27
356,-0,472.908,946.157,1419.72,1893.63,2367.89,2842.48,3317.41,3792.69,4268.31,4744.27
357,-0,464.263,928.856,1393.75,1858.98,2324.54,2790.43,3256.64,3723.19,4190.06,4657.27
358,-0,441.366,883.023,1324.94,1767.16,2209.67,2652.46,3095.55,3538.92,3982.58,4426.54
359,-0,402.583,805.387,1208.38,1611.61,2015.05,2418.71,2822.59,3226.69,3631,4035.54
360,-0,343.587,687.278,1031.05,1374.93,1718.91,2063,2407.18,2751.47,3095.85,3440.34
361,-0,340.636,681.369,1022.17,1363.08,1704.08,2045.18,2386.36,2727.64,3069.01,3410.48
362,-0,397.93,796.073,1194.4,1592.95,1991.72,2390.69,2789.87,3189.27,3588.88,3988.7
363,-0,434.806,869.894,1305.23,1740.86,2176.77,2612.96,3049.43,3486.18,3923.21,4360.52
364,-0,456.233,912.785,1369.62,1826.79,2284.27,2742.07,3200.19,3658.62,4117.38,4576.45
365,-0,464.263,928.856,1393.75,1858.98,2324.54,2790.43,3256.64,3723.19,4190.06,4657.27
366,-0,464.263,928.856,1393.75,1858.98,2324.54,2790.43,3256.64,3723.19,4190.06,4657.27
367,-0,456.233,912.785,1369.62,1826.79,2284.27,2742.07,3200.19,3658.62,4117.38,4576.45
368,-0,434.806,869.894,1305.23,1740.86,2176.77,2612.96,3049.43,3486.18,3923.21,4360.52
369,-0,397.93,796.073,1194.4,1592.95,1991.72,2390.69,2789.87,3189.27,3588.88,3988.7
370,-0,340.636,681.369,1022.17,1363.08,1704.08,2045.18,2386.36,2727.64,3069.01,3410.48
371,-0,331.757,663.586,995.465,1327.42,1659.45,1991.54,2323.7,2655.93,2988.23,3320.59
372,-0,384.732,769.652,1154.73,1540.01,1925.48,2311.13,2696.96,3082.98,3469.19,3855.59
373,-0,416.887,834.023,1251.38,1668.99,2086.86,2504.96,2923.32,3341.92,3760.77,4179.87
374,-0,434.806,869.894,1305.23,1740.86,2176.77,2612.96,3049.43,3486.18,3923.21,4360.52
375,-0,441.366,883.023,1324.94,1767.16,2209.67,2652.46,3095.55,3538.92,3982.58,4426.54
376,-0,441.366,883.023,1324.94,1767.16,2209.67,2652.46,3095.55,3538.92,3982.58,4426.54
377,-0,434.806,869.894,1305.23,1740.86,2176.77,2612.96,3049.43,3486.18,3923.21,4360.52
378,-0,416.887,834.023,1251.38,1668.99,2086.86,2504.96,2923.32,3341.92,3760.77,4179.87
379,-0,384.732,769.652,1154.73,1540.01,1925.48,2311.13,2696.96,3082.98,3469.19,3855.59
380,-0,331.757,663.586,995.465,1327.42,1659.45,1991.54,2323.7,2655.93,2988.23,3320.59
381,-0,309.331,618.669,927.995,1237.33,1546.67,1856.01,2165.35,2474.7,2784.05,3093.4
382,-0,359.924,719.993,1080.18,1440.53,1801.01,2161.63,2522.4,2883.31,3244.37,3605.56
383,-0,384.732,769.652,1154.73,1540.01,1925.48,2311.13,2696.96,3082.98,3469.19,3855.59
384,-0,397.93,796.073,1194.4,1592.95,1991.72,2390.69,2789.87,3189.27,3588.88,3988.7
385,-0,402.583,805.387,1208.38,1611.61,2015.05,2418.71,2822.59,3226.69,3631,4035.54
386,-0,402.583,805.387,1208.38,1611.61,2015.05,2418.71,2822.59,3226.69,3631,4035.54
387,-0,397.93,796.073,1194.4,1592.95,1991.72,2390.69,2789.87,3189.27,3588.88,3988.7
388,-0,384.732,769.652,1154.73,1540.01,1925.48,2311.13,2696.96,3082.98,3469.19,3855.59
389,-0,359.924,719.993,1080.18,1440.53,1801.01,2161.63,2522.4,2883.31,3244.37,3605.56
390,-0,309.331,618.669,927.995,1237.33,1546.67,1856.01,2165.35,2474.7,2784.05,3093.4
391,-0,290.504,580.995,871.456,1161.9,1452.33,1742.74,2033.14,2323.51,2613.87,2904.2
392,-0,309.331,618.669,927.995,1237.33,1546.67,1856.01,2165.35,2474.7,2784.05,3093.4
393,-0,331.757,663.586,995.465,1327.42,1659.45,1991.54,2323.7,2655.93,2988.23,3320.59
394,-0,340.636,681.369,1022.17,1363.08,1704.08,2045.18,2386.36,2727.64,3069.01,3410.48
395,-0,343.587,687.278,1031.05,1374.93,1718.91,2063,2407.18,2751.47,3095.85,3440.34
396,-0,343.587,687.278,1031.05,1374.93,1718.91,2063,2407.18,2751.47,3095.85,3440.34
397,-0,340.636,681.369,1022.17,1363.08,1704.08,2045.18,2386.36,2727.64,3069.01,3410.48
398,-0,331.757,663.586,995.465,1327.42,1659.45,1991.54,2323.7,2655.93,2988.23,3320.59
399,-0,309.331,618.669,927.995,1237.33,1546.67,1856.01,2165.35,2474.7,2784.05,3093.4
400,-0,290.504,580.995,871.456,1161.9,1452.33,1742.74,2033.14,2323.51,2613.87,2904.2
401,-0,301.828,603.629,905.388,1207.12,1508.82,1810.49,2112.13,2413.74,2715.31,3016.85
402,-0,304.648,609.244,913.764,1218.24,1522.65,1827,2131.29,2435.53,2739.7,3043.81
403,-0,318.236,636.459,954.647,1272.83,1590.99,1909.13,2227.26,2545.36,2863.45,3181.52
404,-0,326.181,652.369,978.542,1304.73,1630.91,1957.1,2283.3,2609.49,2935.69,3261.89
405,-0,329.729,659.474,989.214,1318.98,1648.75,1978.53,2308.33,2638.14,2967.97,3297.8
406,-0,329.729,659.474,989.214,1318.98,1648.75,1978.53,2308.33,2638.14,2967.97,3297.8
407,-0,326.181,652.369,978.542,1304.73,1630.91,1957.1,2283.3,2609.49,2935.69,3261.89
408,-0,318.236,636.459,954.647,1272.83,1590.99,1909.13,2227.26,2545.36,2863.45,3181.52
409,-0,304.648,609.244,913.764,1218.24,1522.65,1827,2131.29,2435.53,2739.7,3043.81
410,-0,301.828,603.629,905.388,1207.12,1508.82,1810.49,2112.13,2413.74,2715.31,3016.85
411,-0,304.648,609.244,913.764,1218.24,1522.65,1827,2131.29,2435.53,2739.7,3043.81
412,-0,333.142,666.33,999.54,1332.8,1666.11,1999.46,2332.85,2666.28,2999.76,3333.27
413,-0,350.912,701.908,1052.96,1404.11,1755.33,2106.64,2458.02,2809.49,3161.03,3512.66
414,-0,361.825,723.757,1085.77,1447.89,1810.12,2172.46,2534.89,2897.43,3260.07,3622.82
415,-0,366.706,733.528,1100.44,1467.47,1834.62,2201.88,2569.25,2936.73,3304.33,3672.04
416,-0,366.706,733.528,1100.44,1467.47,1834.62,2201.88,2569.25,2936.73,3304.33,3672.04
417,-0,361.825,723.757,1085.77,1447.89,1810.12,2172.46,2534.89,2897.43,3260.07,3622.82
418,-0,350.912,701.908,1052.96,1404.11,1755.33,2106.64,2458.02,2809.49,3161.03,3512.66
419,-0,333.142,666.33,999.54,1332.8,1666.11,1999.46,2332.85,2666.28,2999.76,3333.27
420,-0,304.648,609.244,913.764,1218.24,1522.65,1827,2131.29,2435.53,2739.7,3043.81
421,-0,318.236,636.459,954.647,1272.83,1590.99,1909.13,2227.26,2545.36,2863.45,3181.52
422,-0,350.912,701.908,1052.96,1404.11,1755.33,2106.64,2458.02,2809.49,3161.03,3512.66
423,-0,374.767,749.677,1124.7,1499.87,1875.18,2250.63,2626.22,3001.94,3377.8,3753.81
424,-0,388.41,776.99,1165.71,1554.61,1943.67,2332.9,2722.29,3111.85,3501.58,3891.47
425,-0,394.887,789.956,1185.18,1580.59,1976.18,2371.95,2767.89,3164.02,3560.32,3956.8
426,-0,394.887,789.956,1185.18,1580.59,1976.18,2371.95,2767.89,3164.02,3560.32,3956.8
427,-0,388.41,776.99,1165.71,1554.61,1943.67,2332.9,2722.29,3111.85,3501.58,3891.47
428,-0,374.767,749.677,1124.7,1499.87,1875.18,2250.63,2626.22,3001.94,3377.8,3753.81
429,-0,350.912,701.908,1052.96,1404.11,1755.33,2106.64,2458.02,2809.49,3161.03,3512.66
430,-0,318.236,636.459,954.647,1272.83,1590.99,1909.13,2227.26,2545.36,2863.45,3181.52
431,-0,326.181,652.369,978.542,1304.73,1630.91,1957.1,2283.3,2609.49,2935.69,3261.89
432,-0,361.825,723.757,1085.77,1447.89,1810.12,2172.46,2534.89,2897.43,3260.07,3622.82
433,-0,388.41,776.99,1165.71,1554.61,1943.67,2332.9,2722.29,3111.85,3501.58,3891.47
434,-0,404.645,809.492,1214.51,1619.75,2025.18,2430.81,2836.64,3242.67,3648.9,4055.34
435,-0,412.277,824.772,1237.45,1650.36,2063.49,2476.82,2890.37,3304.14,3718.12,4132.32
436,-0,412.277,824.772,1237.45,1650.36,2063.49,2476.82,2890.37,3304.14,3718.12,4132.32
437,-0,404.645,809.492,1214.51,1619.75,2025.18,2430.81,2836.64,3242.67,3648.9,4055.34
438,-0,388.41,776.99,1165.71,1554.61,1943.67,2332.9,2722.29,3111.85,3501.58,3891.47
439,-0,361.825,723.757,1085.77,1447.89,1810.12,2172.46,2534.89,2897.43,3260.07,3622.82
440,-0,326.181,652.369,978.542,1304.73,1630.91,1957.1,2283.3,2609.49,2935.69,3261.89
441,-0,329.729,659.474,989.214,1318.98,1648.75,1978.53,2308.33,2638.14,2967.97,3297.8
442,-0,366.706,733.528,1100.44,1467.47,1834.62,2201.88,2569.25,2936.73,3304.33,3672.04
443,-0,394.887,789.956,1185.18,1580.59,1976.18,2371.95,2767.89,3164.02,3560.32,3956.8
444,-0,412.277,824.772,1237.45,1650.36,2063.49,2476.82,2890.37,3304.14,3718.12,4132.32
445,-0,420.561,841.356,1262.35,1683.59,2105.06,2526.76,2948.69,3370.85,3793.25,4215.87
446,-0,420.561,841.356,1262.35,1683.59,2105.06,2526.76,2948.69,3370.85,3793.25,4215.87
447,-0,412.277,824.772,1237.45,1650.36,2063.49,2476.82,2890.37,3304.14,3718.12,4132.32
448,-0,394.887,789.956,1185.18,1580.59,1976.18,2371.95,2767.89,3164.02,3560.32,3956.8
449,-0,366.706,733.528,1100.44,1467.47,1834.62,2201.88,2569.25,2936.73,3304.33,3672.04
450,-0,329.729,659.474,989.214,1318.98,1648.75,1978.53,2308.33,2638.14,2967.97,3297.8
451,-0,329.729,659.474,989.214,1318.98,1648.75,1978.53,2308.33,2638.14,2967.97,3297.8
452,-0,366.706,733.528,1100.44,1467.47,1834.62,2201.88,2569.25,2936.73,3304.33,3672.04
453,-0,394.887,789.956,1185.18,1580.59,1976.18,2371.95,2767.89,3164.02,3560.32,3956.8
454,-0,412.277,824.772,1237.45,1650.36,2063.49,2476.82,2890.37,3304.14,3718.12,4132.32
455,-0,420.561,841.356,1262.35,1683.59,2105.06,2526.76,2948.69,3370.85,3793.25,4215.87
456,-0,420.561,841.356,1262.35,1683.59,2105.06,2526.76,2948.69,3370.85,3793.25,4215.87
457,-0,412.277,824.772,1237.45,1650.36,2063.49,2476.82,2890.37,3304.14,3718.12,4132.32
458,-0,394.887,789.956,1185.18,1580.59,1976.18,2371.95,2767.89,3164.02,3560.32,3956.8
459,-0,366.706,733.528,1100.44,1467.47,1834.62,2201.88,2569.25,2936.73,3304.33,3672.04
460,-0,329.729,659.474,989.214,1318.98,1648.75,1978.53,2308.33,2638.14,2967.97,3297.8
461,-0,326.181,652.369,978.542,1304.73,1630.91,1957.1,2283.3,2609.49,2935.69,3261.89
462,-0,361.825,723.757,1085.77,1447.89,1810.12,2172.46,2534.89,2897.43,3260.07,3622.82
463,-0,388.41,776.99,1165.71,1554.61,1943.67,2332.9,2722.29,3111.85,3501.58,3891.47
464,-0,404.645,809.492,1214.51,1619.75,2025.18,2430.81,2836.64,3242.67,3648.9,4055.34
465,-0,412.277,824.772,1237.45,1650.36,2063.49,2476.82,2890.37,3304.14,3718.12,4132.32
466,-0,412.277,824.772,1237.45,1650.36,2063.49,2476.82,2890.37,3304.14,3718.12,4132.32
467,-0,404.645,809.492,1214.51,1619.75,2025.18,2430.81,2836.64,3242.67,3648.9,4055.34
468,-0,388.41,776.99,1165.71,1554.61,1943.67,2332.9,2722.29,3111.85,3501.58,3891.47
469,-0,361.825,723.757,1085.77,1447.89,1810.12,2172.46,2534.89,2897.43,3260.07,3622.82
470,-0,326.181,652.369,978.542,1304.73,1630.91,1957.1,2283.3,2609.49,2935.69,3261.89
471,-0,318.236,636.459,954.647,1272.83,1590.99,1909.13,2227.26,2545.36,2863.45,3181.52
472,-0,350.912,701.908,1052.96,1404.11,1755.33,2106.64,2458.02,2809.49,3161.03,3512.66
473,-0,374.767,749.677,1124.7,1499.87,1875.18,2250.63,2626.22,3001.94,3377.8,3753.81
474,-0,388.41,776.99,1165.71,1554.61,1943.67,2332.9,2722.29,3111.85,3501.58,3891.47
475,-0,394.887,789.956,1185.18,1580.59,1976.18,2371.95,2767.89,3164.02,3560.32,3956.8
476,-0,394.887,789.956,1185.18,1580.59,1976.18,2371.95,2767.89,3164.02,3560.32,3956.8
477,-0,388.41,776.99,1165.71,1554.61,1943.67,2332.9,2722.29,3111.85,3501.58,3891.47
478,-0,374.767,749.677,1124.7,1499.87,1875.18,2250.63,2626.22,3001.94,3377.8,3753.81
479,-0,350.912,701.908,1052.96,1404.11,1755.33,2106.64,2458.02,2809.49,3161.03,3512.66
480,-0,318.236,636.459,954.647,1272.83,1590.99,1909.13,2227.26,2545.36,2863.45,3181.52
481,-0,304.648,609.244,913.764,1218.24,1522.65,1827,2131.29,2435.53,2739.7,3043.81
482,-0,333.142,666.33,999.54,1332.8,1666.11,1999.46,2332.85,2666.28,2999.76,3333.27
483,-0,350.912,701.908,1052.96,1404.11,1755.33,2106.64,2458.02,2809.49,3161.03,3512.66
484,-0,361.825,723.757,1085.77,1447.89,1810.12,2172.46,2534.89,2897.43,3260.07,3622.82
485,-0,366.706,733.528,1100.44,1467.47,1834.62,2201.88,2569.25,2936.73,3304.33,3672.04
486,-0,366.706,733.528,1100.44,1467.47,1834.62,2201.88,2569.25,2936.73,3304.33,3672.04
487,-0,361.825,723.757,1085.77,1447.89,1810.12,2172.46,2534.89,2897.43,3260.07,3622.82
488,-0,350.912,701.908,1052.96,1404.11,1755.33,2106.64,2458.02,2809.49,3161.03,3512.66
489,-0,333.142,666.33,999.54,1332.8,1666.11,1999.46,2332.85,2666.28,2999.76,3333.27
490,-0,304.648,609.244,913.764,1218.24,1522.65,1827,2131.29,2435.53,2739.7,3043.81
491,-0,301.828,603.629,905.388,1207.12,1508.82,1810.49,2112.13,2413.74,2715.31,3016.85
492,-0,304.648,609.244,913.764,1218.24,1522.65,1827,2131.29,2435.53,2739.7,3043.81
493,-0,318.236,636.459,954.647,1272.83,1590.99,1909.13,2227.26,2545.36,2863.45,3181.52
494,-0,326.181,652.369,978.542,1304.73,1630.91,1957.1,2283.3,2609.49,2935.69,3261.89
495,-0,329.729,659.474,989.214,1318.98,1648.75,1978.53,2308.33,2638.14,2967.97,3297.8
496,-0,329.729,659.474,989.214,1318.98,1648.75,1978.53,2308.33,2638.14,2967.97,3297.8
497,-0,326.181,652.369,978.542,1304.73,1630.91,1957.1,2283.3,2609.49,2935.69,3261.89
498,-0,318.236,636.459,954.647,1272.83,1590.99,1909.13,2227.26,2545.36,2863.45,3181.52
499,-0,304.648,609.244,913.764,1218.24,1522.65,1827,2131.29,2435.53,2739.7,3043.81
500,-0,301.828,603.629,905.388,1207.12,1508.82,1810.49,2112.13,2413.74,2715.31,3016.85
501,-0,312.857,625.693,938.491,1251.27,1564.02,1876.74,2189.44,2502.11,2814.75,3127.36
502,-0,310.512,620.962,931.328,1241.63,1551.87,1862.04,2172.15,2482.18,2792.14,3102.03
503,-0,316.738,633.43,950.054,1266.64,1583.17,1899.65,2216.08,2532.45,2848.77,3165.05
504,-0,321.904,643.776,965.591,1287.38,1609.12,1930.83,2252.5,2574.13,2895.72,3217.27
505,-0,324.516,649.006,973.447,1297.86,1622.25,1946.6,2270.92,2595.2,2919.46,3243.68
506,-0,324.516,649.006,973.447,1297.86,1622.25,1946.6,2270.92,2595.2,2919.46,3243.68
507,-0,321.904,643.776,965.591,1287.38,1609.12,1930.83,2252.5,2574.13,2895.72,3217.27
508,-0,316.738,633.43,950.054,1266.64,1583.17,1899.65,2216.08,2532.45,2848.77,3165.05
509,-0,310.512,620.962,931.328,1241.63,1551.87,1862.04,2172.15,2482.18,2792.14,3102.03
510,-0,312.857,625.693,938.491,1251.27,1564.02,1876.74,2189.44,2502.11,2814.75,3127.36
511,-0,310.512,620.962,931.328,1241.63,1551.87,1862.04,2172.15,2482.18,2792.14,3102.03
512,-0,325.662,651.326,976.966,1302.61,1628.26,1953.9,2279.54,2605.17,2930.8,3256.43
513,-0,335.857,671.74,1007.62,1343.54,1679.47,2015.43,2351.41,2687.4,3023.42,3359.46
514,-0,343.397,686.837,1030.29,1373.8,1717.35,2060.93,2404.55,2748.21,3091.91,3435.64
515,-0,347.002,694.055,1041.13,1388.27,1735.45,2082.67,2429.94,2777.26,3124.62,3472.03
516,-0,347.002,694.055,1041.13,1388.27,1735.45,2082.67,2429.94,2777.26,3124.62,3472.03
517,-0,343.397,686.837,1030.29,1373.8,1717.35,2060.93,2404.55,2748.21,3091.91,3435.64
518,-0,335.857,671.74,1007.62,1343.54,1679.47,2015.43,2351.41,2687.4,3023.42,3359.46
519,-0,325.662,651.326,976.966,1302.61,1628.26,1953.9,2279.54,2605.17,2930.8,3256.43
520,-0,310.512,620.962,931.328,1241.63,1551.87,1862.04,2172.15,2482.18,2792.14,3102.03
521,-0,316.738,633.43,950.054,1266.64,1583.17,1899.65,2216.08,2532.45,2848.77,3165.05
522,-0,335.857,671.74,1007.62,1343.54,1679.47,2015.43,2351.41,2687.4,3023.42,3359.46
523,-0,350.787,701.643,1052.54,1403.52,1754.56,2105.67,2456.84,2808.08,3159.38,3510.75
524,-0,360.285,720.663,1081.1,1441.65,1802.28,2162.99,2523.8,2884.69,3245.67,3606.74
525,-0,364.913,729.929,1095.02,1460.22,1825.52,2190.91,2556.41,2922,3287.69,3653.48
526,-0,364.913,729.929,1095.02,1460.22,1825.52,2190.91,2556.41,2922,3287.69,3653.48
527,-0,360.285,720.663,1081.1,1441.65,1802.28,2162.99,2523.8,2884.69,3245.67,3606.74
528,-0,350.787,701.643,1052.54,1403.52,1754.56,2105.67,2456.84,2808.08,3159.38,3510.75
529,-0,335.857,671.74,1007.62,1343.54,1679.47,2015.43,2351.41,2687.4,3023.42,3359.46
530,-0,316.738,633.43,950.054,1266.64,1583.17,1899.65,2216.08,2532.45,2848.77,3165.05
531,-0,321.904,643.776,965.591,1287.38,1609.12,1930.83,2252.5,2574.13,2895.72,3217.27
532,-0,343.397,686.837,1030.29,1373.8,1717.35,2060.93,2404.55,2748.21,3091.91,3435.64
533,-0,360.285,720.663,1081.1,1441.65,1802.28,2162.99,2523.8,2884.69,3245.67,3606.74
534,-0,371.548,743.217,1114.98,1486.87,1858.87,2230.99,2603.23,2975.58,3348.05,3720.64
535,-0,376.98,754.092,1131.31,1508.67,1886.15,2263.76,2641.51,3019.38,3397.37,3775.5
536,-0,376.98,754.092,1131.31,1508.67,1886.15,2263.76,2641.51,3019.38,3397.37,3775.5
537,-0,371.548,743.217,1114.98,1486.87,1858.87,2230.99,2603.23,2975.58,3348.05,3720.64
538,-0,360.285,720.663,1081.1,1441.65,1802.28,2162.99,2523.8,2884.69,3245.67,3606.74
539,-0,343.397,686.837,1030.29,1373.8,1717.35,2060.93,2404.55,2748.21,3091.91,3435.64
540,-0,321.904,643.776,965.591,1287.38,1609.12,1930.83,2252.5,2574.13,2895.72,3217.27
541,-0,324.516,649.006,973.447,1297.86,1622.25,1946.6,2270.92,2595.2,2919.46,3243.68
542,-0,347.002,694.055,1041.13,1388.27,1735.45,2082.67,2429.94,2777.26,3124.62,3472.03
543,-0,364.913,729.929,1095.02,1460.22,1825.52,2190.91,2556.41,2922,3287.69,3653.48
544,-0,376.98,754.092,1131.31,1508.67,1886.15,2263.76,2641.51,3019.38,3397.37,3775.5
545,-0,382.866,765.879,1149.01,1532.29,1915.72,2299.29,2683,3066.85,3450.84,3834.98
546,-0,382.866,765.879,1149.01,1532.29,1915.72,2299.29,2683,3066.85,3450.84,3834.98
547,-0,376.98,754.092,1131.31,1508.67,1886.15,2263.76,2641.51,3019.38,3397.37,3775.5
548,-0,364.913,729.929,1095.02,1460.22,1825.52,2190.91,2556.41,2922,3287.69,3653.48
549,-0,347.002,694.055,1041.13,1388.27,1735.45,2082.67,2429.94,2777.26,3124.62,3472.03
550,-0,324.516,649.006,973.447,1297.86,1622.25,1946.6,2270.92,2595.2,2919.46,3243.68
551,-0,324.516,649.006,973.447,1297.86,1622.25,1946.6,2270.92,2595.2,2919.46,3243.68
552,-0,347.002,694.055,1041.13,1388.27,1735.45,2082.67,2429.94,2777.26,3124.62,3472.03
553,-0,364.913,729.929,1095.02,1460.22,1825.52,2190.91,2556.41,2922,3287.69,3653.48
554,-0,376.98,754.092,1131.31,1508.67,1886.15,2263.76,2641.51,3019.38,3397.37,3775.5
555,-0,382.866,765.879,1149.01,1532.29,1915.72,2299.29,2683,3066.85,3450.84,3834.98
556,-0,382.866,765.879,1149.01,1532.29,1915.72,2299.29,2683,3066.85,3450.84,3834.98
557,-0,376.98,754.092,1131.31,1508.67,1886.15,2263.76,2641.51,3019.38,3397.37,3775.5
558,-0,364.913,729.929,1095.02,1460.22,1825.52,2190.91,2556.41,2922,3287.69,3653.48
559,-0,347.002,694.055,1041.13,1388.27,1735.45,2082.67,2429.94,2777.26,3124.62,3472.03
560,-0,324.516,649.006,973.447,1297.86,1622.25,1946.6,2270.92,2595.2,2919.46,3243.68
561,-0,321.904,643.776,965.591,1287.38,1609.12,1930.83,2252.5,2574.13,2895.72,3217.27
562,-0,343.397,686.837,1030.29,1373.8,1717.35,2060.93,2404.55,2748.21,3091.91,3435.64
563,-0,360.285,720.663,1081.1,1441.65,1802.28,2162.99,2523.8,2884.69,3245.67,3606.74
564,-0,371.548,743.217,1114.98,1486.87,1858.87,2230.99,2603.23,2975.58,3348.05,3720.64
565,-0,376.98,754.092,1131.31,1508.67,1886.15,2263.76,2641.51,3019.38,3397.37,3775.5
566,-0,376.98,754.092,1131.31,1508.67,1886.15,2263.76,2641.51,3019.38,3397.37,3775.5
567,-0,371.548,743.217,1114.98,1486.87,1858.87,2230.99,2603.23,2975.58,3348.05,3720.64
568,-0,360.285,720.663,1081.1,1441.65,1802.28,2162.99,2523.8,2884.69,3245.67,3606.74
569,-0,343.397,686.837,1030.29,1373.8,1717.35,2060.93,2404.55,2748.21,3091.91,3435.64
570,-0,321.904,643.776,965.591,1287.38,1609.12,1930.83,2252.5,2574.13,2895.72,3217.27
571,-0,316.738,633.43,950.054,1266.64,1583.17,1899.65,2216.08,2532.45,2848.77,3165.05
572,-0,335.857,671.74,1007.62,1343.54,1679.47,2015.43,2351.41,2687.4,3023.42,3359.46
573,-0,350.787,701.643,1052.54,1403.52,1754.56,2105.67,2456.84,2808.08,3159.38,3510.75
574,-0,360.285,720.663,1081.1,1441.65,1802.28,2162.99,2523.8,2884.69,3245.67,3606.74
575,-0,364.913,729.929,1095.02,1460.22,1825.52,2190.91,2556.41,2922,3287.69,3653.48
576,-0,364.913,729.929,1095.02,1460.22,1825.52,2190.91,2556.41,2922,3287.69,3653.48
577,-0,360.285,720.663,1081.1,1441.65,1802.28,2162.99,2523.8,2884.69,3245.67,3606.74
578,-0,350.787,701.643,1052.54,1403.52,1754.56,2105.67,2456.84,2808.08,3159.38,3510.75
579,-0,335.857,671.74,1007.62,1343.54,1679.47,2015.43,2351.41,2687.4,3023.42,3359.46
580,-0,316.738,633.43,950.054,1266.64,1583.17,1899.65,2216.08,2532.45,2848.77,3165.05
581,-0,310.512,620.962,931.328,1241.63,1551.87,1862.04,2172.15,2482.18,2792.14,3102.03
582,-0,325.662,651.326,976.966,1302.61,1628.26,1953.9,2279.54,2605.17,2930.8,3256.43
583,-0,335.857,671.74,1007.62,1343.54,1679.47,2015.43,2351.41,2687.4,3023.42,3359.46
584,-0,343.397,686.837,1030.29,1373.8,1717.35,2060.93,2404.55,2748.21,3091.91,3435.64
585,-0,347.002,694.055,1041.13,1388.27,1735.45,2082.67,2429.94,2777.26,3124.62,3472.03
586,-0,347.002,694.055,1041.13,1388.27,1735.45,2082.67,2429.94,2777.26,3124.62,3472.03
587,-0,343.397,686.837,1030.29,1373.8,1717.35,2060.93,2404.55,2748.21,3091.91,3435.64
588,-0,335.857,671.74,1007.62,1343.54,1679.47,2015.43,2351.41,2687.4,3023.42,3359.46
589,-0,325.662,651.326,976.966,1302.61,1628.26,1953.9,2279.54,2605.17,2930.8,3256.43
590,-0,310.512,620.962,931.328,1241.63,1551.87,1862.04,2172.15,2482.18,2792.14,3102.03
591,-0,312.857,625.693,938.491,1251.27,1564.02,1876.74,2189.44,2502.11,2814.75,3127.36
592,-0,310.512,620.962,931.328,1241.63,1551.87,1862.04,2172.15,2482.18,2792.14,3102.03
593,-0,316.738,633.43,950.054,1266.64,1583.17,1899.65,2216.08,2532.45,2848.77,3165.05
594,-0,321.904,643.776,965.591,1287.38,1609.12,1930.83,2252.5,2574.13,2895.72,3217.27
595,-0,324.516,649.006,973.447,1297.86,1622.25,1946.6,2270.92,2595.2,2919.46,3243.68
596,-0,324.516,649.006,973.447,1297.86,1622.25,1946.6,2270.92,2595.2,2919.46,3243.68
597,-0,321.904,643.776,965.591,1287.38,1609.12,1930.83,2252.5,2574.13,2895.72,3217.27
598,-0,316.738,633.43,950.054,1266.64,1583.17,1899.65,2216.08,2532.45,2848.77,3165.05
599,-0,310.512,620.962,931.328,1241.63,1551.87,1862.04,2172.15,2482.18,2792.14,3102.03
600,-0,312.857,625.693,938.491,1251.27,1564.02,1876.74,2189.44,2502.11,2814.75,3127.36
601,-0,321.772,643.534,965.271,1287,1608.71,1930.42,2252.1,2573.77,2895.43,3217.08
602,-0,318.176,636.304,954.361,1272.37,1590.33,1908.23,2226.08,2543.87,2861.6,3179.28
603,-0,320.05,640.053,959.987,1279.87,1599.71,1919.49,2239.21,2558.88,2878.5,3198.06
604,-0,322.43,644.815,967.138,1289.42,1611.65,1933.82,2255.95,2578.03,2900.06,3222.03
605,-0,323.858,647.674,971.432,1295.15,1618.82,1942.44,2266.01,2589.53,2913.01,3236.43
606,-0,323.858,647.674,971.432,1295.15,1618.82,1942.44,2266.01,2589.53,2913.01,3236.43
607,-0,322.43,644.815,967.138,1289.42,1611.65,1933.82,2255.95,2578.03,2900.06,3222.03
608,-0,320.05,640.053,959.987,1279.87,1599.71,1919.49,2239.21,2558.88,2878.5,3198.06
609,-0,318.176,636.304,954.361,1272.37,1590.33,1908.23,2226.08,2543.87,2861.6,3179.28
610,-0,321.772,643.534,965.271,1287,1608.71,1930.42,2252.1,2573.77,2895.43,3217.08
611,-0,318.176,636.304,954.361,1272.37,1590.33,1908.23,2226.08,2543.87,2861.6,3179.28
612,-0,325.015,650.014,974.972,1299.92,1624.85,1949.75,2274.64,2599.5,2924.35,3249.17
613,-0,329.888,659.77,989.624,1319.48,1649.32,1979.16,2308.98,2638.8,2968.6,3298.39
614,-0,333.938,667.88,1001.81,1335.74,1669.67,2003.6,2337.54,2671.47,3005.4,3339.33
615,-0,336.062,672.132,1008.19,1344.26,1680.34,2016.41,2352.5,2688.58,3024.67,3360.76
616,-0,336.062,672.132,1008.19,1344.26,1680.34,2016.41,2352.5,2688.58,3024.67,3360.76
617,-0,333.938,667.88,1001.81,1335.74,1669.67,2003.6,2337.54,2671.47,3005.4,3339.33
618,-0,329.888,659.77,989.624,1319.48,1649.32,1979.16,2308.98,2638.8,2968.6,3298.39
619,-0,325.015,650.014,974.972,1299.92,1624.85,1949.75,2274.64,2599.5,2924.35,3249.17
620,-0,318.176,636.304,954.361,1272.37,1590.33,1908.23,2226.08,2543.87,2861.6,3179.28
621,-0,320.05,640.053,959.987,1279.87,1599.71,1919.49,2239.21,2558.88,2878.5,3198.06
622,-0,329.888,659.77,989.624,1319.48,1649.32,1979.16,2308.98,2638.8,2968.6,3298.39
623,-0,338.049,676.121,1014.19,1352.29,1690.41,2028.55,2366.7,2704.88,3043.07,3381.28
624,-0,343.471,686.98,1030.5,1374.07,1717.67,2061.3,2404.96,2748.65,3092.38,3436.14
625,-0,346.256,692.555,1038.88,1385.25,1731.66,2078.1,2424.59,2771.11,3117.68,3464.28
626,-0,346.256,692.555,1038.88,1385.25,1731.66,2078.1,2424.59,2771.11,3117.68,3464.28
627,-0,343.471,686.98,1030.5,1374.07,1717.67,2061.3,2404.96,2748.65,3092.38,3436.14
628,-0,338.049,676.121,1014.19,1352.29,1690.41,2028.55,2366.7,2704.88,3043.07,3381.28
629,-0,329.888,659.77,989.624,1319.48,1649.32,1979.16,2308.98,2638.8,2968.6,3298.39
630,-0,320.05,640.053,959.987,1279.87,1599.71,1919.49,2239.21,2558.88,2878.5,3198.06
631,-0,322.43,644.815,967.138,1289.42,1611.65,1933.82,2255.95,2578.03,2900.06,3222.03
632,-0,333.938,667.88,1001.81,1335.74,1669.67,2003.6,2337.54,2671.47,3005.4,3339.33
633,-0,343.471,686.98,1030.5,1374.07,1717.67,2061.3,2404.96,2748.65,3092.38,3436.14
634,-0,350.042,700.14,1050.27,1400.47,1750.71,2101.01,2451.35,2801.75,3152.2,3502.7
635,-0,353.327,706.718,1060.16,1413.66,1767.22,2120.84,2474.52,2828.27,3182.07,3535.93
636,-0,353.327,706.718,1060.16,1413.66,1767.22,2120.84,2474.52,2828.27,3182.07,3535.93
637,-0,350.042,700.14,1050.27,1400.47,1750.71,2101.01,2451.35,2801.75,3152.2,3502.7
638,-0,343.471,686.98,1030.5,1374.07,1717.67,2061.3,2404.96,2748.65,3092.38,3436.14
639,-0,333.938,667.88,1001.81,1335.74,1669.67,2003.6,2337.54,2671.47,3005.4,3339.33
640,-0,322.43,644.815,967.138,1289.42,1611.65,1933.82,2255.95,2578.03,2900.06,3222.03
641,-0,323.858,647.674,971.432,1295.15,1618.82,1942.44,2266.01,2589.53,2913.01,3236.43
642,-0,336.062,672.132,1008.19,1344.26,1680.34,2016.41,2352.5,2688.58,3024.67,3360.76
643,-0,346.256,692.555,1038.88,1385.25,1731.66,2078.1,2424.59,2771.11,3117.68,3464.28
644,-0,353.327,706.718,1060.16,1413.66,1767.22,2120.84,2474.52,2828.27,3182.07,3535.93
645,-0,356.901,713.875,1070.91,1428.01,1785.19,2142.43,2499.74,2857.12,3214.57,3572.09
646,-0,356.901,713.875,1070.91,1428.01,1785.19,2142.43,2499.74,2857.12,3214.57,3572.09
647,-0,353.327,706.718,1060.16,1413.66,1767.22,2120.84,2474.52,2828.27,3182.07,3535.93
648,-0,346.256,692.555,1038.88,1385.25,1731.66,2078.1,2424.59,2771.11,3117.68,3464.28
649,-0,336.062,672.132,1008.19,1344.26,1680.34,2016.41,2352.5,2688.58,3024.67,3360.76
650,-0,323.858,647.674,971.432,1295.15,1618.82,1942.44,2266.01,2589.53,2913.01,3236.43
651,-0,323.858,647.674,971.432,1295.15,1618.82,1942.44,2266.01,2589.53,2913.01,3236.43
652,-0,336.062,672.132,1008.19,1344.26,1680.34,2016.41,2352.5,2688.58,3024.67,3360.76
653,-0,346.256,692.555,1038.88,1385.25,1731.66,2078.1,2424.59,2771.11,3117.68,3464.28
654,-0,353.327,706.718,1060.16,1413.66,1767.22,2120.84,2474.52,2828.27,3182.07,3535.93
655,-0,356.901,713.875,1070.91,1428.01,1785.19,2142.43,2499.74,2857.12,3214.57,3572.09
656,-0,356.901,713.875,1070.91,1428.01,1785.19,2142.43,2499.74,2857.12,3214.57,3572.09
657,-0,353.327,706.718,1060.16,1413.66,1767.22,2120.84,2474.52,2828.27,3182.07,3535.93
658,-0,346.256,692.555,1038.88,1385.25,1731.66,2078.1,2424.59,2771.11,3117.68,3464.28
659,-0,336.062,672.132,1008.19,1344.26,1680.34,2016.41,2352.5,2688.58,3024.67,3360.76
660,-0,323.858,647.674,971.432,1295.15,1618.82,1942.44,2266.01,2589.53,2913.01,3236.43
661,-0,322.43,644.815,967.138,1289.42,1611.65,1933.82,2255.95,2578.03,2900.06,3222.03
662,-0,333.938,667.88,1001.81,1335.74,1669.67,2003.6,2337.54,2671.47,3005.4,3339.33
663,-0,343.471,686.98,1030.5,1374.07,1717.67,2061.3,2404.96,2748.65,3092.38,3436.14
664,-0,350.042,700.14,1050.27,1400.47,1750.71,2101.01,2451.35,2801.75,3152.2,3502.7
665,-0,353.327,706.718,1060.16,1413.66,1767.22,2120.84,2474.52,2828.27,3182.07,3535.93
666,-0,353.327,706.718,1060.16,1413.66,1767.22,2120.84,2474.52,2828.27,3182.07,3535.93
667,-0,350.042,700.14,1050.27,1400.47,1750.71,2101.01,2451.35,2801.75,3152.2,3502.7
668,-0,343.471,686.98,1030.5,1374.07,1717.67,2061.3,2404.96,2748.65,3092.38,3436.14
669,-0,333.938,667.88,1001.81,1335.74,1669.67,2003.6,2337.54,2671.47,3005.4,3339.33
670,-0,322.43,644.815,967.138,1289.42,1611.65,1933.82,2255.95,2578.03,2900.06,3222.03
671,-0,320.05,640.053,959.987,1279.87,1599.71,1919.49,2239.21,2558.88,2878.5,3198.06
672,-0,329.888,659.77,989.624,1319.48,1649.32,1979.16,2308.98,2638.8,2968.6,3298.39
673,-0,338.049,676.121,1014.19,1352.29,1690.41,2028.55,2366.7,2704.88,3043.07,3381.28
674,-0,343.471,686.98,1030.5,1374.07,1717.67,2061.3,2404.96,2748.65,3092.38,3436.14
675,-0,346.256,692.555,1038.88,1385.25,1731.66,2078.1,2424.59,2771.11,3117.68,3464.28
676,-0,346.256,692.555,1038.88,1385.25,1731.66,2078.1,2424.59,2771.11,3117.68,3464.28
677,-0,343.471,686.98,1030.5,1374.07,1717.67,2061.3,2404.96,2748.65,3092.38,3436.14
678,-0,338.049,676.121,1014.19,1352.29,1690.41,2028.55,2366.7,2704.88,3043.07,3381.28
679,-0,329.888,659.77,989.624,1319.48,1649.32,1979.16,2308.98,2638.8,2968.6,3298.39
680,-0,320.05,640.053,959.987,1279.87,1599.71,1919.49,2239.21,2558.88,2878.5,3198.06
681,-0,318.176,636.304,954.361,1272.37,1590.33,1908.23,2226.08,2543.87,2861.6,3179.28
682,-0,325.015,650.014,974.972,1299.92,1624.85,1949.75,2274.64,2599.5,2924.35,3249.17
683,-0,329.888,659.77,989.624,1319.48,1649.32,1979.16,2308.98,2638.8,2968.6,3298.39
684,-0,333.938,667.88,1001.81,1335.74,1669.67,2003.6,2337.54,2671.47,3005.4,3339.33
685,-0,336.062,672.132,1008.19,1344.26,1680.34,2016.41,2352.5,2688.58,3024.67,3360.76
686,-0,336.062,672.132,1008.19,1344.26,1680.34,2016.41,2352.5,2688.58,3024.67,3360.76
687,-0,333.938,667.88,1001.81,1335.74,1669.67,2003.6,2337.54,2671.47,3005.4,3339.33
688,-0,329.888,659.77,989.624,1319.48,1649.32,1979.16,2308.98,2638.8,2968.6,3298.39
689,-0,325.015,650.014,974.972,1299.92,1624.85,1949.75,2274.64,2599.5,2924.35,3249.17
690,-0,318.176,636.304,954.361,1272.37,1590.33,1908.23,2226.08,2543.87,2861.6,3179.28
691,-0,321.772,643.534,965.271,1287,1608.71,1930.42,2252.1,2573.77,2895.43,3217.08
692,-0,318.176,636.304,954.361,1272.37,1590.33,1908.23,2226.08,2543.87,2861.6,3179.28
693,-0,320.05,640.053,959.987,1279.87,1599.71,1919.49,2239.21,2558.88,2878.5,3198.06
694,-0,322.43,644.815,967.138,1289.42,1611.65,1933.82,2255.95,2578.03,2900.06,3222.03
695,-0,323.858,647.674,971.432,1295.15,1618.82,1942.44,2266.01,2589.53,2913.01,3236.43
696,-0,323.858,647.674,971.432,1295.15,1618.82,1942.44,2266.01,2589.53,2913.01,3236.43
697,-0,322.43,644.815,967.138,1289.42,1611.65,1933.82,2255.95,2578.03,2900.06,3222.03
698,-0,320.05,640.053,959.987,1279.87,1599.71,1919.49,2239.21,2558.88,2878.5,3198.06
699,-0,318.176,636.304,954.361,1272.37,1590.33,1908.23,2226.08,2543.87,2861.6,3179.28
700,-0,321.772,643.534,965.271,1287,1608.71,1930.42,2252.1,2573.77,2895.43,3217.08
701,-0,328.858,657.722,986.574,1315.43,1644.3,1973.16,2302.02,2630.89,2959.76,3288.63
702,-0,325.118,650.208,975.25,1300.27,1625.25,1950.2,2275.11,2599.99,2924.84,3249.65
703,-0,324.337,648.637,972.884,1297.09,1621.26,1945.38,2269.46,2593.49,2917.48,3241.43
704,-0,324.597,649.154,973.659,1298.12,1622.53,1946.9,2271.22,2595.49,2919.72,3243.89
705,-0,324.923,649.805,974.636,1299.42,1624.16,1948.84,2273.48,2598.07,2922.61,3247.11
706,-0,324.923,649.805,974.636,1299.42,1624.16,1948.84,2273.48,2598.07,2922.61,3247.11
707,-0,324.597,649.154,973.659,1298.12,1622.53,1946.9,2271.22,2595.49,2919.72,3243.89
708,-0,324.337,648.637,972.884,1297.09,1621.26,1945.38,2269.46,2593.49,2917.48,3241.43
709,-0,325.118,650.208,975.25,1300.27,1625.25,1950.2,2275.11,2599.99,2924.84,3249.65
710,-0,328.858,657.722,986.574,1315.43,1644.3,1973.16,2302.02,2630.89,2959.76,3288.63
711,-0,325.118,650.208,975.25,1300.27,1625.25,1950.2,2275.11,2599.99,2924.84,3249.65
712,-0,326.749,653.479,980.17,1306.84,1633.49,1960.12,2286.72,2613.29,2939.84,3266.36
713,-0,327.817,655.615,983.377,1311.12,1638.83,1966.52,2294.19,2621.83,2949.44,3277.03
714,-0,328.999,657.979,986.929,1315.86,1644.76,1973.64,2302.49,2631.32,2960.12,3288.9
715,-0,329.673,659.328,988.954,1318.56,1648.14,1977.69,2307.22,2636.73,2966.21,3295.67
716,-0,329.673,659.328,988.954,1318.56,1648.14,1977.69,2307.22,2636.73,2966.21,3295.67
717,-0,328.999,657.979,986.929,1315.86,1644.76,1973.64,2302.49,2631.32,2960.12,3288.9
718,-0,327.817,655.615,983.377,1311.12,1638.83,1966.52,2294.19,2621.83,2949.44,3277.03
719,-0,326.749,653.479,980.17,1306.84,1633.49,1960.12,2286.72,2613.29,2939.84,3266.36
720,-0,325.118,650.208,975.25,1300.27,1625.25,1950.2,2275.11,2599.99,2924.84,3249.65
721,-0,324.337,648.637,972.884,1297.09,1621.26,1945.38,2269.46,2593.49,2917.48,3241.43
722,-0,327.817,655.615,983.377,1311.12,1638.83,1966.52,2294.19,2621.83,2949.44,3277.03
723,-0,330.823,661.637,992.431,1323.21,1653.98,1984.73,2315.47,2646.2,2976.9,3307.6
724,-0,332.843,665.682,998.509,1331.33,1664.13,1996.93,2329.72,2662.49,2995.26,3328.02
725,-0,333.896,667.788,1001.67,1335.55,1669.42,2003.28,2337.13,2670.97,3004.81,3338.64
726,-0,333.896,667.788,1001.67,1335.55,1669.42,2003.28,2337.13,2670.97,3004.81,3338.64
727,-0,332.843,665.682,998.509,1331.33,1664.13,1996.93,2329.72,2662.49,2995.26,3328.02
728,-0,330.823,661.637,992.431,1323.21,1653.98,1984.73,2315.47,2646.2,2976.9,3307.6
729,-0,327.817,655.615,983.377,1311.12,1638.83,1966.52,2294.19,2621.83,2949.44,3277.03
730,-0,324.337,648.637,972.884,1297.09,1621.26,1945.38,2269.46,2593.49,2917.48,3241.43
731,-0,324.597,649.154,973.659,1298.12,1622.53,1946.9,2271.22,2595.49,2919.72,3243.89
732,-0,328.999,657.979,986.929,1315.86,1644.76,1973.64,2302.49,2631.32,2960.12,3288.9
733,-0,332.843,665.682,998.509,1331.33,1664.13,1996.93,2329.72,2662.49,2995.26,3328.02
734,-0,335.478,670.959,1006.44,1341.92,1677.39,2012.86,2348.33,2683.8,3019.27,3354.73
735,-0,336.776,673.557,1010.34,1347.13,1683.91,2020.7,2357.49,2694.28,3031.07,3367.86
736,-0,336.776,673.557,1010.34,1347.13,1683.91,2020.7,2357.49,2694.28,3031.07,3367.86
737,-0,335.478,670.959,1006.44,1341.92,1677.39,2012.86,2348.33,2683.8,3019.27,3354.73
738,-0,332.843,665.682,998.509,1331.33,1664.13,1996.93,2329.72,2662.49,2995.26,3328.02
739,-0,328.999,657.979,986.929,1315.86,1644.76,1973.64,2302.49,2631.32,2960.12,3288.9
740,-0,324.597,649.154,973.659,1298.12,1622.53,1946.9,2271.22,2595.49,2919.72,3243.89
741,-0,324.923,649.805,974.636,1299.42,1624.16,1948.84,2273.48,2598.07,2922.61,3247.11
742,-0,329.673,659.328,988.954,1318.56,1648.14,1977.69,2307.22,2636.73,2966.21,3295.67
743,-0,333.896,667.788,1001.67,1335.55,1669.42,2003.28,2337.13,2670.97,3004.81,3338.64
744,-0,336.776,673.557,1010.34,1347.13,1683.91,2020.7,2357.49,2694.28,3031.07,3367.86
745,-0,338.212,676.433,1014.67,1352.9,1691.14,2029.38,2367.63,2705.88,3044.14,3382.4
746,-0,338.212,676.433,1014.67,1352.9,1691.14,2029.38,2367.63,2705.88,3044.14,3382.4
747,-0,336.776,673.557,1010.34,1347.13,1683.91,2020.7,2357.49,2694.28,3031.07,3367.86
748,-0,333.896,667.788,1001.67,1335.55,1669.42,2003.28,2337.13,2670.97,3004.81,3338.64
749,-0,329.673,659.328,988.954,1318.56,1648.14,1977.69,2307.22,2636.73,2966.21,3295.67
750,-0,324.923,649.805,974.636,1299.42,1624.16,1948.84,2273.48,2598.07,2922.61,3247.11
751,-0,324.923,649.805,974.636,1299.42,1624.16,1948.84,2273.48,2598.07,2922.61,3247.11
752,-0,329.673,659.328,988.954,1318.56,1648.14,1977.69,2307.22,2636.73,2966.21,3295.67
753,-0,333.896,667.788,1001.67,1335.55,1669.42,2003.28,2337.13,2670.97,3004.81,3338.64
754,-0,336.776,673.557,1010.34,1347.13,1683.91,2020.7,2357.49,2694.28,3031.07,3367.86
755,-0,338.212,676.433,1014.67,1352.9,1691.14,2029.38,2367.63,2705.88,3044.14,3382.4
756,-0,338.212,676.433,1014.67,1352.9,1691.14,2029.38,2367.63,2705.88,3044.14,3382.4
757,-0,336.776,673.557,1010.34,1347.13,1683.91,2020.7,2357.49,2694.28,3031.07,3367.86
758,-0,333.896,667.788,1001.67,1335.55,1669.42,2003.28,2337.13,2670.97,3004.81,3338.64
759,-0,329.673,659.328,988.954,1318.56,1648.14,1977.69,2307.22,2636.73,2966.21,3295.67
760,-0,324.923,649.805,974.636,1299.42,1624.16,1948.84,2273.48,2598.07,2922.61,3247.11
761,-0,324.597,649.154,973.659,1298.12,1622.53,1946.9,2271.22,2595.49,2919.72,3243.89
762,-0,328.999,657.979,986.929,1315.86,1644.76,1973.64,2302.49,2631.32,2960.12,3288.9
763,-0,332.843,665.682,998.509,1331.33,1664.13,1996.93,2329.72,2662.49,2995.26,3328.02
764,-0,335.478,670.959,1006.44,1341.92,1677.39,2012.86,2348.33,2683.8,3019.27,3354.73
765,-0,336.776,673.557,1010.34,1347.13,1683.91,2020.7,2357.49,2694.28,3031.07,3367.86
766,-0,336.776,673.557,1010.34,1347.13,1683.91,2020.7,2357.49,2694.28,3031.07,3367.86
767,-0,335.478,670.959,1006.44,1341.92,1677.39,2012.86,2348.33,2683.8,3019.27,3354.73
768,-0,332.843,665.682,998.509,1331.33,1664.13,1996.93,2329.72,2662.49,2995.26,3328.02
769,-0,328.999,657.979,986.929,1315.86,1644.76,1973.64,2302.49,2631.32,2960.12,3288.9
770,-0,324.597,649.154,973.659,1298.12,1622.53,1946.9,2271.22,2595.49,2919.72,3243.89
771,-0,324.337,648.637,972.884,1297.09,1621.26,1945.38,2269.46,2593.49,2917.48,3241.43
772,-0,327.817,655.615,983.377,1311.12,1638.83,1966.52,2294.19,2621.83,2949.44,3277.03
773,-0,330.823,661.637,992.431,1323.21,1653.98,1984.73,2315.47,2646.2,2976.9,3307.6
774,-0,332.843,665.682,998.509,1331.33,1664.13,1996.93,2329.72,2662.49,2995.26,3328.02
775,-0,333.896,667.788,1001.67,1335.55,1669.42,2003.28,2337.13,2670.97,3004.81,3338.64
776,-0,333.896,667.788,1001.67,1335.55,1669.42,2003.28,2337.13,2670.97,3004.81,3338.64
777,-0,332.843,665.682,998.509,1331.33,1664.13,1996.93,2329.72,2662.49,2995.26,3328.02
778,-0,330.823,661.637,992.431,1323.21,1653.98,1984.73,2315.47,2646.2,2976.9,3307.6
779,-0,327.817,655.615,983.377,1311.12,1638.83,1966.52,2294.19,2621.83,2949.44,3277.03
780,-0,324.337,648.637,972.884,1297.09,1621.26,1945.38,2269.46,2593.49,2917.48,3241.43
781,-0,325.118,650.208,975.25,1300.27,1625.25,1950.2,2275.11,2599.99,2924.84,3249.65
782,-0,326.749,653.479,980.17,1306.84,1633.49,1960.12,2286.72,2613.29,2939.84,3266.36
783,-0,327.817,655.615,983.377,1311.12,1638.83,1966.52,2294.19,2621.83,2949.44,3277.03
784,-0,328.999,657.979,986.929,1315.86,1644.76,1973.64,2302.49,2631.32,2960.12,3288.9
785,-0,329.673,659.328,988.954,1318.56,1648.14,1977.69,2307.22,2636.73,2966.21,3295.67
786,-0,329.673,659.328,988.954,1318.56,1648.14,1977.69,2307.22,2636.73,2966.21,3295.67
787,-0,328.999,657.979,986.929,1315.86,1644.76,1973.64,2302.49,2631.32,2960.12,3288.9
788,-0,327.817,655.615,983.377,1311.12,1638.83,1966.52,2294.19,2621.83,2949.44,3277.03
789,-0,326.749,653.479,980.17,1306.84,1633.49,1960.12,2286.72,2613.29,2939.84,3266.36
790,-0,325.118,650.208,975.25,1300.27,1625.25,1950.2,2275.11,2599.99,2924.84,3249.65
791,-0,328.858,657.722,986.574,1315.43,1644.3,1973.16,2302.02,2630.89,2959.76,3288.63
792,-0,325.118,650.208,975.25,1300.27,1625.25,1950.2,2275.11,2599.99,2924.84,3249.65
793,-0,324.337,648.637,972.884,1297.09,1621.26,1945.38,2269.46,2593.49,2917.48,3241.43
794,-0,324.597,649.154,973.659,1298.12,1622.53,1946.9,2271.22,2595.49,2919.72,3243.89
795,-0,324.923,649.805,974.636,1299.42,1624.16,1948.84,2273.48,2598.07,2922.61,3247.11
796,-0,324.923,649.805,974.636,1299.42,1624.16,1948.84,2273.48,2598.07,2922.61,3247.11
797,-0,324.597,649.154,973.659,1298.12,1622.53,1946.9,2271.22,2595.49,2919.72,3243.89
798,-0,324.337,648.637,972.884,1297.09,1621.26,1945.38,2269.46,2593.49,2917.48,3241.43
799,-0,325.118,650.208,975.25,1300.27,1625.25,1950.2,2275.11,2599.99,2924.84,3249.65
800,-0,328.858,657.722,986.574,1315.43,1644.3,1973.16,2302.02,2630.89,2959.76,3288.63
801,-0,335.22,670.463,1005.72,1340.99,1676.28,2011.59,2346.91,2682.25,3017.61,3352.99
802,-0,330.774,661.541,992.293,1323.03,1653.75,1984.46,2315.16,2645.84,2976.51,3307.17
803,-0,328.113,656.201,984.267,1312.29,1640.29,1968.26,2296.19,2624.1,2951.97,3279.81
804,-0,326.481,652.927,979.344,1305.71,1632.04,1958.33,2284.57,2610.78,2936.94,3263.06
805,-0,325.68,651.322,976.932,1302.49,1628,1953.46,2278.88,2604.26,2929.59,3254.87
806,-0,325.68,651.322,976.932,1302.49,1628,1953.46,2278.88,2604.26,2929.59,3254.87
807,-0,326.481,652.927,979.344,1305.71,1632.04,1958.33,2284.57,2610.78,2936.94,3263.06
808,-0,328.113,656.201,984.267,1312.29,1640.29,1968.26,2296.19,2624.1,2951.97,3279.81
809,-0,330.774,661.541,992.293,1323.03,1653.75,1984.46,2315.16,2645.84,2976.51,3307.17
810,-0,335.22,670.463,1005.72,1340.99,1676.28,2011.59,2346.91,2682.25,3017.61,3352.99
811,-0,330.774,661.541,992.293,1323.03,1653.75,1984.46,2315.16,2645.84,2976.51,3307.17
812,-0,328.757,657.496,986.22,1314.91,1643.58,1972.22,2300.84,2629.44,2958.01,3286.56
813,-0,326.99,653.95,980.891,1307.78,1634.64,1961.46,2288.25,2615,2941.72,3268.4
814,-0,325.755,651.472,977.167,1302.8,1628.4,1953.95,2279.46,2604.93,2930.35,3255.73
815,-0,325.109,650.177,975.22,1300.2,1625.14,1950.03,2274.87,2599.67,2924.42,3249.12
816,-0,325.109,650.177,975.22,1300.2,1625.14,1950.03,2274.87,2599.67,2924.42,3249.12
817,-0,325.755,651.472,977.167,1302.8,1628.4,1953.95,2279.46,2604.93,2930.35,3255.73
818,-0,326.99,653.95,980.891,1307.78,1634.64,1961.46,2288.25,2615,2941.72,3268.4
819,-0,328.757,657.496,986.22,1314.91,1643.58,1972.22,2300.84,2629.44,2958.01,3286.56
820,-0,330.774,661.541,992.293,1323.03,1653.75,1984.46,2315.16,2645.84,2976.51,3307.17
821,-0,328.113,656.201,984.267,1312.29,1640.29,1968.26,2296.19,2624.1,2951.97,3279.81
822,-0,326.99,653.95,980.891,1307.78,1634.64,1961.46,2288.25,2615,2941.72,3268.4
823,-0,325.784,651.53,977.259,1302.93,1628.56,1954.14,2279.69,2605.19,2930.65,3256.06
824,-0,324.711,649.379,974.028,1298.61,1623.14,1947.63,2272.07,2596.46,2920.81,3245.1
825,-0,324.113,648.18,972.226,1296.2,1620.13,1944,2267.83,2591.6,2915.33,3239
826,-0,324.113,648.18,972.226,1296.2,1620.13,1944,2267.83,2591.6,2915.33,3239
827,-0,324.711,649.379,974.028,1298.61,1623.14,1947.63,2272.07,2596.46,2920.81,3245.1
828,-0,325.784,651.53,977.259,1302.93,1628.56,1954.14,2279.69,2605.19,2930.65,3256.06
829,-0,326.99,653.95,980.891,1307.78,1634.64,1961.46,2288.25,2615,2941.72,3268.4
830,-0,328.113,656.201,984.267,1312.29,1640.29,1968.26,2296.19,2624.1,2951.97,3279.81
831,-0,326.481,652.927,979.344,1305.71,1632.04,1958.33,2284.57,2610.78,2936.94,3263.06
832,-0,325.755,651.472,977.167,1302.8,1628.4,1953.95,2279.46,2604.93,2930.35,3255.73
833,-0,324.711,649.379,974.028,1298.61,1623.14,1947.63,2272.07,2596.46,2920.81,3245.1
834,-0,323.731,647.415,971.08,1294.67,1618.21,1941.7,2265.14,2588.53,2911.87,3235.15
835,-0,323.148,646.247,969.327,1292.33,1615.28,1938.18,2261.02,2583.82,2906.55,3229.24
836,-0,323.148,646.247,969.327,1292.33,1615.28,1938.18,2261.02,2583.82,2906.55,3229.24
837,-0,323.731,647.415,971.08,1294.67,1618.21,1941.7,2265.14,2588.53,2911.87,3235.15
838,-0,324.711,649.379,974.028,1298.61,1623.14,1947.63,2272.07,2596.46,2920.81,3245.1
839,-0,325.755,651.472,977.167,1302.8,1628.4,1953.95,2279.46,2604.93,2930.35,3255.73
840,-0,326.481,652.927,979.344,1305.71,1632.04,1958.33,2284.57,2610.78,2936.94,3263.06
841,-0,325.68,651.322,976.932,1302.49,1628,1953.46,2278.88,2604.26,2929.59,3254.87
842,-0,325.109,650.177,975.22,1300.2,1625.14,1950.03,2274.87,2599.67,2924.42,3249.12
843,-0,324.113,648.18,972.226,1296.2,1620.13,1944,2267.83,2591.6,2915.33,3239
844,-0,323.148,646.247,969.327,1292.33,1615.28,1938.18,2261.02,2583.82,2906.55,3229.24
845,-0,322.584,645.117,967.632,1290.07,1612.45,1934.77,2257.05,2579.26,2901.42,3223.53
846,-0,322.584,645.117,967.632,1290.07,1612.45,1934.77,2257.05,2579.26,2901.42,3223.53
847,-0,323.148,646.247,969.327,1292.33,1615.28,1938.18,2261.02,2583.82,2906.55,3229.24
848,-0,324.113,648.18,972.226,1296.2,1620.13,1944,2267.83,2591.6,2915.33,3239
849,-0,325.109,650.177,975.22,1300.2,1625.14,1950.03,2274.87,2599.67,2924.42,3249.12
850,-0,325.68,651.322,976.932,1302.49,1628,1953.46,2278.88,2604.26,2929.59,3254.87
851,-0,325.68,651.322,976.932,1302.49,1628,1953.46,2278.88,2604.26,2929.59,3254.87
852,-0,325.109,650.177,975.22,1300.2,1625.14,1950.03,2274.87,2599.67,2924.42,3249.12
853,-0,324.113,648.18,972.226,1296.2,1620.13,1944,2267.83,2591.6,2915.33,3239
854,-0,323.148,646.247,969.327,1292.33,1615.28,1938.18,2261.02,2583.82,2906.55,3229.24
855,-0,322.584,645.117,967.632,1290.07,1612.45,1934.77,2257.05,2579.26,2901.42,3223.53
856,-0,322.584,645.117,967.632,1290.07,1612.45,1934.77,2257.05,2579.26,2901.42,3223.53
857,-0,323.148,646.247,969.327,1292.33,1615.28,1938.18,2261.02,2583.82,2906.55,3229.24
858,-0,324.113,648.18,972.226,1296.2,1620.13,1944,2267.83,2591.6,2915.33,3239
859,-0,325.109,650.177,975.22,1300.2,1625.14,1950.03,2274.87,2599.67,2924.42,3249.12
860,-0,325.68,651.322,976.932,1302.49,1628,1953.46,2278.88,2604.26,2929.59,3254.87
861,-0,326.481,652.927,979.344,1305.71,1632.04,1958.33,2284.57,2610.78,2936.94,3263.06
862,-0,325.755,651.472,977.167,1302.8,1628.4,1953.95,2279.46,2604.93,2930.35,3255.73
863,-0,324.711,649.379,974.028,1298.61,1623.14,1947.63,2272.07,2596.46,2920.81,3245.1
864,-0,323.731,647.415,971.08,1294.67,1618.21,1941.7,2265.14,2588.53,2911.87,3235.15
865,-0,323.148,646.247,969.327,1292.33,1615.28,1938.18,2261.02,2583.82,2906.55,3229.24
866,-0,323.148,646.247,969.327,1292.33,1615.28,1938.18,2261.02,2583.82,2906.55,3229.24
867,-0,323.731,647.415,971.08,1294.67,1618.21,1941.7,2265.14,2588.53,2911.87,3235.15
868,-0,324.711,649.379,974.028,1298.61,1623.14,1947.63,2272.07,2596.46,2920.81,3245.1
869,-0,325.755,651.472,977.167,1302.8,1628.4,1953.95,2279.46,2604.93,2930.35,3255.73
870,-0,326.481,652.927,979.344,1305.71,1632.04,1958.33,2284.57,2610.78,2936.94,3263.06
871,-0,328.113,656.201,984.267,1312.29,1640.29,1968.26,2296.19,2624.1,2951.97,3279.81
872,-0,326.99,653.95,980.891,1307.78,1634.64,1961.46,2288.25,2615,2941.72,3268.4
873,-0,325.784,651.53,977.259,1302.93,1628.56,1954.14,2279.69,2605.19,2930.65,3256.06
874,-0,324.711,649.379,974.028,1298.61,1623.14,1947.63,2272.07,2596.46,2920.81,3245.1
875,-0,324.113,648.18,972.226,1296.2,1620.13,1944,2267.83,2591.6,2915.33,3239
876,-0,324.113,648.18,972.226,1296.2,1620.13,1944,2267.83,2591.6,2915.33,3239
877,-0,324.711,649.379,974.028,1298.61,1623.14,1947.63,2272.07,2596.46,2920.81,3245.1
878,-0,325.784,651.53,977.259,1302.93,1628.56,1954.14,2279.69,2605.19,2930.65,3256.06
879,-0,326.99,653.95,980.891,1307.78,1634.64,1961.46,2288.25,2615,2941.72,3268.4
880,-0,328.113,656.201,984.267,1312.29,1640.29,1968.26,2296.19,2624.1,2951.97,3279.81
881,-0,330.774,661.541,992.293,1323.03,1653.75,1984.46,2315.16,2645.84,2976.51,3307.17
882,-0,328.757,657.496,986.22,1314.91,1643.58,1972.22,2300.84,2629.44,2958.01,3286.56
883,-0,326.99,653.95,980.891,1307.78,1634.64,1961.46,2288.25,2615,2941.72,3268.4
884,-0,325.755,651.472,977.167,1302.8,1628.4,1953.95,2279.46,2604.93,2930.35,3255.73
885,-0,325.109,650.177,975.22,1300.2,1625.14,1950.03,2274.87,2599.67,2924.42,3249.12
886,-0,325.109,650.177,975.22,1300.2,1625.14,1950.03,2274.87,2599.67,2924.42,3249.12
887,-0,325.755,651.472,977.167,1302.8,1628.4,1953.95,2279.46,2604.93,2930.35,3255.73
888,-0,326.99,653.95,980.891,1307.78,1634.64,1961.46,2288.25,2615,2941.72,3268.4
889,-0,328.757,657.496,986.22,1314.91,1643.58,1972.22,2300.84,2629.44,2958.01,3286.56
890,-0,330.774,661.541,992.293,1323.03,1653.75,1984.46,2315.16,2645.84,2976.51,3307.17
891,-0,335.22,670.463,1005.72,1340.99,1676.28,2011.59,2346.91,2682.25,3017.61,3352.99
892,-0,330.774,661.541,992.293,1323.03,1653.75,1984.46,2315.16,2645.84,2976.51,3307.17
893,-0,328.113,656.201,984.267,1312.29,1640.29,1968.26,2296.19,2624.1,2951.97,3279.81
894,-0,326.481,652.927,979.344,1305.71,1632.04,1958.33,2284.57,2610.78,2936.94,3263.06
895,-0,325.68,651.322,976.932,1302.49,1628,1953.46,2278.88,2604.26,2929.59,3254.87
896,-0,325.68,651.322,976.932,1302.49,1628,1953.46,2278.88,2604.26,2929.59,3254.87
897,-0,326.481,652.927,979.344,1305.71,1632.04,1958.33,2284.57,2610.78,2936.94,3263.06
898,-0,328.113,656.201,984.267,1312.29,1640.29,1968.26,2296.19,2624.1,2951.97,3279.81
899,-0,330.774,661.541,992.293,1323.03,1653.75,1984.46,2315.16,2645.84,2976.51,3307.17
900,-0,335.22,670.463,1005.72,1340.99,1676.28,2011.59,2346.91,2682.25,3017.61,3352.99
901,-0,340.52,681.083,1021.73,1362.37,1703.06,2043.77,2384.53,2725.32,3066.15,3407.01
902,-0,336.049,672.108,1008.23,1344.32,1680.41,2016.5,2352.59,2688.69,3024.8,3360.91
903,-0,331.513,663.012,994.555,1326.03,1657.49,1988.92,2320.34,2651.74,2983.11,3314.46
904,-0,328.066,656.106,984.176,1312.17,1640.13,1968.05,2295.94,2623.8,2951.62,3279.41
905,-0,326.256,652.481,978.73,1304.9,1631.02,1957.11,2283.16,2609.16,2935.13,3261.06
906,-0,326.256,652.481,978.73,1304.9,1631.02,1957.11,2283.16,2609.16,2935.13,3261.06
907,-0,328.066,656.106,984.176,1312.17,1640.13,1968.05,2295.94,2623.8,2951.62,3279.41
908,-0,331.513,663.012,994.555,1326.03,1657.49,1988.92,2320.34,2651.74,2983.11,3314.46
909,-0,336.049,672.108,1008.23,1344.32,1680.41,2016.5,2352.59,2688.69,3024.8,3360.91
910,-0,340.52,681.083,1021.73,1362.37,1703.06,2043.77,2384.53,2725.32,3066.15,3407.01
911,-0,336.049,672.108,1008.23,1344.32,1680.41,2016.5,2352.59,2688.69,3024.8,3360.91
912,-0,331.58,663.135,994.75,1326.28,1657.79,1989.26,2320.72,2652.14,2983.54,3314.91
913,-0,326.271,652.494,978.747,1304.89,1630.99,1957.04,2283.03,2608.97,2934.86,3260.7
914,-0,322.004,643.944,965.898,1287.73,1609.5,1931.2,2252.84,2574.41,2895.91,3217.34
915,-0,319.713,639.357,959.006,1278.53,1597.98,1917.36,2236.66,2555.89,2875.05,3194.13
916,-0,319.713,639.357,959.006,1278.53,1597.98,1917.36,2236.66,2555.89,2875.05,3194.13
917,-0,322.004,643.944,965.898,1287.73,1609.5,1931.2,2252.84,2574.41,2895.91,3217.34
918,-0,326.271,652.494,978.747,1304.89,1630.99,1957.04,2283.03,2608.97,2934.86,3260.7
919,-0,331.58,663.135,994.75,1326.28,1657.79,1989.26,2320.72,2652.14,2983.54,3314.91
920,-0,336.049,672.108,1008.23,1344.32,1680.41,2016.5,2352.59,2688.69,3024.8,3360.91
921,-0,331.513,663.012,994.555,1326.03,1657.49,1988.92,2320.34,2651.74,2983.11,3314.46
922,-0,326.271,652.494,978.747,1304.89,1630.99,1957.04,2283.03,2608.97,2934.86,3260.7
923,-0,320.59,641.109,961.635,1282.03,1602.36,1922.61,2242.79,2562.89,2882.92,3202.87
924,-0,315.961,631.835,947.699,1263.42,1579.06,1894.61,2210.06,2525.43,2840.71,3155.9
925,-0,313.434,626.775,940.096,1253.27,1566.35,1879.34,2192.23,2505.03,2817.72,3130.32
926,-0,313.434,626.775,940.096,1253.27,1566.35,1879.34,2192.23,2505.03,2817.72,3130.32
927,-0,315.961,631.835,947.699,1263.42,1579.06,1894.61,2210.06,2525.43,2840.71,3155.9
928,-0,320.59,641.109,961.635,1282.03,1602.36,1922.61,2242.79,2562.89,2882.92,3202.87
929,-0,326.271,652.494,978.747,1304.89,1630.99,1957.04,2283.03,2608.97,2934.86,3260.7
930,-0,331.513,663.012,994.555,1326.03,1657.49,1988.92,2320.34,2651.74,2983.11,3314.46
931,-0,328.066,656.106,984.176,1312.17,1640.13,1968.05,2295.94,2623.8,2951.62,3279.41
932,-0,322.004,643.944,965.898,1287.73,1609.5,1931.2,2252.84,2574.41,2895.91,3217.34
933,-0,315.961,631.835,947.699,1263.42,1579.06,1894.61,2210.06,2525.43,2840.71,3155.9
934,-0,311.209,622.318,933.399,1244.33,1555.16,1865.88,2176.5,2487.02,2797.44,3107.75
935,-0,308.612,617.116,925.585,1233.9,1542.1,1850.2,2158.18,2466.05,2773.82,3081.47
936,-0,308.612,617.116,925.585,1233.9,1542.1,1850.2,2158.18,2466.05,2773.82,3081.47
937,-0,311.209,622.318,933.399,1244.33,1555.16,1865.88,2176.5,2487.02,2797.44,3107.75
938,-0,315.961,631.835,947.699,1263.42,1579.06,1894.61,2210.06,2525.43,2840.71,3155.9
939,-0,322.004,643.944,965.898,1287.73,1609.5,1931.2,2252.84,2574.41,2895.91,3217.34
940,-0,328.066,656.106,984.176,1312.17,1640.13,1968.05,2295.94,2623.8,2951.62,3279.41
941,-0,326.256,652.481,978.73,1304.9,1631.02,1957.11,2283.16,2609.16,2935.13,3261.06
942,-0,319.713,639.357,959.006,1278.53,1597.98,1917.36,2236.66,2555.89,2875.05,3194.13
943,-0,313.434,626.775,940.096,1253.27,1566.35,1879.34,2192.23,2505.03,2817.72,3130.32
944,-0,308.612,617.116,925.585,1233.9,1542.1,1850.2,2158.18,2466.05,2773.82,3081.47
945,-0,305.996,611.879,917.719,1223.4,1528.96,1834.4,2139.74,2444.95,2750.05,3055.03
946,-0,305.996,611.879,917.719,1223.4,1528.96,1834.4,2139.74,2444.95,2750.05,3055.03
947,-0,308.612,617.116,925.585,1233.9,1542.1,1850.2,2158.18,2466.05,2773.82,3081.47
948,-0,313.434,626.775,940.096,1253.27,1566.35,1879.34,2192.23,2505.03,2817.72,3130.32
949,-0,319.713,639.357,959.006,1278.53,1597.98,1917.36,2236.66,2555.89,2875.05,3194.13
950,-0,326.256,652.481,978.73,1304.9,1631.02,1957.11,2283.16,2609.16,2935.13,3261.06
951,-0,326.256,652.481,978.73,1304.9,1631.02,1957.11,2283.16,2609.16,2935.13,3261.06
952,-0,319.713,639.357,959.006,1278.53,1597.98,1917.36,2236.66,2555.89,2875.05,3194.13
953,-0,313.434,626.775,940.096,1253.27,1566.35,1879.34,2192.23,2505.03,2817.72,3130.32
954,-0,308.612,617.116,925.585,1233.9,1542.1,1850.2,2158.18,2466.05,2773.82,3081.47
955,-0,305.996,611.879,917.719,1223.4,1528.96,1834.4,2139.74,2444.95,2750.05,3055.03
956,-0,305.996,611.879,917.719,1223.4,1528.96,1834.4,2139.74,2444.95,2750.05,3055.03
957,-0,308.612,617.116,925.585,1233.9,1542.1,1850.2,2158.18,2466.05,2773.82,3081.47
958,-0,313.434,626.775,940.096,1253.27,1566.35,1879.34,2192.23,2505.03,2817.72,3130.32
959,-0,319.713,639.357,959.006,1278.53,1597.98,1917.36,2236.66,2555.89,2875.05,3194.13
960,-0,326.256,652.481,978.73,1304.9,1631.02,1957.11,2283.16,2609.16,2935.13,3261.06
961,-0,328.066,656.106,984.176,1312.17,1640.13,1968.05,2295.94,2623.8,2951.62,3279.41
962,-0,322.004,643.944,965.898,1287.73,1609.5,1931.2,2252.84,2574.41,2895.91,3217.34
963,-0,315.961,631.835,947.699,1263.42,1579.06,1894.61,2210.06,2525.43,2840.71,3155.9
964,-0,311.209,622.318,933.399,1244.33,1555.16,1865.88,2176.5,2487.02,2797.44,3107.75
965,-0,308.612,617.116,925.585,1233.9,1542.1,1850.2,2158.18,2466.05,2773.82,3081.47
966,-0,308.612,617.116,925.585,1233.9,1542.1,1850.2,2158.18,2466.05,2773.82,3081.47
967,-0,311.209,622.318,933.399,1244.33,1555.16,1865.88,2176.5,2487.02,2797.44,3107.75
968,-0,315.961,631.835,947.699,1263.42,1579.06,1894.61,2210.06,2525.43,2840.71,3155.9
969,-0,322.004,643.944,965.898,1287.73,1609.5,1931.2,2252.84,2574.41,2895.91,3217.34
970,-0,328.066,656.106,984.176,1312.17,1640.13,1968.05,2295.94,2623.8,2951.62,3279.41
971,-0,331.513,663.012,994.555,1326.03,1657.49,1988.92,2320.34,2651.74,2983.11,3314.46
972,-0,326.271,652.494,978.747,1304.89,1630.99,1957.04,2283.03,2608.97,2934.86,3260.7
973,-0,320.59,641.109,961.635,1282.03,1602.36,1922.61,2242.79,2562.89,2882.92,3202.87
974,-0,315.961,631.835,947.699,1263.42,1579.06,1894.61,2210.06,2525.43,2840.71,3155.9
975,-0,313.434,626.775,940.096,1253.27,1566.35,1879.34,2192.23,2505.03,2817.72,3130.32
976,-0,313.434,626.775,940.096,1253.27,1566.35,1879.34,2192.23,2505.03,2817.72,3130.32
977,-0,315.961,631.835,947.699,1263.42,1579.06,1894.61,2210.06,2525.43,2840.71,3155.9
978,-0,320.59,641.109,961.635,1282.03,1602.36,1922.61,2242.79,2562.89,2882.92,3202.87
979,-0,326.271,652.494,978.747,1304.89,1630.99,1957.04,2283.03,2608.97,2934.86,3260.7
980,-0,331.513,663.012,994.555,1326.03,1657.49,1988.92,2320.34,2651.74,2983.11,3314.46
981,-0,336.049,672.108,1008.23,1344.32,1680.41,2016.5,2352.59,2688.69,3024.8,3360.91
982,-0,331.58,663.135,994.75,1326.28,1657.79,1989.26,2320.72,2652.14,2983.54,3314.91
983,-0,326.271,652.494,978.747,1304.89,1630.99,1957.04,2283.03,2608.97,2934.86,3260.7
984,-0,322.004,643.944,965.898,1287.73,1609.5,1931.2,2252.84,2574.41,2895.91,3217.34
985,-0,319.713,639.357,959.006,1278.53,1597.98,1917.36,2236.66,2555.89,2875.05,3194.13
986,-0,319.713,639.357,959.006,1278.53,1597.98,1917.36,2236.66,2555.89,2875.05,3194.13
987,-0,322.004,643.944,965.898,1287.73,1609.5,1931.2,2252.84,2574.41,2895.91,3217.34
988,-0,326.271,652.494,978.747,1304.89,1630.99,1957.04,2283.03,2608.97,2934.86,3260.7
989,-0,331.58,663.135,994.75,1326.28,1657.79,1989.26,2320.72,2652.14,2983.54,3314.91
990,-0,336.049,672.108,1008.23,1344.32,1680.41,2016.5,2352.59,2688.69,3024.8,3360.91
991,-0,340.52,681.083,1021.73,1362.37,1703.06,2043.77,2384.53,2725.32,3066.15,3407.01
992,-0,336.049,672.108,1008.23,1344.32,1680.41,2016.5,2352.59,2688.69,3024.8,3360.91
993,-0,331.513,663.012,994.555,1326.03,1657.49,1988.92,2320.34,2651.74,2983.11,3314.46
994,-0,328.066,656.106,984.176,1312.17,1640.13,1968.05,2295.94,2623.8,2951.62,3279.41
995,-0,326.256,652.481,978.73,1304.9,1631.02,1957.11,2283.16,2609.16,2935.13,3261.06
996,-0,326.256,652.481,978.73,1304.9,1631.02,1957.11,2283.16,2609.16,2935.13,3261.06
997,-0,328.066,656.106,984.176,1312.17,1640.13,1968.05,2295.94,2623.8,2951.62,3279.41
998,-0,331.513,663.012,994.555,1326.03,1657.49,1988.92,2320.34,2651.74,2983.11,3314.46
999,-0,336.049,672.108,1008.23,1344.32,1680.41,2016.5,2352.59,2688.69,3024.8,3360.91
1000,-0,340.52,681.083,1021.73,1362.37,1703.06,2043.77,2384.53,2725.32,3066.15,3407.01
