1,1,0.999859,0.999718,0.999576,0.999434,0.999292,0.99915,0.999008,0.998865,0.998722,0.998579
2,1,0.999889,0.999778,0.999667,0.999556,0.999445,0.999333,0.999222,0.99911,0.998998,0.998886
3,1,0.999888,0.999776,0.999663,0.999551,0.999438,0.999325,0.999212,0.999099,0.998985,0.998872
4,1,0.999889,0.999779,0.999668,0.999557,0.999446,0.999334,0.999223,0.999111,0.999,0.998888
5,1,0.999889,0.999779,0.999668,0.999557,0.999446,0.999335,0.999223,0.999112,0.999,0.998888
6,1,0.999889,0.999779,0.999668,0.999557,0.999446,0.999335,0.999223,0.999112,0.999,0.998888
7,1,0.999889,0.999779,0.999668,0.999557,0.999446,0.999334,0.999223,0.999111,0.999,0.998888
8,1,0.999888,0.999776,0.999663,0.999551,0.999438,0.999325,0.999212,0.999099,0.998985,0.998872
9,1,0.999889,0.999778,0.999667,0.999556,0.999445,0.999333,0.999222,0.99911,0.998998,0.998886
10,1,0.999859,0.999718,0.999576,0.999434,0.999292,0.99915,0.999008,0.998865,0.998722,0.998579
11,1,0.999889,0.999778,0.999667,0.999556,0.999445,0.999333,0.999222,0.99911,0.998998,0.998886
12,1,0.999922,0.999845,0.999767,0.999689,0.999611,0.999533,0.999455,0.999377,0.999298,0.99922
13,1,0.999919,0.999837,0.999755,0.999674,0.999592,0.99951,0.999428,0.999346,0.999263,0.999181
14,1,0.99992,0.999839,0.999758,0.999678,0.999597,0.999516,0.999435,0.999354,0.999273,0.999191
15,1,0.999919,0.999839,0.999758,0.999677,0.999596,0.999515,0.999434,0.999353,0.999272,0.99919
16,1,0.999919,0.999839,0.999758,0.999677,0.999596,0.999515,0.999434,0.999353,0.999272,0.99919
17,1,0.99992,0.999839,0.999758,0.999678,0.999597,0.999516,0.999435,0.999354,0.999273,0.999191
18,1,0.999919,0.999837,0.999755,0.999674,0.999592,0.99951,0.999428,0.999346,0.999263,0.999181
19,1,0.999922,0.999845,0.999767,0.999689,0.999611,0.999533,0.999455,0.999377,0.999298,0.99922
20,1,0.999889,0.999778,0.999667,0.999556,0.999445,0.999333,0.999222,0.99911,0.998998,0.998886
21,1,0.999888,0.999776,0.999663,0.999551,0.999438,0.999325,0.999212,0.999099,0.998985,0.998872
22,1,0.999919,0.999837,0.999755,0.999674,0.999592,0.99951,0.999428,0.999346,0.999263,0.999181
23,1,0.999915,0.999829,0.999744,0.999658,0.999573,0.999487,0.999401,0.999315,0.999229,0.999143
24,1,0.999915,0.99983,0.999745,0.999659,0.999574,0.999489,0.999403,0.999318,0.999232,0.999146
25,1,0.999915,0.999829,0.999744,0.999658,0.999572,0.999486,0.999401,0.999315,0.999229,0.999143
26,1,0.999915,0.999829,0.999744,0.999658,0.999572,0.999486,0.999401,0.999315,0.999229,0.999143
27,1,0.999915,0.99983,0.999745,0.999659,0.999574,0.999489,0.999403,0.999318,0.999232,0.999146
28,1,0.999915,0.999829,0.999744,0.999658,0.999573,0.999487,0.999401,0.999315,0.999229,0.999143
29,1,0.999919,0.999837,0.999755,0.999674,0.999592,0.99951,0.999428,0.999346,0.999263,0.999181
30,1,0.999888,0.999776,0.999663,0.999551,0.999438,0.999325,0.999212,0.999099,0.998985,0.998872
31,1,0.999889,0.999779,0.999668,0.999557,0.999446,0.999334,0.999223,0.999111,0.999,0.998888
32,1,0.99992,0.999839,0.999758,0.999678,0.999597,0.999516,0.999435,0.999354,0.999273,0.999191
33,1,0.999915,0.99983,0.999745,0.999659,0.999574,0.999489,0.999403,0.999318,0.999232,0.999146
34,1,0.999915,0.99983,0.999745,0.999659,0.999574,0.999488,0.999403,0.999317,0.999232,0.999146
35,1,0.999914,0.999829,0.999743,0.999657,0.999571,0.999485,0.999399,0.999313,0.999227,0.999141
36,1,0.999914,0.999829,0.999743,0.999657,0.999571,0.999485,0.999399,0.999313,0.999227,0.999141
37,1,0.999915,0.99983,0.999745,0.999659,0.999574,0.999488,0.999403,0.999317,0.999232,0.999146
38,1,0.999915,0.99983,0.999745,0.999659,0.999574,0.999489,0.999403,0.999318,0.999232,0.999146
39,1,0.99992,0.999839,0.999758,0.999678,0.999597,0.999516,0.999435,0.999354,0.999273,0.999191
40,1,0.999889,0.999779,0.999668,0.999557,0.999446,0.999334,0.999223,0.999111,0.999,0.998888
41,1,0.999889,0.999779,0.999668,0.999557,0.999446,0.999335,0.999223,0.999112,0.999,0.998888
42,1,0.999919,0.999839,0.999758,0.999677,0.999596,0.999515,0.999434,0.999353,0.999272,0.99919
43,1,0.999915,0.999829,0.999744,0.999658,0.999572,0.999486,0.999401,0.999315,0.999229,0.999143
44,1,0.999914,0.999829,0.999743,0.999657,0.999571,0.999485,0.999399,0.999313,0.999227,0.999141
45,1,0.999914,0.999827,0.999741,0.999655,0.999568,0.999481,0.999395,0.999308,0.999221,0.999135
46,1,0.999914,0.999827,0.999741,0.999655,0.999568,0.999481,0.999395,0.999308,0.999221,0.999135
47,1,0.999914,0.999829,0.999743,0.999657,0.999571,0.999485,0.999399,0.999313,0.999227,0.999141
48,1,0.999915,0.999829,0.999744,0.999658,0.999572,0.999486,0.999401,0.999315,0.999229,0.999143
49,1,0.999919,0.999839,0.999758,0.999677,0.999596,0.999515,0.999434,0.999353,0.999272,0.99919
50,1,0.999889,0.999779,0.999668,0.999557,0.999446,0.999335,0.999223,0.999112,0.999,0.998888
51,1,0.999889,0.999779,0.999668,0.999557,0.999446,0.999335,0.999223,0.999112,0.999,0.998888
52,1,0.999919,0.999839,0.999758,0.999677,0.999596,0.999515,0.999434,0.999353,0.999272,0.99919
53,1,0.999915,0.999829,0.999744,0.999658,0.999572,0.999486,0.999401,0.999315,0.999229,0.999143
54,1,0.999914,0.999829,0.999743,0.999657,0.999571,0.999485,0.999399,0.999313,0.999227,0.999141
55,1,0.999914,0.999827,0.999741,0.999655,0.999568,0.999481,0.999395,0.999308,0.999221,0.999135
56,1,0.999914,0.999827,0.999741,0.999655,0.999568,0.999481,0.999395,0.999308,0.999221,0.999135
57,1,0.999914,0.999829,0.999743,0.999657,0.999571,0.999485,0.999399,0.999313,0.999227,0.999141
58,1,0.999915,0.999829,0.999744,0.999658,0.999572,0.999486,0.999401,0.999315,0.999229,0.999143
59,1,0.999919,0.999839,0.999758,0.999677,0.999596,0.999515,0.999434,0.999353,0.999272,0.99919
60,1,0.999889,0.999779,0.999668,0.999557,0.999446,0.999335,0.999223,0.999112,0.999,0.998888
61,1,0.999889,0.999779,0.999668,0.999557,0.999446,0.999334,0.999223,0.999111,0.999,0.998888
62,1,0.99992,0.999839,0.999758,0.999678,0.999597,0.999516,0.999435,0.999354,0.999273,0.999191
63,1,0.999915,0.99983,0.999745,0.999659,0.999574,0.999489,0.999403,0.999318,0.999232,0.999146
64,1,0.999915,0.99983,0.999745,0.999659,0.999574,0.999488,0.999403,0.999317,0.999232,0.999146
65,1,0.999914,0.999829,0.999743,0.999657,0.999571,0.999485,0.999399,0.999313,0.999227,0.999141
66,1,0.999914,0.999829,0.999743,0.999657,0.999571,0.999485,0.999399,0.999313,0.999227,0.999141
67,1,0.999915,0.99983,0.999745,0.999659,0.999574,0.999488,0.999403,0.999317,0.999232,0.999146
68,1,0.999915,0.99983,0.999745,0.999659,0.999574,0.999489,0.999403,0.999318,0.999232,0.999146
69,1,0.99992,0.999839,0.999758,0.999678,0.999597,0.999516,0.999435,0.999354,0.999273,0.999191
70,1,0.999889,0.999779,0.999668,0.999557,0.999446,0.999334,0.999223,0.999111,0.999,0.998888
71,1,0.999888,0.999776,0.999663,0.999551,0.999438,0.999325,0.999212,0.999099,0.998985,0.998872
72,1,0.999919,0.999837,0.999755,0.999674,0.999592,0.99951,0.999428,0.999346,0.999263,0.999181
73,1,0.999915,0.999829,0.999744,0.999658,0.999573,0.999487,0.999401,0.999315,0.999229,0.999143
74,1,0.999915,0.99983,0.999745,0.999659,0.999574,0.999489,0.999403,0.999318,0.999232,0.999146
75,1,0.999915,0.999829,0.999744,0.999658,0.999572,0.999486,0.999401,0.999315,0.999229,0.999143
76,1,0.999915,0.999829,0.999744,0.999658,0.999572,0.999486,0.999401,0.999315,0.999229,0.999143
77,1,0.999915,0.99983,0.999745,0.999659,0.999574,0.999489,0.999403,0.999318,0.999232,0.999146
78,1,0.999915,0.999829,0.999744,0.999658,0.999573,0.999487,0.999401,0.999315,0.999229,0.999143
79,1,0.999919,0.999837,0.999755,0.999674,0.999592,0.99951,0.999428,0.999346,0.999263,0.999181
80,1,0.999888,0.999776,0.999663,0.999551,0.999438,0.999325,0.999212,0.999099,0.998985,0.998872
81,1,0.999889,0.999778,0.999667,0.999556,0.999445,0.999333,0.999222,0.99911,0.998998,0.998886
82,1,0.999922,0.999845,0.999767,0.999689,0.999611,0.999533,0.999455,0.999377,0.999298,0.99922
83,1,0.999919,0.999837,0.999755,0.999674,0.999592,0.99951,0.999428,0.999346,0.999263,0.999181
84,1,0.99992,0.999839,0.999758,0.999678,0.999597,0.999516,0.999435,0.999354,0.999273,0.999191
85,1,0.999919,0.999839,0.999758,0.999677,0.999596,0.999515,0.999434,0.999353,0.999272,0.99919
86,1,0.999919,0.999839,0.999758,0.999677,0.999596,0.999515,0.999434,0.999353,0.999272,0.99919
87,1,0.99992,0.999839,0.999758,0.999678,0.999597,0.999516,0.999435,0.999354,0.999273,0.999191
88,1,0.999919,0.999837,0.999755,0.999674,0.999592,0.99951,0.999428,0.999346,0.999263,0.999181
89,1,0.999922,0.999845,0.999767,0.999689,0.999611,0.999533,0.999455,0.999377,0.999298,0.99922
90,1,0.999889,0.999778,0.999667,0.999556,0.999445,0.999333,0.999222,0.99911,0.998998,0.998886
91,1,0.999859,0.999718,0.999576,0.999434,0.999292,0.99915,0.999008,0.998865,0.998722,0.998579
92,1,0.999889,0.999778,0.999667,0.999556,0.999445,0.999333,0.999222,0.99911,0.998998,0.998886
93,1,0.999888,0.999776,0.999663,0.999551,0.999438,0.999325,0.999212,0.999099,0.998985,0.998872
94,1,0.999889,0.999779,0.999668,0.999557,0.999446,0.999334,0.999223,0.999111,0.999,0.998888
95,1,0.999889,0.999779,0.999668,0.999557,0.999446,0.999335,0.999223,0.999112,0.999,0.998888
96,1,0.999889,0.999779,0.999668,0.999557,0.999446,0.999335,0.999223,0.999112,0.999,0.998888
97,1,0.999889,0.999779,0.999668,0.999557,0.999446,0.999334,0.999223,0.999111,0.999,0.998888
98,1,0.999888,0.999776,0.999663,0.999551,0.999438,0.999325,0.999212,0.999099,0.998985,0.998872
99,1,0.999889,0.999778,0.999667,0.999556,0.999445,0.999333,0.999222,0.99911,0.998998,0.998886
100,1,0.999859,0.999718,0.999576,0.999434,0.999292,0.99915,0.999008,0.998865,0.998722,0.998579
101,1,0.999954,0.999907,0.999861,0.999814,0.999768,0.999721,0.999674,0.999627,0.99958,0.999533
102,1,0.99994,0.999879,0.999819,0.999758,0.999697,0.999636,0.999575,0.999514,0.999453,0.999391
103,1,0.999944,0.999888,0.999832,0.999776,0.99972,0.999664,0.999608,0.999551,0.999495,0.999438
104,1,0.999945,0.999889,0.999834,0.999778,0.999723,0.999667,0.999611,0.999555,0.999499,0.999443
105,1,0.999945,0.999891,0.999836,0.999781,0.999726,0.999671,0.999615,0.99956,0.999505,0.999449
106,1,0.999945,0.999891,0.999836,0.999781,0.999726,0.999671,0.999615,0.99956,0.999505,0.999449
107,1,0.999945,0.999889,0.999834,0.999778,0.999723,0.999667,0.999611,0.999555,0.999499,0.999443
108,1,0.999944,0.999888,0.999832,0.999776,0.99972,0.999664,0.999608,0.999551,0.999495,0.999438
109,1,0.99994,0.999879,0.999819,0.999758,0.999697,0.999636,0.999575,0.999514,0.999453,0.999391
110,1,0.999954,0.999907,0.999861,0.999814,0.999768,0.999721,0.999674,0.999627,0.99958,0.999533
111,1,0.99994,0.999879,0.999819,0.999758,0.999697,0.999636,0.999575,0.999514,0.999453,0.999391
112,1,0.999927,0.999854,0.999781,0.999707,0.999634,0.99956,0.999487,0.999413,0.999339,0.999265
113,1,0.999929,0.999857,0.999785,0.999714,0.999642,0.99957,0.999498,0.999426,0.999353,0.999281
114,1,0.999927,0.999855,0.999782,0.999709,0.999636,0.999563,0.999489,0.999416,0.999343,0.999269
115,1,0.999927,0.999855,0.999782,0.999709,0.999636,0.999562,0.999489,0.999416,0.999342,0.999269
116,1,0.999927,0.999855,0.999782,0.999709,0.999636,0.999562,0.999489,0.999416,0.999342,0.999269
117,1,0.999927,0.999855,0.999782,0.999709,0.999636,0.999563,0.999489,0.999416,0.999343,0.999269
118,1,0.999929,0.999857,0.999785,0.999714,0.999642,0.99957,0.999498,0.999426,0.999353,0.999281
119,1,0.999927,0.999854,0.999781,0.999707,0.999634,0.99956,0.999487,0.999413,0.999339,0.999265
120,1,0.99994,0.999879,0.999819,0.999758,0.999697,0.999636,0.999575,0.999514,0.999453,0.999391
121,1,0.999944,0.999888,0.999832,0.999776,0.99972,0.999664,0.999608,0.999551,0.999495,0.999438
122,1,0.999929,0.999857,0.999785,0.999714,0.999642,0.99957,0.999498,0.999426,0.999353,0.999281
123,1,0.99993,0.99986,0.99979,0.99972,0.99965,0.99958,0.99951,0.999439,0.999369,0.999298
124,1,0.999928,0.999857,0.999785,0.999713,0.999641,0.999569,0.999497,0.999425,0.999352,0.99928
125,1,0.999928,0.999856,0.999784,0.999712,0.999639,0.999567,0.999495,0.999422,0.999349,0.999277
126,1,0.999928,0.999856,0.999784,0.999712,0.999639,0.999567,0.999495,0.999422,0.999349,0.999277
127,1,0.999928,0.999857,0.999785,0.999713,0.999641,0.999569,0.999497,0.999425,0.999352,0.99928
128,1,0.99993,0.99986,0.99979,0.99972,0.99965,0.99958,0.99951,0.999439,0.999369,0.999298
129,1,0.999929,0.999857,0.999785,0.999714,0.999642,0.99957,0.999498,0.999426,0.999353,0.999281
130,1,0.999944,0.999888,0.999832,0.999776,0.99972,0.999664,0.999608,0.999551,0.999495,0.999438
131,1,0.999945,0.999889,0.999834,0.999778,0.999723,0.999667,0.999611,0.999555,0.999499,0.999443
132,1,0.999927,0.999855,0.999782,0.999709,0.999636,0.999563,0.999489,0.999416,0.999343,0.999269
133,1,0.999928,0.999857,0.999785,0.999713,0.999641,0.999569,0.999497,0.999425,0.999352,0.99928
134,1,0.999926,0.999852,0.999778,0.999704,0.99963,0.999556,0.999482,0.999407,0.999333,0.999258
135,1,0.999926,0.999851,0.999777,0.999702,0.999627,0.999553,0.999478,0.999403,0.999328,0.999253
136,1,0.999926,0.999851,0.999777,0.999702,0.999627,0.999553,0.999478,0.999403,0.999328,0.999253
137,1,0.999926,0.999852,0.999778,0.999704,0.99963,0.999556,0.999482,0.999407,0.999333,0.999258
138,1,0.999928,0.999857,0.999785,0.999713,0.999641,0.999569,0.999497,0.999425,0.999352,0.99928
139,1,0.999927,0.999855,0.999782,0.999709,0.999636,0.999563,0.999489,0.999416,0.999343,0.999269
140,1,0.999945,0.999889,0.999834,0.999778,0.999723,0.999667,0.999611,0.999555,0.999499,0.999443
141,1,0.999945,0.999891,0.999836,0.999781,0.999726,0.999671,0.999615,0.99956,0.999505,0.999449
142,1,0.999927,0.999855,0.999782,0.999709,0.999636,0.999562,0.999489,0.999416,0.999342,0.999269
143,1,0.999928,0.999856,0.999784,0.999712,0.999639,0.999567,0.999495,0.999422,0.999349,0.999277
144,1,0.999926,0.999851,0.999777,0.999702,0.999627,0.999553,0.999478,0.999403,0.999328,0.999253
145,1,0.999925,0.99985,0.999775,0.999699,0.999624,0.999549,0.999473,0.999398,0.999322,0.999247
146,1,0.999925,0.99985,0.999775,0.999699,0.999624,0.999549,0.999473,0.999398,0.999322,0.999247
147,1,0.999926,0.999851,0.999777,0.999702,0.999627,0.999553,0.999478,0.999403,0.999328,0.999253
148,1,0.999928,0.999856,0.999784,0.999712,0.999639,0.999567,0.999495,0.999422,0.999349,0.999277
149,1,0.999927,0.999855,0.999782,0.999709,0.999636,0.999562,0.999489,0.999416,0.999342,0.999269
150,1,0.999945,0.999891,0.999836,0.999781,0.999726,0.999671,0.999615,0.99956,0.999505,0.999449
151,1,0.999945,0.999891,0.999836,0.999781,0.999726,0.999671,0.999615,0.99956,0.999505,0.999449
152,1,0.999927,0.999855,0.999782,0.999709,0.999636,0.999562,0.999489,0.999416,0.999342,0.999269
153,1,0.999928,0.999856,0.999784,0.999712,0.999639,0.999567,0.999495,0.999422,0.999349,0.999277
154,1,0.999926,0.999851,0.999777,0.999702,0.999627,0.999553,0.999478,0.999403,0.999328,0.999253
155,1,0.999925,0.99985,0.999775,0.999699,0.999624,0.999549,0.999473,0.999398,0.999322,0.999247
156,1,0.999925,0.99985,0.999775,0.999699,0.999624,0.999549,0.999473,0.999398,0.999322,0.999247
157,1,0.999926,0.999851,0.999777,0.999702,0.999627,0.999553,0.999478,0.999403,0.999328,0.999253
158,1,0.999928,0.999856,0.999784,0.999712,0.999639,0.999567,0.999495,0.999422,0.999349,0.999277
159,1,0.999927,0.999855,0.999782,0.999709,0.999636,0.999562,0.999489,0.999416,0.999342,0.999269
160,1,0.999945,0.999891,0.999836,0.999781,0.999726,0.999671,0.999615,0.99956,0.999505,0.999449
161,1,0.999945,0.999889,0.999834,0.999778,0.999723,0.999667,0.999611,0.999555,0.999499,0.999443
162,1,0.999927,0.999855,0.999782,0.999709,0.999636,0.999563,0.999489,0.999416,0.999343,0.999269
163,1,0.999928,0.999857,0.999785,0.999713,0.999641,0.999569,0.999497,0.999425,0.999352,0.99928
164,1,0.999926,0.999852,0.999778,0.999704,0.99963,0.999556,0.999482,0.999407,0.999333,0.999258
165,1,0.999926,0.999851,0.999777,0.999702,0.999627,0.999553,0.999478,0.999403,0.999328,0.999253
166,1,0.999926,0.999851,0.999777,0.999702,0.999627,0.999553,0.999478,0.999403,0.999328,0.999253
167,1,0.999926,0.999852,0.999778,0.999704,0.99963,0.999556,0.999482,0.999407,0.999333,0.999258
168,1,0.999928,0.999857,0.999785,0.999713,0.999641,0.999569,0.999497,0.999425,0.999352,0.99928
169,1,0.999927,0.999855,0.999782,0.999709,0.999636,0.999563,0.999489,0.999416,0.999343,0.999269
170,1,0.999945,0.999889,0.999834,0.999778,0.999723,0.999667,0.999611,0.999555,0.999499,0.999443
171,1,0.999944,0.999888,0.999832,0.999776,0.99972,0.999664,0.999608,0.999551,0.999495,0.999438
172,1,0.999929,0.999857,0.999785,0.999714,0.999642,0.99957,0.999498,0.999426,0.999353,0.999281
173,1,0.99993,0.99986,0.99979,0.99972,0.99965,0.99958,0.99951,0.999439,0.999369,0.999298
174,1,0.999928,0.999857,0.999785,0.999713,0.999641,0.999569,0.999497,0.999425,0.999352,0.99928
175,1,0.999928,0.999856,0.999784,0.999712,0.999639,0.999567,0.999495,0.999422,0.999349,0.999277
176,1,0.999928,0.999856,0.999784,0.999712,0.999639,0.999567,0.999495,0.999422,0.999349,0.999277
177,1,0.999928,0.999857,0.999785,0.999713,0.999641,0.999569,0.999497,0.999425,0.999352,0.99928
178,1,0.99993,0.99986,0.99979,0.99972,0.99965,0.99958,0.99951,0.999439,0.999369,0.999298
179,1,0.999929,0.999857,0.999785,0.999714,0.999642,0.99957,0.999498,0.999426,0.999353,0.999281
180,1,0.999944,0.999888,0.999832,0.999776,0.99972,0.999664,0.999608,0.999551,0.999495,0.999438
181,1,0.99994,0.999879,0.999819,0.999758,0.999697,0.999636,0.999575,0.999514,0.999453,0.999391
182,1,0.999927,0.999854,0.999781,0.999707,0.999634,0.99956,0.999487,0.999413,0.999339,0.999265
183,1,0.999929,0.999857,0.999785,0.999714,0.999642,0.99957,0.999498,0.999426,0.999353,0.999281
184,1,0.999927,0.999855,0.999782,0.999709,0.999636,0.999563,0.999489,0.999416,0.999343,0.999269
185,1,0.999927,0.999855,0.999782,0.999709,0.999636,0.999562,0.999489,0.999416,0.999342,0.999269
186,1,0.999927,0.999855,0.999782,0.999709,0.999636,0.999562,0.999489,0.999416,0.999342,0.999269
187,1,0.999927,0.999855,0.999782,0.999709,0.999636,0.999563,0.999489,0.999416,0.999343,0.999269
188,1,0.999929,0.999857,0.999785,0.999714,0.999642,0.99957,0.999498,0.999426,0.999353,0.999281
189,1,0.999927,0.999854,0.999781,0.999707,0.999634,0.99956,0.999487,0.999413,0.999339,0.999265
190,1,0.99994,0.999879,0.999819,0.999758,0.999697,0.999636,0.999575,0.999514,0.999453,0.999391
191,1,0.999954,0.999907,0.999861,0.999814,0.999768,0.999721,0.999674,0.999627,0.99958,0.999533
192,1,0.99994,0.999879,0.999819,0.999758,0.999697,0.999636,0.999575,0.999514,0.999453,0.999391
193,1,0.999944,0.999888,0.999832,0.999776,0.99972,0.999664,0.999608,0.999551,0.999495,0.999438
194,1,0.999945,0.999889,0.999834,0.999778,0.999723,0.999667,0.999611,0.999555,0.999499,0.999443
195,1,0.999945,0.999891,0.999836,0.999781,0.999726,0.999671,0.999615,0.99956,0.999505,0.999449
196,1,0.999945,0.999891,0.999836,0.999781,0.999726,0.999671,0.999615,0.99956,0.999505,0.999449
197,1,0.999945,0.999889,0.999834,0.999778,0.999723,0.999667,0.999611,0.999555,0.999499,0.999443
198,1,0.999944,0.999888,0.999832,0.999776,0.99972,0.999664,0.999608,0.999551,0.999495,0.999438
199,1,0.99994,0.999879,0.999819,0.999758,0.999697,0.999636,0.999575,0.999514,0.999453,0.999391
200,1,0.999954,0.999907,0.999861,0.999814,0.999768,0.999721,0.999674,0.999627,0.99958,0.999533
201,1,0.999965,0.999929,0.999893,0.999858,0.999822,0.999786,0.99975,0.999714,0.999678,0.999642
202,1,0.999958,0.999916,0.999874,0.999831,0.999789,0.999746,0.999704,0.999661,0.999618,0.999576
203,1,0.999955,0.999909,0.999864,0.999819,0.999773,0.999727,0.999682,0.999636,0.99959,0.999544
204,1,0.999955,0.999909,0.999864,0.999819,0.999773,0.999727,0.999682,0.999636,0.99959,0.999544
205,1,0.999955,0.999909,0.999864,0.999818,0.999772,0.999727,0.999681,0.999635,0.999589,0.999543
206,1,0.999955,0.999909,0.999864,0.999818,0.999772,0.999727,0.999681,0.999635,0.999589,0.999543
207,1,0.999955,0.999909,0.999864,0.999819,0.999773,0.999727,0.999682,0.999636,0.99959,0.999544
208,1,0.999955,0.999909,0.999864,0.999819,0.999773,0.999727,0.999682,0.999636,0.99959,0.999544
209,1,0.999958,0.999916,0.999874,0.999831,0.999789,0.999746,0.999704,0.999661,0.999618,0.999576
210,1,0.999965,0.999929,0.999893,0.999858,0.999822,0.999786,0.99975,0.999714,0.999678,0.999642
211,1,0.999958,0.999916,0.999874,0.999831,0.999789,0.999746,0.999704,0.999661,0.999618,0.999576
212,1,0.999949,0.999898,0.999847,0.999796,0.999744,0.999693,0.999642,0.99959,0.999538,0.999487
213,1,0.999946,0.999891,0.999837,0.999782,0.999727,0.999672,0.999618,0.999563,0.999507,0.999452
214,1,0.999945,0.99989,0.999834,0.999779,0.999723,0.999668,0.999612,0.999556,0.9995,0.999444
215,1,0.999944,0.999889,0.999833,0.999777,0.999721,0.999665,0.999609,0.999552,0.999496,0.999439
216,1,0.999944,0.999889,0.999833,0.999777,0.999721,0.999665,0.999609,0.999552,0.999496,0.999439
217,1,0.999945,0.99989,0.999834,0.999779,0.999723,0.999668,0.999612,0.999556,0.9995,0.999444
218,1,0.999946,0.999891,0.999837,0.999782,0.999727,0.999672,0.999618,0.999563,0.999507,0.999452
219,1,0.999949,0.999898,0.999847,0.999796,0.999744,0.999693,0.999642,0.99959,0.999538,0.999487
220,1,0.999958,0.999916,0.999874,0.999831,0.999789,0.999746,0.999704,0.999661,0.999618,0.999576
221,1,0.999955,0.999909,0.999864,0.999819,0.999773,0.999727,0.999682,0.999636,0.99959,0.999544
222,1,0.999946,0.999891,0.999837,0.999782,0.999727,0.999672,0.999618,0.999563,0.999507,0.999452
223,1,0.99994,0.99988,0.99982,0.99976,0.9997,0.99964,0.99958,0.999519,0.999459,0.999398
224,1,0.999939,0.999878,0.999816,0.999755,0.999693,0.999632,0.99957,0.999508,0.999446,0.999384
225,1,0.999938,0.999876,0.999814,0.999751,0.999689,0.999626,0.999564,0.999501,0.999438,0.999375
226,1,0.999938,0.999876,0.999814,0.999751,0.999689,0.999626,0.999564,0.999501,0.999438,0.999375
227,1,0.999939,0.999878,0.999816,0.999755,0.999693,0.999632,0.99957,0.999508,0.999446,0.999384
228,1,0.99994,0.99988,0.99982,0.99976,0.9997,0.99964,0.99958,0.999519,0.999459,0.999398
229,1,0.999946,0.999891,0.999837,0.999782,0.999727,0.999672,0.999618,0.999563,0.999507,0.999452
230,1,0.999955,0.999909,0.999864,0.999819,0.999773,0.999727,0.999682,0.999636,0.99959,0.999544
231,1,0.999955,0.999909,0.999864,0.999819,0.999773,0.999727,0.999682,0.999636,0.99959,0.999544
232,1,0.999945,0.99989,0.999834,0.999779,0.999723,0.999668,0.999612,0.999556,0.9995,0.999444
233,1,0.999939,0.999878,0.999816,0.999755,0.999693,0.999632,0.99957,0.999508,0.999446,0.999384
234,1,0.999937,0.999874,0.999811,0.999748,0.999685,0.999621,0.999558,0.999494,0.999431,0.999367
235,1,0.999936,0.999872,0.999808,0.999744,0.999679,0.999615,0.999551,0.999486,0.999421,0.999357
236,1,0.999936,0.999872,0.999808,0.999744,0.999679,0.999615,0.999551,0.999486,0.999421,0.999357
237,1,0.999937,0.999874,0.999811,0.999748,0.999685,0.999621,0.999558,0.999494,0.999431,0.999367
238,1,0.999939,0.999878,0.999816,0.999755,0.999693,0.999632,0.99957,0.999508,0.999446,0.999384
239,1,0.999945,0.99989,0.999834,0.999779,0.999723,0.999668,0.999612,0.999556,0.9995,0.999444
240,1,0.999955,0.999909,0.999864,0.999819,0.999773,0.999727,0.999682,0.999636,0.99959,0.999544
241,1,0.999955,0.999909,0.999864,0.999818,0.999772,0.999727,0.999681,0.999635,0.999589,0.999543
242,1,0.999944,0.999889,0.999833,0.999777,0.999721,0.999665,0.999609,0.999552,0.999496,0.999439
243,1,0.999938,0.999876,0.999814,0.999751,0.999689,0.999626,0.999564,0.999501,0.999438,0.999375
244,1,0.999936,0.999872,0.999808,0.999744,0.999679,0.999615,0.999551,0.999486,0.999421,0.999357
245,1,0.999935,0.99987,0.999804,0.999739,0.999674,0.999608,0.999543,0.999477,0.999411,0.999345
246,1,0.999935,0.99987,0.999804,0.999739,0.999674,0.999608,0.999543,0.999477,0.999411,0.999345
247,1,0.999936,0.999872,0.999808,0.999744,0.999679,0.999615,0.999551,0.999486,0.999421,0.999357
248,1,0.999938,0.999876,0.999814,0.999751,0.999689,0.999626,0.999564,0.999501,0.999438,0.999375
249,1,0.999944,0.999889,0.999833,0.999777,0.999721,0.999665,0.999609,0.999552,0.999496,0.999439
250,1,0.999955,0.999909,0.999864,0.999818,0.999772,0.999727,0.999681,0.999635,0.999589,0.999543
251,1,0.999955,0.999909,0.999864,0.999818,0.999772,0.999727,0.999681,0.999635,0.999589,0.999543
252,1,0.999944,0.999889,0.999833,0.999777,0.999721,0.999665,0.999609,0.999552,0.999496,0.999439
253,1,0.999938,0.999876,0.999814,0.999751,0.999689,0.999626,0.999564,0.999501,0.999438,0.999375
254,1,0.999936,0.999872,0.999808,0.999744,0.999679,0.999615,0.999551,0.999486,0.999421,0.999357
255,1,0.999935,0.99987,0.999804,0.999739,0.999674,0.999608,0.999543,0.999477,0.999411,0.999345
256,1,0.999935,0.99987,0.999804,0.999739,0.999674,0.999608,0.999543,0.999477,0.999411,0.999345
257,1,0.999936,0.999872,0.999808,0.999744,0.999679,0.999615,0.999551,0.999486,0.999421,0.999357
258,1,0.999938,0.999876,0.999814,0.999751,0.999689,0.999626,0.999564,0.999501,0.999438,0.999375
259,1,0.999944,0.999889,0.999833,0.999777,0.999721,0.999665,0.999609,0.999552,0.999496,0.999439
260,1,0.999955,0.999909,0.999864,0.999818,0.999772,0.999727,0.999681,0.999635,0.999589,0.999543
261,1,0.999955,0.999909,0.999864,0.999819,0.999773,0.999727,0.999682,0.999636,0.99959,0.999544
262,1,0.999945,0.99989,0.999834,0.999779,0.999723,0.999668,0.999612,0.999556,0.9995,0.999444
263,1,0.999939,0.999878,0.999816,0.999755,0.999693,0.999632,0.99957,0.999508,0.999446,0.999384
264,1,0.999937,0.999874,0.999811,0.999748,0.999685,0.999621,0.999558,0.999494,0.999431,0.999367
265,1,0.999936,0.999872,0.999808,0.999744,0.999679,0.999615,0.999551,0.999486,0.999421,0.999357
266,1,0.999936,0.999872,0.999808,0.999744,0.999679,0.999615,0.999551,0.999486,0.999421,0.999357
267,1,0.999937,0.999874,0.999811,0.999748,0.999685,0.999621,0.999558,0.999494,0.999431,0.999367
268,1,0.999939,0.999878,0.999816,0.999755,0.999693,0.999632,0.99957,0.999508,0.999446,0.999384
269,1,0.999945,0.99989,0.999834,0.999779,0.999723,0.999668,0.999612,0.999556,0.9995,0.999444
270,1,0.999955,0.999909,0.999864,0.999819,0.999773,0.999727,0.999682,0.999636,0.99959,0.999544
271,1,0.999955,0.999909,0.999864,0.999819,0.999773,0.999727,0.999682,0.999636,0.99959,0.999544
272,1,0.999946,0.999891,0.999837,0.999782,0.999727,0.999672,0.999618,0.999563,0.999507,0.999452
273,1,0.99994,0.99988,0.99982,0.99976,0.9997,0.99964,0.99958,0.999519,0.999459,0.999398
274,1,0.999939,0.999878,0.999816,0.999755,0.999693,0.999632,0.99957,0.999508,0.999446,0.999384
275,1,0.999938,0.999876,0.999814,0.999751,0.999689,0.999626,0.999564,0.999501,0.999438,0.999375
276,1,0.999938,0.999876,0.999814,0.999751,0.999689,0.999626,0.999564,0.999501,0.999438,0.999375
277,1,0.999939,0.999878,0.999816,0.999755,0.999693,0.999632,0.99957,0.999508,0.999446,0.999384
278,1,0.99994,0.99988,0.99982,0.99976,0.9997,0.99964,0.99958,0.999519,0.999459,0.999398
279,1,0.999946,0.999891,0.999837,0.999782,0.999727,0.999672,0.999618,0.999563,0.999507,0.999452
280,1,0.999955,0.999909,0.999864,0.999819,0.999773,0.999727,0.999682,0.999636,0.99959,0.999544
281,1,0.999958,0.999916,0.999874,0.999831,0.999789,0.999746,0.999704,0.999661,0.999618,0.999576
282,1,0.999949,0.999898,0.999847,0.999796,0.999744,0.999693,0.999642,0.99959,0.999538,0.999487
283,1,0.999946,0.999891,0.999837,0.999782,0.999727,0.999672,0.999618,0.999563,0.999507,0.999452
284,1,0.999945,0.99989,0.999834,0.999779,0.999723,0.999668,0.999612,0.999556,0.9995,0.999444
285,1,0.999944,0.999889,0.999833,0.999777,0.999721,0.999665,0.999609,0.999552,0.999496,0.999439
286,1,0.999944,0.999889,0.999833,0.999777,0.999721,0.999665,0.999609,0.999552,0.999496,0.999439
287,1,0.999945,0.99989,0.999834,0.999779,0.999723,0.999668,0.999612,0.999556,0.9995,0.999444
288,1,0.999946,0.999891,0.999837,0.999782,0.999727,0.999672,0.999618,0.999563,0.999507,0.999452
289,1,0.999949,0.999898,0.999847,0.999796,0.999744,0.999693,0.999642,0.99959,0.999538,0.999487
290,1,0.999958,0.999916,0.999874,0.999831,0.999789,0.999746,0.999704,0.999661,0.999618,0.999576
291,1,0.999965,0.999929,0.999893,0.999858,0.999822,0.999786,0.99975,0.999714,0.999678,0.999642
292,1,0.999958,0.999916,0.999874,0.999831,0.999789,0.999746,0.999704,0.999661,0.999618,0.999576
293,1,0.999955,0.999909,0.999864,0.999819,0.999773,0.999727,0.999682,0.999636,0.99959,0.999544
294,1,0.999955,0.999909,0.999864,0.999819,0.999773,0.999727,0.999682,0.999636,0.99959,0.999544
295,1,0.999955,0.999909,0.999864,0.999818,0.999772,0.999727,0.999681,0.999635,0.999589,0.999543
296,1,0.999955,0.999909,0.999864,0.999818,0.999772,0.999727,0.999681,0.999635,0.999589,0.999543
297,1,0.999955,0.999909,0.999864,0.999819,0.999773,0.999727,0.999682,0.999636,0.99959,0.999544
298,1,0.999955,0.999909,0.999864,0.999819,0.999773,0.999727,0.999682,0.999636,0.99959,0.999544
299,1,0.999958,0.999916,0.999874,0.999831,0.999789,0.999746,0.999704,0.999661,0.999618,0.999576
300,1,0.999965,0.999929,0.999893,0.999858,0.999822,0.999786,0.99975,0.999714,0.999678,0.999642
301,1,0.999965,0.99993,0.999895,0.99986,0.999825,0.99979,0.999755,0.999719,0.999684,0.999649
302,1,0.999963,0.999926,0.999888,0.999851,0.999814,0.999776,0.999739,0.999701,0.999663,0.999626
303,1,0.99996,0.99992,0.99988,0.99984,0.9998,0.99976,0.99972,0.999679,0.999639,0.999599
304,1,0.999959,0.999918,0.999877,0.999836,0.999795,0.999754,0.999712,0.999671,0.999629,0.999588
305,1,0.999959,0.999917,0.999876,0.999835,0.999793,0.999751,0.99971,0.999668,0.999626,0.999584
306,1,0.999959,0.999917,0.999876,0.999835,0.999793,0.999751,0.99971,0.999668,0.999626,0.999584
307,1,0.999959,0.999918,0.999877,0.999836,0.999795,0.999754,0.999712,0.999671,0.999629,0.999588
308,1,0.99996,0.99992,0.99988,0.99984,0.9998,0.99976,0.99972,0.999679,0.999639,0.999599
309,1,0.999963,0.999926,0.999888,0.999851,0.999814,0.999776,0.999739,0.999701,0.999663,0.999626
310,1,0.999965,0.99993,0.999895,0.99986,0.999825,0.99979,0.999755,0.999719,0.999684,0.999649
311,1,0.999963,0.999926,0.999888,0.999851,0.999814,0.999776,0.999739,0.999701,0.999663,0.999626
312,1,0.999957,0.999913,0.99987,0.999827,0.999783,0.999739,0.999696,0.999652,0.999608,0.999564
313,1,0.999954,0.999907,0.999861,0.999815,0.999768,0.999722,0.999675,0.999628,0.999581,0.999534
314,1,0.999952,0.999904,0.999856,0.999808,0.99976,0.999712,0.999664,0.999615,0.999567,0.999518
315,1,0.999952,0.999903,0.999855,0.999806,0.999757,0.999709,0.99966,0.999611,0.999562,0.999513
316,1,0.999952,0.999903,0.999855,0.999806,0.999757,0.999709,0.99966,0.999611,0.999562,0.999513
317,1,0.999952,0.999904,0.999856,0.999808,0.99976,0.999712,0.999664,0.999615,0.999567,0.999518
318,1,0.999954,0.999907,0.999861,0.999815,0.999768,0.999722,0.999675,0.999628,0.999581,0.999534
319,1,0.999957,0.999913,0.99987,0.999827,0.999783,0.999739,0.999696,0.999652,0.999608,0.999564
320,1,0.999963,0.999926,0.999888,0.999851,0.999814,0.999776,0.999739,0.999701,0.999663,0.999626
321,1,0.99996,0.99992,0.99988,0.99984,0.9998,0.99976,0.99972,0.999679,0.999639,0.999599
322,1,0.999954,0.999907,0.999861,0.999815,0.999768,0.999722,0.999675,0.999628,0.999581,0.999534
323,1,0.99995,0.9999,0.99985,0.999799,0.999749,0.999698,0.999648,0.999597,0.999546,0.999495
324,1,0.999948,0.999896,0.999843,0.999791,0.999738,0.999685,0.999633,0.99958,0.999527,0.999474
325,1,0.999947,0.999894,0.999841,0.999788,0.999734,0.999681,0.999627,0.999574,0.99952,0.999466
326,1,0.999947,0.999894,0.999841,0.999788,0.999734,0.999681,0.999627,0.999574,0.99952,0.999466
327,1,0.999948,0.999896,0.999843,0.999791,0.999738,0.999685,0.999633,0.99958,0.999527,0.999474
328,1,0.99995,0.9999,0.99985,0.999799,0.999749,0.999698,0.999648,0.999597,0.999546,0.999495
329,1,0.999954,0.999907,0.999861,0.999815,0.999768,0.999722,0.999675,0.999628,0.999581,0.999534
330,1,0.99996,0.99992,0.99988,0.99984,0.9998,0.99976,0.99972,0.999679,0.999639,0.999599
331,1,0.999959,0.999918,0.999877,0.999836,0.999795,0.999754,0.999712,0.999671,0.999629,0.999588
332,1,0.999952,0.999904,0.999856,0.999808,0.99976,0.999712,0.999664,0.999615,0.999567,0.999518
333,1,0.999948,0.999896,0.999843,0.999791,0.999738,0.999685,0.999633,0.99958,0.999527,0.999474
334,1,0.999945,0.99989,0.999835,0.99978,0.999725,0.99967,0.999615,0.999559,0.999504,0.999448
335,1,0.999944,0.999888,0.999833,0.999776,0.99972,0.999664,0.999608,0.999551,0.999495,0.999438
336,1,0.999944,0.999888,0.999833,0.999776,0.99972,0.999664,0.999608,0.999551,0.999495,0.999438
337,1,0.999945,0.99989,0.999835,0.99978,0.999725,0.99967,0.999615,0.999559,0.999504,0.999448
338,1,0.999948,0.999896,0.999843,0.999791,0.999738,0.999685,0.999633,0.99958,0.999527,0.999474
339,1,0.999952,0.999904,0.999856,0.999808,0.99976,0.999712,0.999664,0.999615,0.999567,0.999518
340,1,0.999959,0.999918,0.999877,0.999836,0.999795,0.999754,0.999712,0.999671,0.999629,0.999588
341,1,0.999959,0.999917,0.999876,0.999835,0.999793,0.999751,0.99971,0.999668,0.999626,0.999584
342,1,0.999952,0.999903,0.999855,0.999806,0.999757,0.999709,0.99966,0.999611,0.999562,0.999513
343,1,0.999947,0.999894,0.999841,0.999788,0.999734,0.999681,0.999627,0.999574,0.99952,0.999466
344,1,0.999944,0.999888,0.999833,0.999776,0.99972,0.999664,0.999608,0.999551,0.999495,0.999438
345,1,0.999943,0.999886,0.999829,0.999772,0.999715,0.999658,0.999601,0.999543,0.999486,0.999428
346,1,0.999943,0.999886,0.999829,0.999772,0.999715,0.999658,0.999601,0.999543,0.999486,0.999428
347,1,0.999944,0.999888,0.999833,0.999776,0.99972,0.999664,0.999608,0.999551,0.999495,0.999438
348,1,0.999947,0.999894,0.999841,0.999788,0.999734,0.999681,0.999627,0.999574,0.99952,0.999466
349,1,0.999952,0.999903,0.999855,0.999806,0.999757,0.999709,0.99966,0.999611,0.999562,0.999513
350,1,0.999959,0.999917,0.999876,0.999835,0.999793,0.999751,0.99971,0.999668,0.999626,0.999584
351,1,0.999959,0.999917,0.999876,0.999835,0.999793,0.999751,0.99971,0.999668,0.999626,0.999584
352,1,0.999952,0.999903,0.999855,0.999806,0.999757,0.999709,0.99966,0.999611,0.999562,0.999513
353,1,0.999947,0.999894,0.999841,0.999788,0.999734,0.999681,0.999627,0.999574,0.99952,0.999466
354,1,0.999944,0.999888,0.999833,0.999776,0.99972,0.999664,0.999608,0.999551,0.999495,0.999438
355,1,0.999943,0.999886,0.999829,0.999772,0.999715,0.999658,0.999601,0.999543,0.999486,0.999428
356,1,0.999943,0.999886,0.999829,0.999772,0.999715,0.999658,0.999601,0.999543,0.999486,0.999428
357,1,0.999944,0.999888,0.999833,0.999776,0.99972,0.999664,0.999608,0.999551,0.999495,0.999438
358,1,0.999947,0.999894,0.999841,0.999788,0.999734,0.999681,0.999627,0.999574,0.99952,0.999466
359,1,0.999952,0.999903,0.999855,0.999806,0.999757,0.999709,0.99966,0.999611,0.999562,0.999513
360,1,0.999959,0.999917,0.999876,0.999835,0.999793,0.999751,0.99971,0.999668,0.999626,0.999584
361,1,0.999959,0.999918,0.999877,0.999836,0.999795,0.999754,0.999712,0.999671,0.999629,0.999588
362,1,0.999952,0.999904,0.999856,0.999808,0.99976,0.999712,0.999664,0.999615,0.999567,0.999518
363,1,0.999948,0.999896,0.999843,0.999791,0.999738,0.999685,0.999633,0.99958,0.999527,0.999474
364,1,0.999945,0.99989,0.999835,0.99978,0.999725,0.99967,0.999615,0.999559,0.999504,0.999448
365,1,0.999944,0.999888,0.999833,0.999776,0.99972,0.999664,0.999608,0.999551,0.999495,0.999438
366,1,0.999944,0.999888,0.999833,0.999776,0.99972,0.999664,0.999608,0.999551,0.999495,0.999438
367,1,0.999945,0.99989,0.999835,0.99978,0.999725,0.99967,0.999615,0.999559,0.999504,0.999448
368,1,0.999948,0.999896,0.999843,0.999791,0.999738,0.999685,0.999633,0.99958,0.999527,0.999474
369,1,0.999952,0.999904,0.999856,0.999808,0.99976,0.999712,0.999664,0.999615,0.999567,0.999518
370,1,0.999959,0.999918,0.999877,0.999836,0.999795,0.999754,0.999712,0.999671,0.999629,0.999588
371,1,0.99996,0.99992,0.99988,0.99984,0.9998,0.99976,0.99972,0.999679,0.999639,0.999599
372,1,0.999954,0.999907,0.999861,0.999815,0.999768,0.999722,0.999675,0.999628,0.999581,0.999534
373,1,0.99995,0.9999,0.99985,0.999799,0.999749,0.999698,0.999648,0.999597,0.999546,0.999495
374,1,0.999948,0.999896,0.999843,0.999791,0.999738,0.999685,0.999633,0.99958,0.999527,0.999474
375,1,0.999947,0.999894,0.999841,0.999788,0.999734,0.999681,0.999627,0.999574,0.99952,0.999466
376,1,0.999947,0.999894,0.999841,0.999788,0.999734,0.999681,0.999627,0.999574,0.99952,0.999466
377,1,0.999948,0.999896,0.999843,0.999791,0.999738,0.999685,0.999633,0.99958,0.999527,0.999474
378,1,0.99995,0.9999,0.99985,0.999799,0.999749,0.999698,0.999648,0.999597,0.999546,0.999495
379,1,0.999954,0.999907,0.999861,0.999815,0.999768,0.999722,0.999675,0.999628,0.999581,0.999534
380,1,0.99996,0.99992,0.99988,0.99984,0.9998,0.99976,0.99972,0.999679,0.999639,0.999599
381,1,0.999963,0.999926,0.999888,0.999851,0.999814,0.999776,0.999739,0.999701,0.999663,0.999626
382,1,0.999957,0.999913,0.99987,0.999827,0.999783,0.999739,0.999696,0.999652,0.999608,0.999564
383,1,0.999954,0.999907,0.999861,0.999815,0.999768,0.999722,0.999675,0.999628,0.999581,0.999534
384,1,0.999952,0.999904,0.999856,0.999808,0.99976,0.999712,0.999664,0.999615,0.999567,0.999518
385,1,0.999952,0.999903,0.999855,0.999806,0.999757,0.999709,0.99966,0.999611,0.999562,0.999513
386,1,0.999952,0.999903,0.999855,0.999806,0.999757,0.999709,0.99966,0.999611,0.999562,0.999513
387,1,0.999952,0.999904,0.999856,0.999808,0.99976,0.999712,0.999664,0.999615,0.999567,0.999518
388,1,0.999954,0.999907,0.999861,0.999815,0.999768,0.999722,0.999675,0.999628,0.999581,0.999534
389,1,0.999957,0.999913,0.99987,0.999827,0.999783,0.999739,0.999696,0.999652,0.999608,0.999564
390,1,0.999963,0.999926,0.999888,0.999851,0.999814,0.999776,0.999739,0.999701,0.999663,0.999626
391,1,0.999965,0.99993,0.999895,0.99986,0.999825,0.99979,0.999755,0.999719,0.999684,0.999649
392,1,0.999963,0.999926,0.999888,0.999851,0.999814,0.999776,0.999739,0.999701,0.999663,0.999626
393,1,0.99996,0.99992,0.99988,0.99984,0.9998,0.99976,0.99972,0.999679,0.999639,0.999599
394,1,0.999959,0.999918,0.999877,0.999836,0.999795,0.999754,0.999712,0.999671,0.999629,0.999588
395,1,0.999959,0.999917,0.999876,0.999835,0.999793,0.999751,0.99971,0.999668,0.999626,0.999584
396,1,0.999959,0.999917,0.999876,0.999835,0.999793,0.999751,0.99971,0.999668,0.999626,0.999584
397,1,0.999959,0.999918,0.999877,0.999836,0.999795,0.999754,0.999712,0.999671,0.999629,0.999588
398,1,0.99996,0.99992,0.99988,0.99984,0.9998,0.99976,0.99972,0.999679,0.999639,0.999599
399,1,0.999963,0.999926,0.999888,0.999851,0.999814,0.999776,0.999739,0.999701,0.999663,0.999626
400,1,0.999965,0.99993,0.999895,0.99986,0.999825,0.99979,0.999755,0.999719,0.999684,0.999649
401,1,0.999964,0.999927,0.999891,0.999855,0.999818,0.999782,0.999745,0.999708,0.999672,0.999635
402,1,0.999963,0.999927,0.99989,0.999853,0.999816,0.99978,0.999743,0.999706,0.999669,0.999632
403,1,0.999962,0.999923,0.999885,0.999847,0.999808,0.99977,0.999731,0.999692,0.999654,0.999615
404,1,0.999961,0.999922,0.999882,0.999843,0.999803,0.999764,0.999724,0.999685,0.999645,0.999605
405,1,0.99996,0.999921,0.999881,0.999841,0.999801,0.999761,0.999721,0.999681,0.999641,0.999601
406,1,0.99996,0.999921,0.999881,0.999841,0.999801,0.999761,0.999721,0.999681,0.999641,0.999601
407,1,0.999961,0.999922,0.999882,0.999843,0.999803,0.999764,0.999724,0.999685,0.999645,0.999605
408,1,0.999962,0.999923,0.999885,0.999847,0.999808,0.99977,0.999731,0.999692,0.999654,0.999615
409,1,0.999963,0.999927,0.99989,0.999853,0.999816,0.99978,0.999743,0.999706,0.999669,0.999632
410,1,0.999964,0.999927,0.999891,0.999855,0.999818,0.999782,0.999745,0.999708,0.999672,0.999635
411,1,0.999963,0.999927,0.99989,0.999853,0.999816,0.99978,0.999743,0.999706,0.999669,0.999632
412,1,0.99996,0.99992,0.99988,0.99984,0.999799,0.999759,0.999718,0.999678,0.999637,0.999597
413,1,0.999958,0.999916,0.999873,0.999831,0.999788,0.999746,0.999703,0.999661,0.999618,0.999575
414,1,0.999957,0.999913,0.999869,0.999826,0.999782,0.999738,0.999694,0.99965,0.999606,0.999562
415,1,0.999956,0.999912,0.999868,0.999823,0.999779,0.999735,0.99969,0.999645,0.999601,0.999556
416,1,0.999956,0.999912,0.999868,0.999823,0.999779,0.999735,0.99969,0.999645,0.999601,0.999556
417,1,0.999957,0.999913,0.999869,0.999826,0.999782,0.999738,0.999694,0.99965,0.999606,0.999562
418,1,0.999958,0.999916,0.999873,0.999831,0.999788,0.999746,0.999703,0.999661,0.999618,0.999575
419,1,0.99996,0.99992,0.99988,0.99984,0.999799,0.999759,0.999718,0.999678,0.999637,0.999597
420,1,0.999963,0.999927,0.99989,0.999853,0.999816,0.99978,0.999743,0.999706,0.999669,0.999632
421,1,0.999962,0.999923,0.999885,0.999847,0.999808,0.99977,0.999731,0.999692,0.999654,0.999615
422,1,0.999958,0.999916,0.999873,0.999831,0.999788,0.999746,0.999703,0.999661,0.999618,0.999575
423,1,0.999955,0.99991,0.999865,0.999819,0.999774,0.999729,0.999683,0.999638,0.999592,0.999546
424,1,0.999953,0.999907,0.99986,0.999813,0.999766,0.999719,0.999672,0.999624,0.999577,0.99953
425,1,0.999953,0.999905,0.999857,0.99981,0.999762,0.999714,0.999666,0.999618,0.99957,0.999522
426,1,0.999953,0.999905,0.999857,0.99981,0.999762,0.999714,0.999666,0.999618,0.99957,0.999522
427,1,0.999953,0.999907,0.99986,0.999813,0.999766,0.999719,0.999672,0.999624,0.999577,0.99953
428,1,0.999955,0.99991,0.999865,0.999819,0.999774,0.999729,0.999683,0.999638,0.999592,0.999546
429,1,0.999958,0.999916,0.999873,0.999831,0.999788,0.999746,0.999703,0.999661,0.999618,0.999575
430,1,0.999962,0.999923,0.999885,0.999847,0.999808,0.99977,0.999731,0.999692,0.999654,0.999615
431,1,0.999961,0.999922,0.999882,0.999843,0.999803,0.999764,0.999724,0.999685,0.999645,0.999605
432,1,0.999957,0.999913,0.999869,0.999826,0.999782,0.999738,0.999694,0.99965,0.999606,0.999562
433,1,0.999953,0.999907,0.99986,0.999813,0.999766,0.999719,0.999672,0.999624,0.999577,0.99953
434,1,0.999951,0.999903,0.999854,0.999805,0.999756,0.999707,0.999658,0.999609,0.999559,0.99951
435,1,0.99995,0.999901,0.999851,0.999801,0.999752,0.999702,0.999651,0.999601,0.999551,0.999501
436,1,0.99995,0.999901,0.999851,0.999801,0.999752,0.999702,0.999651,0.999601,0.999551,0.999501
437,1,0.999951,0.999903,0.999854,0.999805,0.999756,0.999707,0.999658,0.999609,0.999559,0.99951
438,1,0.999953,0.999907,0.99986,0.999813,0.999766,0.999719,0.999672,0.999624,0.999577,0.99953
439,1,0.999957,0.999913,0.999869,0.999826,0.999782,0.999738,0.999694,0.99965,0.999606,0.999562
440,1,0.999961,0.999922,0.999882,0.999843,0.999803,0.999764,0.999724,0.999685,0.999645,0.999605
441,1,0.99996,0.999921,0.999881,0.999841,0.999801,0.999761,0.999721,0.999681,0.999641,0.999601
442,1,0.999956,0.999912,0.999868,0.999823,0.999779,0.999735,0.99969,0.999645,0.999601,0.999556
443,1,0.999953,0.999905,0.999857,0.99981,0.999762,0.999714,0.999666,0.999618,0.99957,0.999522
444,1,0.99995,0.999901,0.999851,0.999801,0.999752,0.999702,0.999651,0.999601,0.999551,0.999501
445,1,0.99995,0.999899,0.999848,0.999797,0.999747,0.999696,0.999644,0.999593,0.999542,0.999491
446,1,0.99995,0.999899,0.999848,0.999797,0.999747,0.999696,0.999644,0.999593,0.999542,0.999491
447,1,0.99995,0.999901,0.999851,0.999801,0.999752,0.999702,0.999651,0.999601,0.999551,0.999501
448,1,0.999953,0.999905,0.999857,0.99981,0.999762,0.999714,0.999666,0.999618,0.99957,0.999522
449,1,0.999956,0.999912,0.999868,0.999823,0.999779,0.999735,0.99969,0.999645,0.999601,0.999556
450,1,0.99996,0.999921,0.999881,0.999841,0.999801,0.999761,0.999721,0.999681,0.999641,0.999601
451,1,0.99996,0.999921,0.999881,0.999841,0.999801,0.999761,0.999721,0.999681,0.999641,0.999601
452,1,0.999956,0.999912,0.999868,0.999823,0.999779,0.999735,0.99969,0.999645,0.999601,0.999556
453,1,0.999953,0.999905,0.999857,0.99981,0.999762,0.999714,0.999666,0.999618,0.99957,0.999522
454,1,0.99995,0.999901,0.999851,0.999801,0.999752,0.999702,0.999651,0.999601,0.999551,0.999501
455,1,0.99995,0.999899,0.999848,0.999797,0.999747,0.999696,0.999644,0.999593,0.999542,0.999491
456,1,0.99995,0.999899,0.999848,0.999797,0.999747,0.999696,0.999644,0.999593,0.999542,0.999491
457,1,0.99995,0.999901,0.999851,0.999801,0.999752,0.999702,0.999651,0.999601,0.999551,0.999501
458,1,0.999953,0.999905,0.999857,0.99981,0.999762,0.999714,0.999666,0.999618,0.99957,0.999522
459,1,0.999956,0.999912,0.999868,0.999823,0.999779,0.999735,0.99969,0.999645,0.999601,0.999556
460,1,0.99996,0.999921,0.999881,0.999841,0.999801,0.999761,0.999721,0.999681,0.999641,0.999601
461,1,0.999961,0.999922,0.999882,0.999843,0.999803,0.999764,0.999724,0.999685,0.999645,0.999605
462,1,0.999957,0.999913,0.999869,0.999826,0.999782,0.999738,0.999694,0.99965,0.999606,0.999562
463,1,0.999953,0.999907,0.99986,0.999813,0.999766,0.999719,0.999672,0.999624,0.999577,0.99953
464,1,0.999951,0.999903,0.999854,0.999805,0.999756,0.999707,0.999658,0.999609,0.999559,0.99951
465,1,0.99995,0.999901,0.999851,0.999801,0.999752,0.999702,0.999651,0.999601,0.999551,0.999501
466,1,0.99995,0.999901,0.999851,0.999801,0.999752,0.999702,0.999651,0.999601,0.999551,0.999501
467,1,0.999951,0.999903,0.999854,0.999805,0.999756,0.999707,0.999658,0.999609,0.999559,0.99951
468,1,0.999953,0.999907,0.99986,0.999813,0.999766,0.999719,0.999672,0.999624,0.999577,0.99953
469,1,0.999957,0.999913,0.999869,0.999826,0.999782,0.999738,0.999694,0.99965,0.999606,0.999562
470,1,0.999961,0.999922,0.999882,0.999843,0.999803,0.999764,0.999724,0.999685,0.999645,0.999605
471,1,0.999962,0.999923,0.999885,0.999847,0.999808,0.99977,0.999731,0.999692,0.999654,0.999615
472,1,0.999958,0.999916,0.999873,0.999831,0.999788,0.999746,0.999703,0.999661,0.999618,0.999575
473,1,0.999955,0.99991,0.999865,0.999819,0.999774,0.999729,0.999683,0.999638,0.999592,0.999546
474,1,0.999953,0.999907,0.99986,0.999813,0.999766,0.999719,0.999672,0.999624,0.999577,0.99953
475,1,0.999953,0.999905,0.999857,0.99981,0.999762,0.999714,0.999666,0.999618,0.99957,0.999522
476,1,0.999953,0.999905,0.999857,0.99981,0.999762,0.999714,0.999666,0.999618,0.99957,0.999522
477,1,0.999953,0.999907,0.99986,0.999813,0.999766,0.999719,0.999672,0.999624,0.999577,0.99953
478,1,0.999955,0.99991,0.999865,0.999819,0.999774,0.999729,0.999683,0.999638,0.999592,0.999546
479,1,0.999958,0.999916,0.999873,0.999831,0.999788,0.999746,0.999703,0.999661,0.999618,0.999575
480,1,0.999962,0.999923,0.999885,0.999847,0.999808,0.99977,0.999731,0.999692,0.999654,0.999615
481,1,0.999963,0.999927,0.99989,0.999853,0.999816,0.99978,0.999743,0.999706,0.999669,0.999632
482,1,0.99996,0.99992,0.99988,0.99984,0.999799,0.999759,0.999718,0.999678,0.999637,0.999597
483,1,0.999958,0.999916,0.999873,0.999831,0.999788,0.999746,0.999703,0.999661,0.999618,0.999575
484,1,0.999957,0.999913,0.999869,0.999826,0.999782,0.999738,0.999694,0.99965,0.999606,0.999562
485,1,0.999956,0.999912,0.999868,0.999823,0.999779,0.999735,0.99969,0.999645,0.999601,0.999556
486,1,0.999956,0.999912,0.999868,0.999823,0.999779,0.999735,0.99969,0.999645,0.999601,0.999556
487,1,0.999957,0.999913,0.999869,0.999826,0.999782,0.999738,0.999694,0.99965,0.999606,0.999562
488,1,0.999958,0.999916,0.999873,0.999831,0.999788,0.999746,0.999703,0.999661,0.999618,0.999575
489,1,0.99996,0.99992,0.99988,0.99984,0.999799,0.999759,0.999718,0.999678,0.999637,0.999597
490,1,0.999963,0.999927,0.99989,0.999853,0.999816,0.99978,0.999743,0.999706,0.999669,0.999632
491,1,0.999964,0.999927,0.999891,0.999855,0.999818,0.999782,0.999745,0.999708,0.999672,0.999635
492,1,0.999963,0.999927,0.99989,0.999853,0.999816,0.99978,0.999743,0.999706,0.999669,0.999632
493,1,0.999962,0.999923,0.999885,0.999847,0.999808,0.99977,0.999731,0.999692,0.999654,0.999615
494,1,0.999961,0.999922,0.999882,0.999843,0.999803,0.999764,0.999724,0.999685,0.999645,0.999605
495,1,0.99996,0.999921,0.999881,0.999841,0.999801,0.999761,0.999721,0.999681,0.999641,0.999601
496,1,0.99996,0.999921,0.999881,0.999841,0.999801,0.999761,0.999721,0.999681,0.999641,0.999601
497,1,0.999961,0.999922,0.999882,0.999843,0.999803,0.999764,0.999724,0.999685,0.999645,0.999605
498,1,0.999962,0.999923,0.999885,0.999847,0.999808,0.99977,0.999731,0.999692,0.999654,0.999615
499,1,0.999963,0.999927,0.99989,0.999853,0.999816,0.99978,0.999743,0.999706,0.999669,0.999632
500,1,0.999964,0.999927,0.999891,0.999855,0.999818,0.999782,0.999745,0.999708,0.999672,0.999635
501,1,0.999962,0.999925,0.999887,0.999849,0.999812,0.999774,0.999736,0.999698,0.99966,0.999622
502,1,0.999963,0.999925,0.999888,0.99985,0.999813,0.999775,0.999738,0.9997,0.999662,0.999624
503,1,0.999962,0.999924,0.999886,0.999847,0.999809,0.999771,0.999732,0.999694,0.999655,0.999617
504,1,0.999961,0.999923,0.999884,0.999845,0.999806,0.999767,0.999728,0.999689,0.99965,0.99961
505,1,0.999961,0.999922,0.999883,0.999844,0.999804,0.999765,0.999726,0.999686,0.999647,0.999607
506,1,0.999961,0.999922,0.999883,0.999844,0.999804,0.999765,0.999726,0.999686,0.999647,0.999607
507,1,0.999961,0.999923,0.999884,0.999845,0.999806,0.999767,0.999728,0.999689,0.99965,0.99961
508,1,0.999962,0.999924,0.999886,0.999847,0.999809,0.999771,0.999732,0.999694,0.999655,0.999617
509,1,0.999963,0.999925,0.999888,0.99985,0.999813,0.999775,0.999738,0.9997,0.999662,0.999624
510,1,0.999962,0.999925,0.999887,0.999849,0.999812,0.999774,0.999736,0.999698,0.99966,0.999622
511,1,0.999963,0.999925,0.999888,0.99985,0.999813,0.999775,0.999738,0.9997,0.999662,0.999624
512,1,0.999961,0.999922,0.999882,0.999843,0.999804,0.999764,0.999725,0.999685,0.999645,0.999606
513,1,0.99996,0.999919,0.999879,0.999838,0.999798,0.999757,0.999716,0.999675,0.999634,0.999593
514,1,0.999959,0.999917,0.999876,0.999835,0.999793,0.999751,0.99971,0.999668,0.999626,0.999584
515,1,0.999958,0.999917,0.999875,0.999833,0.999791,0.999749,0.999707,0.999664,0.999622,0.99958
516,1,0.999958,0.999917,0.999875,0.999833,0.999791,0.999749,0.999707,0.999664,0.999622,0.99958
517,1,0.999959,0.999917,0.999876,0.999835,0.999793,0.999751,0.99971,0.999668,0.999626,0.999584
518,1,0.99996,0.999919,0.999879,0.999838,0.999798,0.999757,0.999716,0.999675,0.999634,0.999593
519,1,0.999961,0.999922,0.999882,0.999843,0.999804,0.999764,0.999725,0.999685,0.999645,0.999606
520,1,0.999963,0.999925,0.999888,0.99985,0.999813,0.999775,0.999738,0.9997,0.999662,0.999624
521,1,0.999962,0.999924,0.999886,0.999847,0.999809,0.999771,0.999732,0.999694,0.999655,0.999617
522,1,0.99996,0.999919,0.999879,0.999838,0.999798,0.999757,0.999716,0.999675,0.999634,0.999593
523,1,0.999958,0.999916,0.999873,0.999831,0.999789,0.999746,0.999703,0.999661,0.999618,0.999575
524,1,0.999957,0.999913,0.99987,0.999826,0.999783,0.999739,0.999695,0.999651,0.999607,0.999563
525,1,0.999956,0.999912,0.999868,0.999824,0.99978,0.999736,0.999691,0.999647,0.999602,0.999558
526,1,0.999956,0.999912,0.999868,0.999824,0.99978,0.999736,0.999691,0.999647,0.999602,0.999558
527,1,0.999957,0.999913,0.99987,0.999826,0.999783,0.999739,0.999695,0.999651,0.999607,0.999563
528,1,0.999958,0.999916,0.999873,0.999831,0.999789,0.999746,0.999703,0.999661,0.999618,0.999575
529,1,0.99996,0.999919,0.999879,0.999838,0.999798,0.999757,0.999716,0.999675,0.999634,0.999593
530,1,0.999962,0.999924,0.999886,0.999847,0.999809,0.999771,0.999732,0.999694,0.999655,0.999617
531,1,0.999961,0.999923,0.999884,0.999845,0.999806,0.999767,0.999728,0.999689,0.99965,0.99961
532,1,0.999959,0.999917,0.999876,0.999835,0.999793,0.999751,0.99971,0.999668,0.999626,0.999584
533,1,0.999957,0.999913,0.99987,0.999826,0.999783,0.999739,0.999695,0.999651,0.999607,0.999563
534,1,0.999955,0.999911,0.999866,0.999821,0.999776,0.999731,0.999686,0.999641,0.999595,0.99955
535,1,0.999955,0.999909,0.999864,0.999818,0.999773,0.999727,0.999681,0.999635,0.999589,0.999543
536,1,0.999955,0.999909,0.999864,0.999818,0.999773,0.999727,0.999681,0.999635,0.999589,0.999543
537,1,0.999955,0.999911,0.999866,0.999821,0.999776,0.999731,0.999686,0.999641,0.999595,0.99955
538,1,0.999957,0.999913,0.99987,0.999826,0.999783,0.999739,0.999695,0.999651,0.999607,0.999563
539,1,0.999959,0.999917,0.999876,0.999835,0.999793,0.999751,0.99971,0.999668,0.999626,0.999584
540,1,0.999961,0.999923,0.999884,0.999845,0.999806,0.999767,0.999728,0.999689,0.99965,0.99961
541,1,0.999961,0.999922,0.999883,0.999844,0.999804,0.999765,0.999726,0.999686,0.999647,0.999607
542,1,0.999958,0.999917,0.999875,0.999833,0.999791,0.999749,0.999707,0.999664,0.999622,0.99958
543,1,0.999956,0.999912,0.999868,0.999824,0.99978,0.999736,0.999691,0.999647,0.999602,0.999558
544,1,0.999955,0.999909,0.999864,0.999818,0.999773,0.999727,0.999681,0.999635,0.999589,0.999543
545,1,0.999954,0.999908,0.999862,0.999816,0.999769,0.999723,0.999676,0.99963,0.999583,0.999536
546,1,0.999954,0.999908,0.999862,0.999816,0.999769,0.999723,0.999676,0.99963,0.999583,0.999536
547,1,0.999955,0.999909,0.999864,0.999818,0.999773,0.999727,0.999681,0.999635,0.999589,0.999543
548,1,0.999956,0.999912,0.999868,0.999824,0.99978,0.999736,0.999691,0.999647,0.999602,0.999558
549,1,0.999958,0.999917,0.999875,0.999833,0.999791,0.999749,0.999707,0.999664,0.999622,0.99958
550,1,0.999961,0.999922,0.999883,0.999844,0.999804,0.999765,0.999726,0.999686,0.999647,0.999607
551,1,0.999961,0.999922,0.999883,0.999844,0.999804,0.999765,0.999726,0.999686,0.999647,0.999607
552,1,0.999958,0.999917,0.999875,0.999833,0.999791,0.999749,0.999707,0.999664,0.999622,0.99958
553,1,0.999956,0.999912,0.999868,0.999824,0.99978,0.999736,0.999691,0.999647,0.999602,0.999558
554,1,0.999955,0.999909,0.999864,0.999818,0.999773,0.999727,0.999681,0.999635,0.999589,0.999543
555,1,0.999954,0.999908,0.999862,0.999816,0.999769,0.999723,0.999676,0.99963,0.999583,0.999536
556,1,0.999954,0.999908,0.999862,0.999816,0.999769,0.999723,0.999676,0.99963,0.999583,0.999536
557,1,0.999955,0.999909,0.999864,0.999818,0.999773,0.999727,0.999681,0.999635,0.999589,0.999543
558,1,0.999956,0.999912,0.999868,0.999824,0.99978,0.999736,0.999691,0.999647,0.999602,0.999558
559,1,0.999958,0.999917,0.999875,0.999833,0.999791,0.999749,0.999707,0.999664,0.999622,0.99958
560,1,0.999961,0.999922,0.999883,0.999844,0.999804,0.999765,0.999726,0.999686,0.999647,0.999607
561,1,0.999961,0.999923,0.999884,0.999845,0.999806,0.999767,0.999728,0.999689,0.99965,0.99961
562,1,0.999959,0.999917,0.999876,0.999835,0.999793,0.999751,0.99971,0.999668,0.999626,0.999584
563,1,0.999957,0.999913,0.99987,0.999826,0.999783,0.999739,0.999695,0.999651,0.999607,0.999563
564,1,0.999955,0.999911,0.999866,0.999821,0.999776,0.999731,0.999686,0.999641,0.999595,0.99955
565,1,0.999955,0.999909,0.999864,0.999818,0.999773,0.999727,0.999681,0.999635,0.999589,0.999543
566,1,0.999955,0.999909,0.999864,0.999818,0.999773,0.999727,0.999681,0.999635,0.999589,0.999543
567,1,0.999955,0.999911,0.999866,0.999821,0.999776,0.999731,0.999686,0.999641,0.999595,0.99955
568,1,0.999957,0.999913,0.99987,0.999826,0.999783,0.999739,0.999695,0.999651,0.999607,0.999563
569,1,0.999959,0.999917,0.999876,0.999835,0.999793,0.999751,0.99971,0.999668,0.999626,0.999584
570,1,0.999961,0.999923,0.999884,0.999845,0.999806,0.999767,0.999728,0.999689,0.99965,0.99961
571,1,0.999962,0.999924,0.999886,0.999847,0.999809,0.999771,0.999732,0.999694,0.999655,0.999617
572,1,0.99996,0.999919,0.999879,0.999838,0.999798,0.999757,0.999716,0.999675,0.999634,0.999593
573,1,0.999958,0.999916,0.999873,0.999831,0.999789,0.999746,0.999703,0.999661,0.999618,0.999575
574,1,0.999957,0.999913,0.99987,0.999826,0.999783,0.999739,0.999695,0.999651,0.999607,0.999563
575,1,0.999956,0.999912,0.999868,0.999824,0.99978,0.999736,0.999691,0.999647,0.999602,0.999558
576,1,0.999956,0.999912,0.999868,0.999824,0.99978,0.999736,0.999691,0.999647,0.999602,0.999558
577,1,0.999957,0.999913,0.99987,0.999826,0.999783,0.999739,0.999695,0.999651,0.999607,0.999563
578,1,0.999958,0.999916,0.999873,0.999831,0.999789,0.999746,0.999703,0.999661,0.999618,0.999575
579,1,0.99996,0.999919,0.999879,0.999838,0.999798,0.999757,0.999716,0.999675,0.999634,0.999593
580,1,0.999962,0.999924,0.999886,0.999847,0.999809,0.999771,0.999732,0.999694,0.999655,0.999617
581,1,0.999963,0.999925,0.999888,0.99985,0.999813,0.999775,0.999738,0.9997,0.999662,0.999624
582,1,0.999961,0.999922,0.999882,0.999843,0.999804,0.999764,0.999725,0.999685,0.999645,0.999606
583,1,0.99996,0.999919,0.999879,0.999838,0.999798,0.999757,0.999716,0.999675,0.999634,0.999593
584,1,0.999959,0.999917,0.999876,0.999835,0.999793,0.999751,0.99971,0.999668,0.999626,0.999584
585,1,0.999958,0.999917,0.999875,0.999833,0.999791,0.999749,0.999707,0.999664,0.999622,0.99958
586,1,0.999958,0.999917,0.999875,0.999833,0.999791,0.999749,0.999707,0.999664,0.999622,0.99958
587,1,0.999959,0.999917,0.999876,0.999835,0.999793,0.999751,0.99971,0.999668,0.999626,0.999584
588,1,0.99996,0.999919,0.999879,0.999838,0.999798,0.999757,0.999716,0.999675,0.999634,0.999593
589,1,0.999961,0.999922,0.999882,0.999843,0.999804,0.999764,0.999725,0.999685,0.999645,0.999606
590,1,0.999963,0.999925,0.999888,0.99985,0.999813,0.999775,0.999738,0.9997,0.999662,0.999624
591,1,0.999962,0.999925,0.999887,0.999849,0.999812,0.999774,0.999736,0.999698,0.99966,0.999622
592,1,0.999963,0.999925,0.999888,0.99985,0.999813,0.999775,0.999738,0.9997,0.999662,0.999624
593,1,0.999962,0.999924,0.999886,0.999847,0.999809,0.999771,0.999732,0.999694,0.999655,0.999617
594,1,0.999961,0.999923,0.999884,0.999845,0.999806,0.999767,0.999728,0.999689,0.99965,0.99961
595,1,0.999961,0.999922,0.999883,0.999844,0.999804,0.999765,0.999726,0.999686,0.999647,0.999607
596,1,0.999961,0.999922,0.999883,0.999844,0.999804,0.999765,0.999726,0.999686,0.999647,0.999607
597,1,0.999961,0.999923,0.999884,0.999845,0.999806,0.999767,0.999728,0.999689,0.99965,0.99961
598,1,0.999962,0.999924,0.999886,0.999847,0.999809,0.999771,0.999732,0.999694,0.999655,0.999617
599,1,0.999963,0.999925,0.999888,0.99985,0.999813,0.999775,0.999738,0.9997,0.999662,0.999624
600,1,0.999962,0.999925,0.999887,0.999849,0.999812,0.999774,0.999736,0.999698,0.99966,0.999622
601,1,0.999961,0.999923,0.999884,0.999845,0.999806,0.999767,0.999728,0.999689,0.99965,0.999611
602,1,0.999962,0.999924,0.999885,0.999847,0.999808,0.99977,0.999731,0.999692,0.999654,0.999615
603,1,0.999962,0.999923,0.999884,0.999846,0.999807,0.999768,0.99973,0.999691,0.999652,0.999613
604,1,0.999961,0.999922,0.999884,0.999845,0.999806,0.999767,0.999727,0.999688,0.999649,0.99961
605,1,0.999961,0.999922,0.999883,0.999844,0.999805,0.999766,0.999726,0.999687,0.999647,0.999608
606,1,0.999961,0.999922,0.999883,0.999844,0.999805,0.999766,0.999726,0.999687,0.999647,0.999608
607,1,0.999961,0.999922,0.999884,0.999845,0.999806,0.999767,0.999727,0.999688,0.999649,0.99961
608,1,0.999962,0.999923,0.999884,0.999846,0.999807,0.999768,0.99973,0.999691,0.999652,0.999613
609,1,0.999962,0.999924,0.999885,0.999847,0.999808,0.99977,0.999731,0.999692,0.999654,0.999615
610,1,0.999961,0.999923,0.999884,0.999845,0.999806,0.999767,0.999728,0.999689,0.99965,0.999611
611,1,0.999962,0.999924,0.999885,0.999847,0.999808,0.99977,0.999731,0.999692,0.999654,0.999615
612,1,0.999961,0.999922,0.999883,0.999843,0.999804,0.999765,0.999725,0.999686,0.999646,0.999606
613,1,0.99996,0.999921,0.999881,0.999841,0.999801,0.999761,0.999721,0.999681,0.999641,0.9996
614,1,0.99996,0.99992,0.999879,0.999839,0.999799,0.999758,0.999718,0.999677,0.999636,0.999596
615,1,0.99996,0.999919,0.999879,0.999838,0.999797,0.999757,0.999716,0.999675,0.999634,0.999593
616,1,0.99996,0.999919,0.999879,0.999838,0.999797,0.999757,0.999716,0.999675,0.999634,0.999593
617,1,0.99996,0.99992,0.999879,0.999839,0.999799,0.999758,0.999718,0.999677,0.999636,0.999596
618,1,0.99996,0.999921,0.999881,0.999841,0.999801,0.999761,0.999721,0.999681,0.999641,0.9996
619,1,0.999961,0.999922,0.999883,0.999843,0.999804,0.999765,0.999725,0.999686,0.999646,0.999606
620,1,0.999962,0.999924,0.999885,0.999847,0.999808,0.99977,0.999731,0.999692,0.999654,0.999615
621,1,0.999962,0.999923,0.999884,0.999846,0.999807,0.999768,0.99973,0.999691,0.999652,0.999613
622,1,0.99996,0.999921,0.999881,0.999841,0.999801,0.999761,0.999721,0.999681,0.999641,0.9996
623,1,0.999959,0.999919,0.999878,0.999837,0.999796,0.999755,0.999714,0.999673,0.999632,0.99959
624,1,0.999959,0.999917,0.999876,0.999834,0.999793,0.999751,0.999709,0.999668,0.999626,0.999584
625,1,0.999958,0.999917,0.999875,0.999833,0.999791,0.999749,0.999707,0.999665,0.999623,0.99958
626,1,0.999958,0.999917,0.999875,0.999833,0.999791,0.999749,0.999707,0.999665,0.999623,0.99958
627,1,0.999959,0.999917,0.999876,0.999834,0.999793,0.999751,0.999709,0.999668,0.999626,0.999584
628,1,0.999959,0.999919,0.999878,0.999837,0.999796,0.999755,0.999714,0.999673,0.999632,0.99959
629,1,0.99996,0.999921,0.999881,0.999841,0.999801,0.999761,0.999721,0.999681,0.999641,0.9996
630,1,0.999962,0.999923,0.999884,0.999846,0.999807,0.999768,0.99973,0.999691,0.999652,0.999613
631,1,0.999961,0.999922,0.999884,0.999845,0.999806,0.999767,0.999727,0.999688,0.999649,0.99961
632,1,0.99996,0.99992,0.999879,0.999839,0.999799,0.999758,0.999718,0.999677,0.999636,0.999596
633,1,0.999959,0.999917,0.999876,0.999834,0.999793,0.999751,0.999709,0.999668,0.999626,0.999584
634,1,0.999958,0.999916,0.999874,0.999831,0.999789,0.999747,0.999704,0.999661,0.999619,0.999576
635,1,0.999958,0.999915,0.999872,0.99983,0.999787,0.999744,0.999701,0.999658,0.999615,0.999572
636,1,0.999958,0.999915,0.999872,0.99983,0.999787,0.999744,0.999701,0.999658,0.999615,0.999572
637,1,0.999958,0.999916,0.999874,0.999831,0.999789,0.999747,0.999704,0.999661,0.999619,0.999576
638,1,0.999959,0.999917,0.999876,0.999834,0.999793,0.999751,0.999709,0.999668,0.999626,0.999584
639,1,0.99996,0.99992,0.999879,0.999839,0.999799,0.999758,0.999718,0.999677,0.999636,0.999596
640,1,0.999961,0.999922,0.999884,0.999845,0.999806,0.999767,0.999727,0.999688,0.999649,0.99961
641,1,0.999961,0.999922,0.999883,0.999844,0.999805,0.999766,0.999726,0.999687,0.999647,0.999608
642,1,0.99996,0.999919,0.999879,0.999838,0.999797,0.999757,0.999716,0.999675,0.999634,0.999593
643,1,0.999958,0.999917,0.999875,0.999833,0.999791,0.999749,0.999707,0.999665,0.999623,0.99958
644,1,0.999958,0.999915,0.999872,0.99983,0.999787,0.999744,0.999701,0.999658,0.999615,0.999572
645,1,0.999957,0.999914,0.999871,0.999828,0.999785,0.999741,0.999698,0.999655,0.999611,0.999567
646,1,0.999957,0.999914,0.999871,0.999828,0.999785,0.999741,0.999698,0.999655,0.999611,0.999567
647,1,0.999958,0.999915,0.999872,0.99983,0.999787,0.999744,0.999701,0.999658,0.999615,0.999572
648,1,0.999958,0.999917,0.999875,0.999833,0.999791,0.999749,0.999707,0.999665,0.999623,0.99958
649,1,0.99996,0.999919,0.999879,0.999838,0.999797,0.999757,0.999716,0.999675,0.999634,0.999593
650,1,0.999961,0.999922,0.999883,0.999844,0.999805,0.999766,0.999726,0.999687,0.999647,0.999608
651,1,0.999961,0.999922,0.999883,0.999844,0.999805,0.999766,0.999726,0.999687,0.999647,0.999608
652,1,0.99996,0.999919,0.999879,0.999838,0.999797,0.999757,0.999716,0.999675,0.999634,0.999593
653,1,0.999958,0.999917,0.999875,0.999833,0.999791,0.999749,0.999707,0.999665,0.999623,0.99958
654,1,0.999958,0.999915,0.999872,0.99983,0.999787,0.999744,0.999701,0.999658,0.999615,0.999572
655,1,0.999957,0.999914,0.999871,0.999828,0.999785,0.999741,0.999698,0.999655,0.999611,0.999567
656,1,0.999957,0.999914,0.999871,0.999828,0.999785,0.999741,0.999698,0.999655,0.999611,0.999567
657,1,0.999958,0.999915,0.999872,0.99983,0.999787,0.999744,0.999701,0.999658,0.999615,0.999572
658,1,0.999958,0.999917,0.999875,0.999833,0.999791,0.999749,0.999707,0.999665,0.999623,0.99958
659,1,0.99996,0.999919,0.999879,0.999838,0.999797,0.999757,0.999716,0.999675,0.999634,0.999593
660,1,0.999961,0.999922,0.999883,0.999844,0.999805,0.999766,0.999726,0.999687,0.999647,0.999608
661,1,0.999961,0.999922,0.999884,0.999845,0.999806,0.999767,0.999727,0.999688,0.999649,0.99961
662,1,0.99996,0.99992,0.999879,0.999839,0.999799,0.999758,0.999718,0.999677,0.999636,0.999596
663,1,0.999959,0.999917,0.999876,0.999834,0.999793,0.999751,0.999709,0.999668,0.999626,0.999584
664,1,0.999958,0.999916,0.999874,0.999831,0.999789,0.999747,0.999704,0.999661,0.999619,0.999576
665,1,0.999958,0.999915,0.999872,0.99983,0.999787,0.999744,0.999701,0.999658,0.999615,0.999572
666,1,0.999958,0.999915,0.999872,0.99983,0.999787,0.999744,0.999701,0.999658,0.999615,0.999572
667,1,0.999958,0.999916,0.999874,0.999831,0.999789,0.999747,0.999704,0.999661,0.999619,0.999576
668,1,0.999959,0.999917,0.999876,0.999834,0.999793,0.999751,0.999709,0.999668,0.999626,0.999584
669,1,0.99996,0.99992,0.999879,0.999839,0.999799,0.999758,0.999718,0.999677,0.999636,0.999596
670,1,0.999961,0.999922,0.999884,0.999845,0.999806,0.999767,0.999727,0.999688,0.999649,0.99961
671,1,0.999962,0.999923,0.999884,0.999846,0.999807,0.999768,0.99973,0.999691,0.999652,0.999613
672,1,0.99996,0.999921,0.999881,0.999841,0.999801,0.999761,0.999721,0.999681,0.999641,0.9996
673,1,0.999959,0.999919,0.999878,0.999837,0.999796,0.999755,0.999714,0.999673,0.999632,0.99959
674,1,0.999959,0.999917,0.999876,0.999834,0.999793,0.999751,0.999709,0.999668,0.999626,0.999584
675,1,0.999958,0.999917,0.999875,0.999833,0.999791,0.999749,0.999707,0.999665,0.999623,0.99958
676,1,0.999958,0.999917,0.999875,0.999833,0.999791,0.999749,0.999707,0.999665,0.999623,0.99958
677,1,0.999959,0.999917,0.999876,0.999834,0.999793,0.999751,0.999709,0.999668,0.999626,0.999584
678,1,0.999959,0.999919,0.999878,0.999837,0.999796,0.999755,0.999714,0.999673,0.999632,0.99959
679,1,0.99996,0.999921,0.999881,0.999841,0.999801,0.999761,0.999721,0.999681,0.999641,0.9996
680,1,0.999962,0.999923,0.999884,0.999846,0.999807,0.999768,0.99973,0.999691,0.999652,0.999613
681,1,0.999962,0.999924,0.999885,0.999847,0.999808,0.99977,0.999731,0.999692,0.999654,0.999615
682,1,0.999961,0.999922,0.999883,0.999843,0.999804,0.999765,0.999725,0.999686,0.999646,0.999606
683,1,0.99996,0.999921,0.999881,0.999841,0.999801,0.999761,0.999721,0.999681,0.999641,0.9996
684,1,0.99996,0.99992,0.999879,0.999839,0.999799,0.999758,0.999718,0.999677,0.999636,0.999596
685,1,0.99996,0.999919,0.999879,0.999838,0.999797,0.999757,0.999716,0.999675,0.999634,0.999593
686,1,0.99996,0.999919,0.999879,0.999838,0.999797,0.999757,0.999716,0.999675,0.999634,0.999593
687,1,0.99996,0.99992,0.999879,0.999839,0.999799,0.999758,0.999718,0.999677,0.999636,0.999596
688,1,0.99996,0.999921,0.999881,0.999841,0.999801,0.999761,0.999721,0.999681,0.999641,0.9996
689,1,0.999961,0.999922,0.999883,0.999843,0.999804,0.999765,0.999725,0.999686,0.999646,0.999606
690,1,0.999962,0.999924,0.999885,0.999847,0.999808,0.99977,0.999731,0.999692,0.999654,0.999615
691,1,0.999961,0.999923,0.999884,0.999845,0.999806,0.999767,0.999728,0.999689,0.99965,0.999611
692,1,0.999962,0.999924,0.999885,0.999847,0.999808,0.99977,0.999731,0.999692,0.999654,0.999615
693,1,0.999962,0.999923,0.999884,0.999846,0.999807,0.999768,0.99973,0.999691,0.999652,0.999613
694,1,0.999961,0.999922,0.999884,0.999845,0.999806,0.999767,0.999727,0.999688,0.999649,0.99961
695,1,0.999961,0.999922,0.999883,0.999844,0.999805,0.999766,0.999726,0.999687,0.999647,0.999608
696,1,0.999961,0.999922,0.999883,0.999844,0.999805,0.999766,0.999726,0.999687,0.999647,0.999608
697,1,0.999961,0.999922,0.999884,0.999845,0.999806,0.999767,0.999727,0.999688,0.999649,0.99961
698,1,0.999962,0.999923,0.999884,0.999846,0.999807,0.999768,0.99973,0.999691,0.999652,0.999613
699,1,0.999962,0.999924,0.999885,0.999847,0.999808,0.99977,0.999731,0.999692,0.999654,0.999615
700,1,0.999961,0.999923,0.999884,0.999845,0.999806,0.999767,0.999728,0.999689,0.99965,0.999611
701,1,0.99996,0.999921,0.999881,0.999842,0.999802,0.999762,0.999722,0.999682,0.999642,0.999602
702,1,0.999961,0.999922,0.999883,0.999843,0.999804,0.999765,0.999725,0.999686,0.999646,0.999606
703,1,0.999961,0.999922,0.999883,0.999844,0.999805,0.999765,0.999726,0.999686,0.999647,0.999607
704,1,0.999961,0.999922,0.999883,0.999844,0.999804,0.999765,0.999726,0.999686,0.999647,0.999607
705,1,0.999961,0.999922,0.999883,0.999843,0.999804,0.999765,0.999725,0.999686,0.999646,0.999607
706,1,0.999961,0.999922,0.999883,0.999843,0.999804,0.999765,0.999725,0.999686,0.999646,0.999607
707,1,0.999961,0.999922,0.999883,0.999844,0.999804,0.999765,0.999726,0.999686,0.999647,0.999607
708,1,0.999961,0.999922,0.999883,0.999844,0.999805,0.999765,0.999726,0.999686,0.999647,0.999607
709,1,0.999961,0.999922,0.999883,0.999843,0.999804,0.999765,0.999725,0.999686,0.999646,0.999606
710,1,0.99996,0.999921,0.999881,0.999842,0.999802,0.999762,0.999722,0.999682,0.999642,0.999602
711,1,0.999961,0.999922,0.999883,0.999843,0.999804,0.999765,0.999725,0.999686,0.999646,0.999606
712,1,0.999961,0.999921,0.999882,0.999843,0.999803,0.999763,0.999724,0.999684,0.999644,0.999604
713,1,0.999961,0.999921,0.999882,0.999842,0.999802,0.999763,0.999723,0.999683,0.999643,0.999603
714,1,0.99996,0.999921,0.999881,0.999842,0.999802,0.999762,0.999722,0.999682,0.999642,0.999602
715,1,0.99996,0.999921,0.999881,0.999841,0.999801,0.999761,0.999721,0.999681,0.999641,0.999601
716,1,0.99996,0.999921,0.999881,0.999841,0.999801,0.999761,0.999721,0.999681,0.999641,0.999601
717,1,0.99996,0.999921,0.999881,0.999842,0.999802,0.999762,0.999722,0.999682,0.999642,0.999602
718,1,0.999961,0.999921,0.999882,0.999842,0.999802,0.999763,0.999723,0.999683,0.999643,0.999603
719,1,0.999961,0.999921,0.999882,0.999843,0.999803,0.999763,0.999724,0.999684,0.999644,0.999604
720,1,0.999961,0.999922,0.999883,0.999843,0.999804,0.999765,0.999725,0.999686,0.999646,0.999606
721,1,0.999961,0.999922,0.999883,0.999844,0.999805,0.999765,0.999726,0.999686,0.999647,0.999607
722,1,0.999961,0.999921,0.999882,0.999842,0.999802,0.999763,0.999723,0.999683,0.999643,0.999603
723,1,0.99996,0.99992,0.999881,0.999841,0.999801,0.99976,0.99972,0.99968,0.99964,0.999599
724,1,0.99996,0.99992,0.99988,0.99984,0.999799,0.999759,0.999719,0.999678,0.999637,0.999597
725,1,0.99996,0.99992,0.999879,0.999839,0.999799,0.999758,0.999718,0.999677,0.999636,0.999595
726,1,0.99996,0.99992,0.999879,0.999839,0.999799,0.999758,0.999718,0.999677,0.999636,0.999595
727,1,0.99996,0.99992,0.99988,0.99984,0.999799,0.999759,0.999719,0.999678,0.999637,0.999597
728,1,0.99996,0.99992,0.999881,0.999841,0.999801,0.99976,0.99972,0.99968,0.99964,0.999599
729,1,0.999961,0.999921,0.999882,0.999842,0.999802,0.999763,0.999723,0.999683,0.999643,0.999603
730,1,0.999961,0.999922,0.999883,0.999844,0.999805,0.999765,0.999726,0.999686,0.999647,0.999607
731,1,0.999961,0.999922,0.999883,0.999844,0.999804,0.999765,0.999726,0.999686,0.999647,0.999607
732,1,0.99996,0.999921,0.999881,0.999842,0.999802,0.999762,0.999722,0.999682,0.999642,0.999602
733,1,0.99996,0.99992,0.99988,0.99984,0.999799,0.999759,0.999719,0.999678,0.999637,0.999597
734,1,0.99996,0.999919,0.999879,0.999838,0.999798,0.999757,0.999716,0.999675,0.999635,0.999593
735,1,0.99996,0.999919,0.999878,0.999838,0.999797,0.999756,0.999715,0.999674,0.999633,0.999592
736,1,0.99996,0.999919,0.999878,0.999838,0.999797,0.999756,0.999715,0.999674,0.999633,0.999592
737,1,0.99996,0.999919,0.999879,0.999838,0.999798,0.999757,0.999716,0.999675,0.999635,0.999593
738,1,0.99996,0.99992,0.99988,0.99984,0.999799,0.999759,0.999719,0.999678,0.999637,0.999597
739,1,0.99996,0.999921,0.999881,0.999842,0.999802,0.999762,0.999722,0.999682,0.999642,0.999602
740,1,0.999961,0.999922,0.999883,0.999844,0.999804,0.999765,0.999726,0.999686,0.999647,0.999607
741,1,0.999961,0.999922,0.999883,0.999843,0.999804,0.999765,0.999725,0.999686,0.999646,0.999607
742,1,0.99996,0.999921,0.999881,0.999841,0.999801,0.999761,0.999721,0.999681,0.999641,0.999601
743,1,0.99996,0.99992,0.999879,0.999839,0.999799,0.999758,0.999718,0.999677,0.999636,0.999595
744,1,0.99996,0.999919,0.999878,0.999838,0.999797,0.999756,0.999715,0.999674,0.999633,0.999592
745,1,0.999959,0.999919,0.999878,0.999837,0.999796,0.999755,0.999714,0.999673,0.999631,0.99959
746,1,0.999959,0.999919,0.999878,0.999837,0.999796,0.999755,0.999714,0.999673,0.999631,0.99959
747,1,0.99996,0.999919,0.999878,0.999838,0.999797,0.999756,0.999715,0.999674,0.999633,0.999592
748,1,0.99996,0.99992,0.999879,0.999839,0.999799,0.999758,0.999718,0.999677,0.999636,0.999595
749,1,0.99996,0.999921,0.999881,0.999841,0.999801,0.999761,0.999721,0.999681,0.999641,0.999601
750,1,0.999961,0.999922,0.999883,0.999843,0.999804,0.999765,0.999725,0.999686,0.999646,0.999607
751,1,0.999961,0.999922,0.999883,0.999843,0.999804,0.999765,0.999725,0.999686,0.999646,0.999607
752,1,0.99996,0.999921,0.999881,0.999841,0.999801,0.999761,0.999721,0.999681,0.999641,0.999601
753,1,0.99996,0.99992,0.999879,0.999839,0.999799,0.999758,0.999718,0.999677,0.999636,0.999595
754,1,0.99996,0.999919,0.999878,0.999838,0.999797,0.999756,0.999715,0.999674,0.999633,0.999592
755,1,0.999959,0.999919,0.999878,0.999837,0.999796,0.999755,0.999714,0.999673,0.999631,0.99959
756,1,0.999959,0.999919,0.999878,0.999837,0.999796,0.999755,0.999714,0.999673,0.999631,0.99959
757,1,0.99996,0.999919,0.999878,0.999838,0.999797,0.999756,0.999715,0.999674,0.999633,0.999592
758,1,0.99996,0.99992,0.999879,0.999839,0.999799,0.999758,0.999718,0.999677,0.999636,0.999595
759,1,0.99996,0.999921,0.999881,0.999841,0.999801,0.999761,0.999721,0.999681,0.999641,0.999601
760,1,0.999961,0.999922,0.999883,0.999843,0.999804,0.999765,0.999725,0.999686,0.999646,0.999607
761,1,0.999961,0.999922,0.999883,0.999844,0.999804,0.999765,0.999726,0.999686,0.999647,0.999607
762,1,0.99996,0.999921,0.999881,0.999842,0.999802,0.999762,0.999722,0.999682,0.999642,0.999602
763,1,0.99996,0.99992,0.99988,0.99984,0.999799,0.999759,0.999719,0.999678,0.999637,0.999597
764,1,0.99996,0.999919,0.999879,0.999838,0.999798,0.999757,0.999716,0.999675,0.999635,0.999593
765,1,0.99996,0.999919,0.999878,0.999838,0.999797,0.999756,0.999715,0.999674,0.999633,0.999592
766,1,0.99996,0.999919,0.999878,0.999838,0.999797,0.999756,0.999715,0.999674,0.999633,0.999592
767,1,0.99996,0.999919,0.999879,0.999838,0.999798,0.999757,0.999716,0.999675,0.999635,0.999593
768,1,0.99996,0.99992,0.99988,0.99984,0.999799,0.999759,0.999719,0.999678,0.999637,0.999597
769,1,0.99996,0.999921,0.999881,0.999842,0.999802,0.999762,0.999722,0.999682,0.999642,0.999602
770,1,0.999961,0.999922,0.999883,0.999844,0.999804,0.999765,0.999726,0.999686,0.999647,0.999607
771,1,0.999961,0.999922,0.999883,0.999844,0.999805,0.999765,0.999726,0.999686,0.999647,0.999607
772,1,0.999961,0.999921,0.999882,0.999842,0.999802,0.999763,0.999723,0.999683,0.999643,0.999603
773,1,0.99996,0.99992,0.999881,0.999841,0.999801,0.99976,0.99972,0.99968,0.99964,0.999599
774,1,0.99996,0.99992,0.99988,0.99984,0.999799,0.999759,0.999719,0.999678,0.999637,0.999597
775,1,0.99996,0.99992,0.999879,0.999839,0.999799,0.999758,0.999718,0.999677,0.999636,0.999595
776,1,0.99996,0.99992,0.999879,0.999839,0.999799,0.999758,0.999718,0.999677,0.999636,0.999595
777,1,0.99996,0.99992,0.99988,0.99984,0.999799,0.999759,0.999719,0.999678,0.999637,0.999597
778,1,0.99996,0.99992,0.999881,0.999841,0.999801,0.99976,0.99972,0.99968,0.99964,0.999599
779,1,0.999961,0.999921,0.999882,0.999842,0.999802,0.999763,0.999723,0.999683,0.999643,0.999603
780,1,0.999961,0.999922,0.999883,0.999844,0.999805,0.999765,0.999726,0.999686,0.999647,0.999607
781,1,0.999961,0.999922,0.999883,0.999843,0.999804,0.999765,0.999725,0.999686,0.999646,0.999606
782,1,0.999961,0.999921,0.999882,0.999843,0.999803,0.999763,0.999724,0.999684,0.999644,0.999604
783,1,0.999961,0.999921,0.999882,0.999842,0.999802,0.999763,0.999723,0.999683,0.999643,0.999603
784,1,0.99996,0.999921,0.999881,0.999842,0.999802,0.999762,0.999722,0.999682,0.999642,0.999602
785,1,0.99996,0.999921,0.999881,0.999841,0.999801,0.999761,0.999721,0.999681,0.999641,0.999601
786,1,0.99996,0.999921,0.999881,0.999841,0.999801,0.999761,0.999721,0.999681,0.999641,0.999601
787,1,0.99996,0.999921,0.999881,0.999842,0.999802,0.999762,0.999722,0.999682,0.999642,0.999602
788,1,0.999961,0.999921,0.999882,0.999842,0.999802,0.999763,0.999723,0.999683,0.999643,0.999603
789,1,0.999961,0.999921,0.999882,0.999843,0.999803,0.999763,0.999724,0.999684,0.999644,0.999604
790,1,0.999961,0.999922,0.999883,0.999843,0.999804,0.999765,0.999725,0.999686,0.999646,0.999606
791,1,0.99996,0.999921,0.999881,0.999842,0.999802,0.999762,0.999722,0.999682,0.999642,0.999602
792,1,0.999961,0.999922,0.999883,0.999843,0.999804,0.999765,0.999725,0.999686,0.999646,0.999606
793,1,0.999961,0.999922,0.999883,0.999844,0.999805,0.999765,0.999726,0.999686,0.999647,0.999607
794,1,0.999961,0.999922,0.999883,0.999844,0.999804,0.999765,0.999726,0.999686,0.999647,0.999607
795,1,0.999961,0.999922,0.999883,0.999843,0.999804,0.999765,0.999725,0.999686,0.999646,0.999607
796,1,0.999961,0.999922,0.999883,0.999843,0.999804,0.999765,0.999725,0.999686,0.999646,0.999607
797,1,0.999961,0.999922,0.999883,0.999844,0.999804,0.999765,0.999726,0.999686,0.999647,0.999607
798,1,0.999961,0.999922,0.999883,0.999844,0.999805,0.999765,0.999726,0.999686,0.999647,0.999607
799,1,0.999961,0.999922,0.999883,0.999843,0.999804,0.999765,0.999725,0.999686,0.999646,0.999606
800,1,0.99996,0.999921,0.999881,0.999842,0.999802,0.999762,0.999722,0.999682,0.999642,0.999602
801,1,0.99996,0.999919,0.999879,0.999839,0.999798,0.999757,0.999717,0.999676,0.999635,0.999594
802,1,0.99996,0.99992,0.999881,0.999841,0.999801,0.999761,0.99972,0.99968,0.99964,0.999599
803,1,0.999961,0.999921,0.999882,0.999842,0.999802,0.999762,0.999723,0.999683,0.999643,0.999603
804,1,0.999961,0.999922,0.999882,0.999843,0.999803,0.999764,0.999724,0.999684,0.999645,0.999605
805,1,0.999961,0.999922,0.999882,0.999843,0.999804,0.999764,0.999725,0.999685,0.999645,0.999606
806,1,0.999961,0.999922,0.999882,0.999843,0.999804,0.999764,0.999725,0.999685,0.999645,0.999606
807,1,0.999961,0.999922,0.999882,0.999843,0.999803,0.999764,0.999724,0.999684,0.999645,0.999605
808,1,0.999961,0.999921,0.999882,0.999842,0.999802,0.999762,0.999723,0.999683,0.999643,0.999603
809,1,0.99996,0.99992,0.999881,0.999841,0.999801,0.999761,0.99972,0.99968,0.99964,0.999599
810,1,0.99996,0.999919,0.999879,0.999839,0.999798,0.999757,0.999717,0.999676,0.999635,0.999594
811,1,0.99996,0.99992,0.999881,0.999841,0.999801,0.999761,0.99972,0.99968,0.99964,0.999599
812,1,0.999961,0.999921,0.999881,0.999842,0.999802,0.999762,0.999722,0.999682,0.999642,0.999602
813,1,0.999961,0.999921,0.999882,0.999842,0.999803,0.999763,0.999724,0.999684,0.999644,0.999604
814,1,0.999961,0.999922,0.999882,0.999843,0.999804,0.999764,0.999725,0.999685,0.999645,0.999605
815,1,0.999961,0.999922,0.999883,0.999843,0.999804,0.999765,0.999725,0.999686,0.999646,0.999606
816,1,0.999961,0.999922,0.999883,0.999843,0.999804,0.999765,0.999725,0.999686,0.999646,0.999606
817,1,0.999961,0.999922,0.999882,0.999843,0.999804,0.999764,0.999725,0.999685,0.999645,0.999605
818,1,0.999961,0.999921,0.999882,0.999842,0.999803,0.999763,0.999724,0.999684,0.999644,0.999604
819,1,0.999961,0.999921,0.999881,0.999842,0.999802,0.999762,0.999722,0.999682,0.999642,0.999602
820,1,0.99996,0.99992,0.999881,0.999841,0.999801,0.999761,0.99972,0.99968,0.99964,0.999599
821,1,0.999961,0.999921,0.999882,0.999842,0.999802,0.999762,0.999723,0.999683,0.999643,0.999603
822,1,0.999961,0.999921,0.999882,0.999842,0.999803,0.999763,0.999724,0.999684,0.999644,0.999604
823,1,0.999961,0.999922,0.999882,0.999843,0.999804,0.999764,0.999725,0.999685,0.999645,0.999605
824,1,0.999961,0.999922,0.999883,0.999844,0.999804,0.999765,0.999725,0.999686,0.999646,0.999607
825,1,0.999961,0.999922,0.999883,0.999844,0.999805,0.999765,0.999726,0.999686,0.999647,0.999607
826,1,0.999961,0.999922,0.999883,0.999844,0.999805,0.999765,0.999726,0.999686,0.999647,0.999607
827,1,0.999961,0.999922,0.999883,0.999844,0.999804,0.999765,0.999725,0.999686,0.999646,0.999607
828,1,0.999961,0.999922,0.999882,0.999843,0.999804,0.999764,0.999725,0.999685,0.999645,0.999605
829,1,0.999961,0.999921,0.999882,0.999842,0.999803,0.999763,0.999724,0.999684,0.999644,0.999604
830,1,0.999961,0.999921,0.999882,0.999842,0.999802,0.999762,0.999723,0.999683,0.999643,0.999603
831,1,0.999961,0.999922,0.999882,0.999843,0.999803,0.999764,0.999724,0.999684,0.999645,0.999605
832,1,0.999961,0.999922,0.999882,0.999843,0.999804,0.999764,0.999725,0.999685,0.999645,0.999605
833,1,0.999961,0.999922,0.999883,0.999844,0.999804,0.999765,0.999725,0.999686,0.999646,0.999607
834,1,0.999961,0.999922,0.999883,0.999844,0.999805,0.999766,0.999726,0.999687,0.999647,0.999608
835,1,0.999961,0.999922,0.999883,0.999844,0.999805,0.999766,0.999727,0.999687,0.999648,0.999609
836,1,0.999961,0.999922,0.999883,0.999844,0.999805,0.999766,0.999727,0.999687,0.999648,0.999609
837,1,0.999961,0.999922,0.999883,0.999844,0.999805,0.999766,0.999726,0.999687,0.999647,0.999608
838,1,0.999961,0.999922,0.999883,0.999844,0.999804,0.999765,0.999725,0.999686,0.999646,0.999607
839,1,0.999961,0.999922,0.999882,0.999843,0.999804,0.999764,0.999725,0.999685,0.999645,0.999605
840,1,0.999961,0.999922,0.999882,0.999843,0.999803,0.999764,0.999724,0.999684,0.999645,0.999605
841,1,0.999961,0.999922,0.999882,0.999843,0.999804,0.999764,0.999725,0.999685,0.999645,0.999606
842,1,0.999961,0.999922,0.999883,0.999843,0.999804,0.999765,0.999725,0.999686,0.999646,0.999606
843,1,0.999961,0.999922,0.999883,0.999844,0.999805,0.999765,0.999726,0.999686,0.999647,0.999607
844,1,0.999961,0.999922,0.999883,0.999844,0.999805,0.999766,0.999727,0.999687,0.999648,0.999609
845,1,0.999961,0.999922,0.999884,0.999845,0.999806,0.999766,0.999727,0.999688,0.999649,0.999609
846,1,0.999961,0.999922,0.999884,0.999845,0.999806,0.999766,0.999727,0.999688,0.999649,0.999609
847,1,0.999961,0.999922,0.999883,0.999844,0.999805,0.999766,0.999727,0.999687,0.999648,0.999609
848,1,0.999961,0.999922,0.999883,0.999844,0.999805,0.999765,0.999726,0.999686,0.999647,0.999607
849,1,0.999961,0.999922,0.999883,0.999843,0.999804,0.999765,0.999725,0.999686,0.999646,0.999606
850,1,0.999961,0.999922,0.999882,0.999843,0.999804,0.999764,0.999725,0.999685,0.999645,0.999606
851,1,0.999961,0.999922,0.999882,0.999843,0.999804,0.999764,0.999725,0.999685,0.999645,0.999606
852,1,0.999961,0.999922,0.999883,0.999843,0.999804,0.999765,0.999725,0.999686,0.999646,0.999606
853,1,0.999961,0.999922,0.999883,0.999844,0.999805,0.999765,0.999726,0.999686,0.999647,0.999607
854,1,0.999961,0.999922,0.999883,0.999844,0.999805,0.999766,0.999727,0.999687,0.999648,0.999609
855,1,0.999961,0.999922,0.999884,0.999845,0.999806,0.999766,0.999727,0.999688,0.999649,0.999609
856,1,0.999961,0.999922,0.999884,0.999845,0.999806,0.999766,0.999727,0.999688,0.999649,0.999609
857,1,0.999961,0.999922,0.999883,0.999844,0.999805,0.999766,0.999727,0.999687,0.999648,0.999609
858,1,0.999961,0.999922,0.999883,0.999844,0.999805,0.999765,0.999726,0.999686,0.999647,0.999607
859,1,0.999961,0.999922,0.999883,0.999843,0.999804,0.999765,0.999725,0.999686,0.999646,0.999606
860,1,0.999961,0.999922,0.999882,0.999843,0.999804,0.999764,0.999725,0.999685,0.999645,0.999606
861,1,0.999961,0.999922,0.999882,0.999843,0.999803,0.999764,0.999724,0.999684,0.999645,0.999605
862,1,0.999961,0.999922,0.999882,0.999843,0.999804,0.999764,0.999725,0.999685,0.999645,0.999605
863,1,0.999961,0.999922,0.999883,0.999844,0.999804,0.999765,0.999725,0.999686,0.999646,0.999607
864,1,0.999961,0.999922,0.999883,0.999844,0.999805,0.999766,0.999726,0.999687,0.999647,0.999608
865,1,0.999961,0.999922,0.999883,0.999844,0.999805,0.999766,0.999727,0.999687,0.999648,0.999609
866,1,0.999961,0.999922,0.999883,0.999844,0.999805,0.999766,0.999727,0.999687,0.999648,0.999609
867,1,0.999961,0.999922,0.999883,0.999844,0.999805,0.999766,0.999726,0.999687,0.999647,0.999608
868,1,0.999961,0.999922,0.999883,0.999844,0.999804,0.999765,0.999725,0.999686,0.999646,0.999607
869,1,0.999961,0.999922,0.999882,0.999843,0.999804,0.999764,0.999725,0.999685,0.999645,0.999605
870,1,0.999961,0.999922,0.999882,0.999843,0.999803,0.999764,0.999724,0.999684,0.999645,0.999605
871,1,0.999961,0.999921,0.999882,0.999842,0.999802,0.999762,0.999723,0.999683,0.999643,0.999603
872,1,0.999961,0.999921,0.999882,0.999842,0.999803,0.999763,0.999724,0.999684,0.999644,0.999604
873,1,0.999961,0.999922,0.999882,0.999843,0.999804,0.999764,0.999725,0.999685,0.999645,0.999605
874,1,0.999961,0.999922,0.999883,0.999844,0.999804,0.999765,0.999725,0.999686,0.999646,0.999607
875,1,0.999961,0.999922,0.999883,0.999844,0.999805,0.999765,0.999726,0.999686,0.999647,0.999607
876,1,0.999961,0.999922,0.999883,0.999844,0.999805,0.999765,0.999726,0.999686,0.999647,0.999607
877,1,0.999961,0.999922,0.999883,0.999844,0.999804,0.999765,0.999725,0.999686,0.999646,0.999607
878,1,0.999961,0.999922,0.999882,0.999843,0.999804,0.999764,0.999725,0.999685,0.999645,0.999605
879,1,0.999961,0.999921,0.999882,0.999842,0.999803,0.999763,0.999724,0.999684,0.999644,0.999604
880,1,0.999961,0.999921,0.999882,0.999842,0.999802,0.999762,0.999723,0.999683,0.999643,0.999603
881,1,0.99996,0.99992,0.999881,0.999841,0.999801,0.999761,0.99972,0.99968,0.99964,0.999599
882,1,0.999961,0.999921,0.999881,0.999842,0.999802,0.999762,0.999722,0.999682,0.999642,0.999602
883,1,0.999961,0.999921,0.999882,0.999842,0.999803,0.999763,0.999724,0.999684,0.999644,0.999604
884,1,0.999961,0.999922,0.999882,0.999843,0.999804,0.999764,0.999725,0.999685,0.999645,0.999605
885,1,0.999961,0.999922,0.999883,0.999843,0.999804,0.999765,0.999725,0.999686,0.999646,0.999606
886,1,0.999961,0.999922,0.999883,0.999843,0.999804,0.999765,0.999725,0.999686,0.999646,0.999606
887,1,0.999961,0.999922,0.999882,0.999843,0.999804,0.999764,0.999725,0.999685,0.999645,0.999605
888,1,0.999961,0.999921,0.999882,0.999842,0.999803,0.999763,0.999724,0.999684,0.999644,0.999604
889,1,0.999961,0.999921,0.999881,0.999842,0.999802,0.999762,0.999722,0.999682,0.999642,0.999602
890,1,0.99996,0.99992,0.999881,0.999841,0.999801,0.999761,0.99972,0.99968,0.99964,0.999599
891,1,0.99996,0.999919,0.999879,0.999839,0.999798,0.999757,0.999717,0.999676,0.999635,0.999594
892,1,0.99996,0.99992,0.999881,0.999841,0.999801,0.999761,0.99972,0.99968,0.99964,0.999599
893,1,0.999961,0.999921,0.999882,0.999842,0.999802,0.999762,0.999723,0.999683,0.999643,0.999603
894,1,0.999961,0.999922,0.999882,0.999843,0.999803,0.999764,0.999724,0.999684,0.999645,0.999605
895,1,0.999961,0.999922,0.999882,0.999843,0.999804,0.999764,0.999725,0.999685,0.999645,0.999606
896,1,0.999961,0.999922,0.999882,0.999843,0.999804,0.999764,0.999725,0.999685,0.999645,0.999606
897,1,0.999961,0.999922,0.999882,0.999843,0.999803,0.999764,0.999724,0.999684,0.999645,0.999605
898,1,0.999961,0.999921,0.999882,0.999842,0.999802,0.999762,0.999723,0.999683,0.999643,0.999603
899,1,0.99996,0.99992,0.999881,0.999841,0.999801,0.999761,0.99972,0.99968,0.99964,0.999599
900,1,0.99996,0.999919,0.999879,0.999839,0.999798,0.999757,0.999717,0.999676,0.999635,0.999594
901,1,0.999959,0.999918,0.999877,0.999836,0.999795,0.999753,0.999712,0.999671,0.999629,0.999587
902,1,0.99996,0.999919,0.999879,0.999838,0.999797,0.999757,0.999716,0.999675,0.999634,0.999593
903,1,0.99996,0.99992,0.99988,0.99984,0.9998,0.99976,0.99972,0.999679,0.999639,0.999599
904,1,0.999961,0.999921,0.999882,0.999842,0.999802,0.999762,0.999723,0.999683,0.999643,0.999603
905,1,0.999961,0.999922,0.999882,0.999843,0.999803,0.999764,0.999724,0.999684,0.999645,0.999605
906,1,0.999961,0.999922,0.999882,0.999843,0.999803,0.999764,0.999724,0.999684,0.999645,0.999605
907,1,0.999961,0.999921,0.999882,0.999842,0.999802,0.999762,0.999723,0.999683,0.999643,0.999603
908,1,0.99996,0.99992,0.99988,0.99984,0.9998,0.99976,0.99972,0.999679,0.999639,0.999599
909,1,0.99996,0.999919,0.999879,0.999838,0.999797,0.999757,0.999716,0.999675,0.999634,0.999593
910,1,0.999959,0.999918,0.999877,0.999836,0.999795,0.999753,0.999712,0.999671,0.999629,0.999587
911,1,0.99996,0.999919,0.999879,0.999838,0.999797,0.999757,0.999716,0.999675,0.999634,0.999593
912,1,0.99996,0.99992,0.99988,0.99984,0.9998,0.99976,0.99972,0.999679,0.999639,0.999598
913,1,0.999961,0.999922,0.999882,0.999843,0.999803,0.999764,0.999724,0.999684,0.999645,0.999605
914,1,0.999961,0.999923,0.999884,0.999845,0.999806,0.999767,0.999728,0.999689,0.999649,0.99961
915,1,0.999962,0.999923,0.999885,0.999846,0.999807,0.999768,0.99973,0.999691,0.999652,0.999613
916,1,0.999962,0.999923,0.999885,0.999846,0.999807,0.999768,0.99973,0.999691,0.999652,0.999613
917,1,0.999961,0.999923,0.999884,0.999845,0.999806,0.999767,0.999728,0.999689,0.999649,0.99961
918,1,0.999961,0.999922,0.999882,0.999843,0.999803,0.999764,0.999724,0.999684,0.999645,0.999605
919,1,0.99996,0.99992,0.99988,0.99984,0.9998,0.99976,0.99972,0.999679,0.999639,0.999598
920,1,0.99996,0.999919,0.999879,0.999838,0.999797,0.999757,0.999716,0.999675,0.999634,0.999593
921,1,0.99996,0.99992,0.99988,0.99984,0.9998,0.99976,0.99972,0.999679,0.999639,0.999599
922,1,0.999961,0.999922,0.999882,0.999843,0.999803,0.999764,0.999724,0.999684,0.999645,0.999605
923,1,0.999961,0.999923,0.999884,0.999846,0.999807,0.999768,0.999729,0.99969,0.999651,0.999612
924,1,0.999962,0.999924,0.999886,0.999848,0.99981,0.999771,0.999733,0.999694,0.999656,0.999617
925,1,0.999962,0.999925,0.999887,0.999849,0.999811,0.999773,0.999735,0.999697,0.999659,0.99962
926,1,0.999962,0.999925,0.999887,0.999849,0.999811,0.999773,0.999735,0.999697,0.999659,0.99962
927,1,0.999962,0.999924,0.999886,0.999848,0.99981,0.999771,0.999733,0.999694,0.999656,0.999617
928,1,0.999961,0.999923,0.999884,0.999846,0.999807,0.999768,0.999729,0.99969,0.999651,0.999612
929,1,0.999961,0.999922,0.999882,0.999843,0.999803,0.999764,0.999724,0.999684,0.999645,0.999605
930,1,0.99996,0.99992,0.99988,0.99984,0.9998,0.99976,0.99972,0.999679,0.999639,0.999599
931,1,0.999961,0.999921,0.999882,0.999842,0.999802,0.999762,0.999723,0.999683,0.999643,0.999603
932,1,0.999961,0.999923,0.999884,0.999845,0.999806,0.999767,0.999728,0.999689,0.999649,0.99961
933,1,0.999962,0.999924,0.999886,0.999848,0.99981,0.999771,0.999733,0.999694,0.999656,0.999617
934,1,0.999963,0.999925,0.999888,0.99985,0.999812,0.999775,0.999737,0.999699,0.999661,0.999623
935,1,0.999963,0.999926,0.999889,0.999851,0.999814,0.999777,0.999739,0.999701,0.999664,0.999626
936,1,0.999963,0.999926,0.999889,0.999851,0.999814,0.999777,0.999739,0.999701,0.999664,0.999626
937,1,0.999963,0.999925,0.999888,0.99985,0.999812,0.999775,0.999737,0.999699,0.999661,0.999623
938,1,0.999962,0.999924,0.999886,0.999848,0.99981,0.999771,0.999733,0.999694,0.999656,0.999617
939,1,0.999961,0.999923,0.999884,0.999845,0.999806,0.999767,0.999728,0.999689,0.999649,0.99961
940,1,0.999961,0.999921,0.999882,0.999842,0.999802,0.999762,0.999723,0.999683,0.999643,0.999603
941,1,0.999961,0.999922,0.999882,0.999843,0.999803,0.999764,0.999724,0.999684,0.999645,0.999605
942,1,0.999962,0.999923,0.999885,0.999846,0.999807,0.999768,0.99973,0.999691,0.999652,0.999613
943,1,0.999962,0.999925,0.999887,0.999849,0.999811,0.999773,0.999735,0.999697,0.999659,0.99962
944,1,0.999963,0.999926,0.999889,0.999851,0.999814,0.999777,0.999739,0.999701,0.999664,0.999626
945,1,0.999963,0.999926,0.999889,0.999853,0.999816,0.999778,0.999741,0.999704,0.999667,0.999629
946,1,0.999963,0.999926,0.999889,0.999853,0.999816,0.999778,0.999741,0.999704,0.999667,0.999629
947,1,0.999963,0.999926,0.999889,0.999851,0.999814,0.999777,0.999739,0.999701,0.999664,0.999626
948,1,0.999962,0.999925,0.999887,0.999849,0.999811,0.999773,0.999735,0.999697,0.999659,0.99962
949,1,0.999962,0.999923,0.999885,0.999846,0.999807,0.999768,0.99973,0.999691,0.999652,0.999613
950,1,0.999961,0.999922,0.999882,0.999843,0.999803,0.999764,0.999724,0.999684,0.999645,0.999605
951,1,0.999961,0.999922,0.999882,0.999843,0.999803,0.999764,0.999724,0.999684,0.999645,0.999605
952,1,0.999962,0.999923,0.999885,0.999846,0.999807,0.999768,0.99973,0.999691,0.999652,0.999613
953,1,0.999962,0.999925,0.999887,0.999849,0.999811,0.999773,0.999735,0.999697,0.999659,0.99962
954,1,0.999963,0.999926,0.999889,0.999851,0.999814,0.999777,0.999739,0.999701,0.999664,0.999626
955,1,0.999963,0.999926,0.999889,0.999853,0.999816,0.999778,0.999741,0.999704,0.999667,0.999629
956,1,0.999963,0.999926,0.999889,0.999853,0.999816,0.999778,0.999741,0.999704,0.999667,0.999629
957,1,0.999963,0.999926,0.999889,0.999851,0.999814,0.999777,0.999739,0.999701,0.999664,0.999626
958,1,0.999962,0.999925,0.999887,0.999849,0.999811,0.999773,0.999735,0.999697,0.999659,0.99962
959,1,0.999962,0.999923,0.999885,0.999846,0.999807,0.999768,0.99973,0.999691,0.999652,0.999613
960,1,0.999961,0.999922,0.999882,0.999843,0.999803,0.999764,0.999724,0.999684,0.999645,0.999605
961,1,0.999961,0.999921,0.999882,0.999842,0.999802,0.999762,0.999723,0.999683,0.999643,0.999603
962,1,0.999961,0.999923,0.999884,0.999845,0.999806,0.999767,0.999728,0.999689,0.999649,0.99961
963,1,0.999962,0.999924,0.999886,0.999848,0.99981,0.999771,0.999733,0.999694,0.999656,0.999617
964,1,0.999963,0.999925,0.999888,0.99985,0.999812,0.999775,0.999737,0.999699,0.999661,0.999623
965,1,0.999963,0.999926,0.999889,0.999851,0.999814,0.999777,0.999739,0.999701,0.999664,0.999626
966,1,0.999963,0.999926,0.999889,0.999851,0.999814,0.999777,0.999739,0.999701,0.999664,0.999626
967,1,0.999963,0.999925,0.999888,0.99985,0.999812,0.999775,0.999737,0.999699,0.999661,0.999623
968,1,0.999962,0.999924,0.999886,0.999848,0.99981,0.999771,0.999733,0.999694,0.999656,0.999617
969,1,0.999961,0.999923,0.999884,0.999845,0.999806,0.999767,0.999728,0.999689,0.999649,0.99961
970,1,0.999961,0.999921,0.999882,0.999842,0.999802,0.999762,0.999723,0.999683,0.999643,0.999603
971,1,0.99996,0.99992,0.99988,0.99984,0.9998,0.99976,0.99972,0.999679,0.999639,0.999599
972,1,0.999961,0.999922,0.999882,0.999843,0.999803,0.999764,0.999724,0.999684,0.999645,0.999605
973,1,0.999961,0.999923,0.999884,0.999846,0.999807,0.999768,0.999729,0.99969,0.999651,0.999612
974,1,0.999962,0.999924,0.999886,0.999848,0.99981,0.999771,0.999733,0.999694,0.999656,0.999617
975,1,0.999962,0.999925,0.999887,0.999849,0.999811,0.999773,0.999735,0.999697,0.999659,0.99962
976,1,0.999962,0.999925,0.999887,0.999849,0.999811,0.999773,0.999735,0.999697,0.999659,0.99962
977,1,0.999962,0.999924,0.999886,0.999848,0.99981,0.999771,0.999733,0.999694,0.999656,0.999617
978,1,0.999961,0.999923,0.999884,0.999846,0.999807,0.999768,0.999729,0.99969,0.999651,0.999612
979,1,0.999961,0.999922,0.999882,0.999843,0.999803,0.999764,0.999724,0.999684,0.999645,0.999605
980,1,0.99996,0.99992,0.99988,0.99984,0.9998,0.99976,0.99972,0.999679,0.999639,0.999599
981,1,0.99996,0.999919,0.999879,0.999838,0.999797,0.999757,0.999716,0.999675,0.999634,0.999593
982,1,0.99996,0.99992,0.99988,0.99984,0.9998,0.99976,0.99972,0.999679,0.999639,0.999598
983,1,0.999961,0.999922,0.999882,0.999843,0.999803,0.999764,0.999724,0.999684,0.999645,0.999605
984,1,0.999961,0.999923,0.999884,0.999845,0.999806,0.999767,0.999728,0.999689,0.999649,0.99961
985,1,0.999962,0.999923,0.999885,0.999846,0.999807,0.999768,0.99973,0.999691,0.999652,0.999613
986,1,0.999962,0.999923,0.999885,0.999846,0.999807,0.999768,0.99973,0.999691,0.999652,0.999613
987,1,0.999961,0.999923,0.999884,0.999845,0.999806,0.999767,0.999728,0.999689,0.999649,0.99961
988,1,0.999961,0.999922,0.999882,0.999843,0.999803,0.999764,0.999724,0.999684,0.999645,0.999605
989,1,0.99996,0.99992,0.99988,0.99984,0.9998,0.99976,0.99972,0.999679,0.999639,0.999598
990,1,0.99996,0.999919,0.999879,0.999838,0.999797,0.999757,0.999716,0.999675,0.999634,0.999593
991,1,0.999959,0.999918,0.999877,0.999836,0.999795,0.999753,0.999712,0.999671,0.999629,0.999587
992,1,0.99996,0.999919,0.999879,0.999838,0.999797,0.999757,0.999716,0.999675,0.999634,0.999593
993,1,0.99996,0.99992,0.99988,0.99984,0.9998,0.99976,0.99972,0.999679,0.999639,0.999599
994,1,0.999961,0.999921,0.999882,0.999842,0.999802,0.999762,0.999723,0.999683,0.999643,0.999603
995,1,0.999961,0.999922,0.999882,0.999843,0.999803,0.999764,0.999724,0.999684,0.999645,0.999605
996,1,0.999961,0.999922,0.999882,0.999843,0.999803,0.999764,0.999724,0.999684,0.999645,0.999605
997,1,0.999961,0.999921,0.999882,0.999842,0.999802,0.999762,0.999723,0.999683,0.999643,0.999603
998,1,0.99996,0.99992,0.99988,0.99984,0.9998,0.99976,0.99972,0.999679,0.999639,0.999599
999,1,0.99996,0.999919,0.999879,0.999838,0.999797,0.999757,0.999716,0.999675,0.999634,0.999593
1000,1,0.999959,0.999918,0.999877,0.999836,0.999795,0.999753,0.999712,0.999671,0.999629,0.999587
