1,-10235.5,-10235.5,-15249.3,287.156,-3155.2,-3155.2
2,-8149.59,-7751.76,-12084.6,-23.4823,-3141.69,-2286.83
3,-8492.18,-7766.91,-12067.6,-30.5066,-3323.12,-1473.77
4,-8470.31,-7598.31,-11851.3,-18.8924,-3441.47,-841.812
5,-8510.79,-7578.58,-11815.3,-6.04378,-3498.74,-273.28
6,-8510.79,-7578.58,-11815.3,6.04378,-3498.74,273.28
7,-8470.31,-7598.31,-11851.3,18.8924,-3441.47,841.812
8,-8492.18,-7766.91,-12067.6,30.5066,-3323.12,1473.77
9,-8149.59,-7751.76,-12084.6,23.4823,-3141.69,2286.83
10,-10235.5,-10235.5,-15249.3,-287.156,-3155.2,3155.2
11,-7751.76,-8149.59,-12084.6,-23.4823,-2286.83,-3141.69
12,-5432.17,-5432.17,-8708.13,-98.642,-2287.46,-2287.46
13,-5953.56,-5697.05,-8889,-77.2618,-2390.27,-1483.42
14,-5980.89,-5581.03,-8719.75,-45.7379,-2475.24,-844.773
15,-6037.98,-5575.63,-8694.87,-14.8879,-2519.53,-273.788
16,-6037.98,-5575.63,-8694.87,14.8879,-2519.53,273.788
17,-5980.89,-5581.03,-8719.75,45.7379,-2475.24,844.773
18,-5953.56,-5697.05,-8889,77.2618,-2390.27,1483.42
19,-5432.17,-5432.17,-8708.13,98.642,-2287.46,2287.46
20,-7751.76,-8149.59,-12084.6,23.4823,-2286.83,3141.69
21,-7766.91,-8492.18,-12067.6,-30.5066,-1473.77,-3323.12
22,-5697.05,-5953.56,-8889,-77.2618,-1483.42,-2390.27
23,-6218.68,-6218.68,-9042.6,-61.7779,-1551.91,-1551.91
24,-6314,-6167.08,-8928.54,-38.6462,-1608.6,-882.024
25,-6395.89,-6181.14,-8921.3,-12.9175,-1639.65,-285.494
26,-6395.89,-6181.14,-8921.3,12.9175,-1639.65,285.494
27,-6314,-6167.08,-8928.54,38.6462,-1608.6,882.024
28,-6218.68,-6218.68,-9042.6,61.7779,-1551.91,1551.91
29,-5697.05,-5953.56,-8889,77.2618,-1483.42,2390.27
30,-7766.91,-8492.18,-12067.6,30.5066,-1473.77,3323.12
31,-7598.31,-8470.31,-11851.3,-18.8924,-841.812,-3441.47
32,-5581.03,-5980.89,-8719.75,-45.7379,-844.773,-2475.24
33,-6167.08,-6314,-8928.54,-38.6462,-882.024,-1608.6
34,-6287.71,-6287.71,-8832.16,-24.6516,-914.426,-914.426
35,-6386.65,-6317.66,-8837.79,-8.38327,-932.424,-295.946
36,-6386.65,-6317.66,-8837.79,8.38327,-932.424,295.946
37,-6287.71,-6287.71,-8832.16,24.6516,-914.426,914.426
38,-6167.08,-6314,-8928.54,38.6462,-882.024,1608.6
39,-5581.03,-5980.89,-8719.75,45.7379,-844.773,2475.24
40,-7598.31,-8470.31,-11851.3,18.8924,-841.812,3441.47
41,-7578.58,-8510.79,-11815.3,-6.04378,-273.28,-3498.74
42,-5575.63,-6037.98,-8694.87,-14.8879,-273.788,-2519.53
43,-6181.14,-6395.89,-8921.3,-12.9175,-285.494,-1639.65
44,-6317.66,-6386.65,-8837.79,-8.38327,-295.946,-932.424
45,-6423.32,-6423.32,-8848.29,-2.85905,-301.83,-301.83
46,-6423.32,-6423.32,-8848.29,2.85905,-301.83,301.83
47,-6317.66,-6386.65,-8837.79,8.38327,-295.946,932.424
48,-6181.14,-6395.89,-8921.3,12.9175,-285.494,1639.65
49,-5575.63,-6037.98,-8694.87,14.8879,-273.788,2519.53
50,-7578.58,-8510.79,-11815.3,6.04378,-273.28,3498.74
51,-7578.58,-8510.79,-11815.3,6.04378,273.28,-3498.74
52,-5575.63,-6037.98,-8694.87,14.8879,273.788,-2519.53
53,-6181.14,-6395.89,-8921.3,12.9175,285.494,-1639.65
54,-6317.66,-6386.65,-8837.79,8.38327,295.946,-932.424
55,-6423.32,-6423.32,-8848.29,2.85905,301.83,-301.83
56,-6423.32,-6423.32,-8848.29,-2.85905,301.83,301.83
57,-6317.66,-6386.65,-8837.79,-8.38327,295.946,932.424
58,-6181.14,-6395.89,-8921.3,-12.9175,285.494,1639.65
59,-5575.63,-6037.98,-8694.87,-14.8879,273.788,2519.53
60,-7578.58,-8510.79,-11815.3,-6.04378,273.28,3498.74
61,-7598.31,-8470.31,-11851.3,18.8924,841.812,-3441.47
62,-5581.03,-5980.89,-8719.75,45.7379,844.773,-2475.24
63,-6167.08,-6314,-8928.54,38.6462,882.024,-1608.6
64,-6287.71,-6287.71,-8832.16,24.6516,914.426,-914.426
65,-6386.65,-6317.66,-8837.79,8.38327,932.424,-295.946
66,-6386.65,-6317.66,-8837.79,-8.38327,932.424,295.946
67,-6287.71,-6287.71,-8832.16,-24.6516,914.426,914.426
68,-6167.08,-6314,-8928.54,-38.6462,882.024,1608.6
69,-5581.03,-5980.89,-8719.75,-45.7379,844.773,2475.24
70,-7598.31,-8470.31,-11851.3,-18.8924,841.812,3441.47
71,-7766.91,-8492.18,-12067.6,30.5066,1473.77,-3323.12
72,-5697.05,-5953.56,-8889,77.2618,1483.42,-2390.27
73,-6218.68,-6218.68,-9042.6,61.7779,1551.91,-1551.91
74,-6314,-6167.08,-8928.54,38.6462,1608.6,-882.024
75,-6395.89,-6181.14,-8921.3,12.9175,1639.65,-285.494
76,-6395.89,-6181.14,-8921.3,-12.9175,1639.65,285.494
77,-6314,-6167.08,-8928.54,-38.6462,1608.6,882.024
78,-6218.68,-6218.68,-9042.6,-61.7779,1551.91,1551.91
79,-5697.05,-5953.56,-8889,-77.2618,1483.42,2390.27
80,-7766.91,-8492.18,-12067.6,-30.5066,1473.77,3323.12
81,-7751.76,-8149.59,-12084.6,23.4823,2286.83,-3141.69
82,-5432.17,-5432.17,-8708.13,98.642,2287.46,-2287.46
83,-5953.56,-5697.05,-8889,77.2618,2390.27,-1483.42
84,-5980.89,-5581.03,-8719.75,45.7379,2475.24,-844.773
85,-6037.98,-5575.63,-8694.87,14.8879,2519.53,-273.788
86,-6037.98,-5575.63,-8694.87,-14.8879,2519.53,273.788
87,-5980.89,-5581.03,-8719.75,-45.7379,2475.24,844.773
88,-5953.56,-5697.05,-8889,-77.2618,2390.27,1483.42
89,-5432.17,-5432.17,-8708.13,-98.642,2287.46,2287.46
90,-7751.76,-8149.59,-12084.6,-23.4823,2286.83,3141.69
91,-10235.5,-10235.5,-15249.3,-287.156,3155.2,-3155.2
92,-8149.59,-7751.76,-12084.6,23.4823,3141.69,-2286.83
93,-8492.18,-7766.91,-12067.6,30.5066,3323.12,-1473.77
94,-8470.31,-7598.31,-11851.3,18.8924,3441.47,-841.812
95,-8510.79,-7578.58,-11815.3,6.04378,3498.74,-273.28
96,-8510.79,-7578.58,-11815.3,-6.04378,3498.74,273.28
97,-8470.31,-7598.31,-11851.3,-18.8924,3441.47,841.812
98,-8492.18,-7766.91,-12067.6,-30.5066,3323.12,1473.77
99,-8149.59,-7751.76,-12084.6,-23.4823,3141.69,2286.83
100,-10235.5,-10235.5,-15249.3,287.156,3155.2,3155.2
101,-987.788,-987.788,-9627.94,200.099,-1082.1,-1082.1
102,-2674,-2140.81,-10352,-77.525,-1192.4,-1350.85
103,-2693.71,-1658.82,-9654.03,-112.442,-1153.62,-1000.38
104,-2867.03,-1553.56,-9458.7,-67.263,-1176.13,-611.423
105,-2913.02,-1479.23,-9335.98,-22.3623,-1189.91,-203.83
106,-2913.02,-1479.23,-9335.98,22.3623,-1189.91,203.83
107,-2867.03,-1553.56,-9458.7,67.263,-1176.13,611.423
108,-2693.71,-1658.82,-9654.03,112.442,-1153.62,1000.38
109,-2674,-2140.81,-10352,77.525,-1192.4,1350.85
110,-987.788,-987.788,-9627.94,-200.099,-1082.1,1082.1
111,-2140.81,-2674,-10352,-77.525,-1350.85,-1192.4
112,-3694.4,-3694.4,-10966.1,-178.128,-1382.13,-1382.13
113,-3953.9,-3490.42,-10521,-169.052,-1346.21,-1011.39
114,-4274.37,-3521.03,-10467.2,-106.241,-1357.29,-612.268
115,-4381.56,-3493.54,-10397.9,-35.7024,-1367.03,-203.663
116,-4381.56,-3493.54,-10397.9,35.7024,-1367.03,203.663
117,-4274.37,-3521.03,-10467.2,106.241,-1357.29,612.268
118,-3953.9,-3490.42,-10521,169.052,-1346.21,1011.39
119,-3694.4,-3694.4,-10966.1,178.128,-1382.13,1382.13
120,-2140.81,-2674,-10352,77.525,-1350.85,1192.4
121,-1658.82,-2693.71,-9654.03,-112.442,-1000.38,-1153.62
122,-3490.42,-3953.9,-10521,-169.052,-1011.39,-1346.21
123,-3747.72,-3747.72,-10040.8,-146.818,-1000.61,-1000.61
124,-4130.63,-3839.45,-10030.2,-93.7069,-1006.94,-609.405
125,-4268.22,-3835.01,-9979.99,-31.8531,-1013.14,-203.256
126,-4268.22,-3835.01,-9979.99,31.8531,-1013.14,203.256
127,-4130.63,-3839.45,-10030.2,93.7069,-1006.94,609.405
128,-3747.72,-3747.72,-10040.8,146.818,-1000.61,1000.61
129,-3490.42,-3953.9,-10521,169.052,-1011.39,1346.21
130,-1658.82,-2693.71,-9654.03,112.442,-1000.38,1153.62
131,-1553.56,-2867.03,-9458.7,-67.263,-611.423,-1176.13
132,-3521.03,-4274.37,-10467.2,-106.241,-612.268,-1357.29
133,-3839.45,-4130.63,-10030.2,-93.7069,-609.405,-1006.94
134,-4254.78,-4254.78,-10038.1,-60.5083,-614.194,-614.194
135,-4413.78,-4269.72,-10001.8,-20.7444,-617.799,-205.005
136,-4413.78,-4269.72,-10001.8,20.7444,-617.799,205.005
137,-4254.78,-4254.78,-10038.1,60.5083,-614.194,614.194
138,-3839.45,-4130.63,-10030.2,93.7069,-609.405,1006.94
139,-3521.03,-4274.37,-10467.2,106.241,-612.268,1357.29
140,-1553.56,-2867.03,-9458.7,67.263,-611.423,1176.13
141,-1479.23,-2913.02,-9335.98,-22.3623,-203.83,-1189.91
142,-3493.54,-4381.56,-10397.9,-35.7024,-203.663,-1367.03
143,-3835.01,-4268.22,-9979.99,-31.8531,-203.256,-1013.14
144,-4269.72,-4413.78,-10001.8,-20.7444,-205.005,-617.799
145,-4437.49,-4437.49,-9970.85,-7.12979,-206.259,-206.259
146,-4437.49,-4437.49,-9970.85,7.12979,-206.259,206.259
147,-4269.72,-4413.78,-10001.8,20.7444,-205.005,617.799
148,-3835.01,-4268.22,-9979.99,31.8531,-203.256,1013.14
149,-3493.54,-4381.56,-10397.9,35.7024,-203.663,1367.03
150,-1479.23,-2913.02,-9335.98,22.3623,-203.83,1189.91
151,-1479.23,-2913.02,-9335.98,22.3623,203.83,-1189.91
152,-3493.54,-4381.56,-10397.9,35.7024,203.663,-1367.03
153,-3835.01,-4268.22,-9979.99,31.8531,203.256,-1013.14
154,-4269.72,-4413.78,-10001.8,20.7444,205.005,-617.799
155,-4437.49,-4437.49,-9970.85,7.12979,206.259,-206.259
156,-4437.49,-4437.49,-9970.85,-7.12979,206.259,206.259
157,-4269.72,-4413.78,-10001.8,-20.7444,205.005,617.799
158,-3835.01,-4268.22,-9979.99,-31.8531,203.256,1013.14
159,-3493.54,-4381.56,-10397.9,-35.7024,203.663,1367.03
160,-1479.23,-2913.02,-9335.98,-22.3623,203.83,1189.91
161,-1553.56,-2867.03,-9458.7,67.263,611.423,-1176.13
162,-3521.03,-4274.37,-10467.2,106.241,612.268,-1357.29
163,-3839.45,-4130.63,-10030.2,93.7069,609.405,-1006.94
164,-4254.78,-4254.78,-10038.1,60.5083,614.194,-614.194
165,-4413.78,-4269.72,-10001.8,20.7444,617.799,-205.005
166,-4413.78,-4269.72,-10001.8,-20.7444,617.799,205.005
167,-4254.78,-4254.78,-10038.1,-60.5083,614.194,614.194
168,-3839.45,-4130.63,-10030.2,-93.7069,609.405,1006.94
169,-3521.03,-4274.37,-10467.2,-106.241,612.268,1357.29
170,-1553.56,-2867.03,-9458.7,-67.263,611.423,1176.13
171,-1658.82,-2693.71,-9654.03,112.442,1000.38,-1153.62
172,-3490.42,-3953.9,-10521,169.052,1011.39,-1346.21
173,-3747.72,-3747.72,-10040.8,146.818,1000.61,-1000.61
174,-4130.63,-3839.45,-10030.2,93.7069,1006.94,-609.405
175,-4268.22,-3835.01,-9979.99,31.8531,1013.14,-203.256
176,-4268.22,-3835.01,-9979.99,-31.8531,1013.14,203.256
177,-4130.63,-3839.45,-10030.2,-93.7069,1006.94,609.405
178,-3747.72,-3747.72,-10040.8,-146.818,1000.61,1000.61
179,-3490.42,-3953.9,-10521,-169.052,1011.39,1346.21
180,-1658.82,-2693.71,-9654.03,-112.442,1000.38,1153.62
181,-2140.81,-2674,-10352,77.525,1350.85,-1192.4
182,-3694.4,-3694.4,-10966.1,178.128,1382.13,-1382.13
183,-3953.9,-3490.42,-10521,169.052,1346.21,-1011.39
184,-4274.37,-3521.03,-10467.2,106.241,1357.29,-612.268
185,-4381.56,-3493.54,-10397.9,35.7024,1367.03,-203.663
186,-4381.56,-3493.54,-10397.9,-35.7024,1367.03,203.663
187,-4274.37,-3521.03,-10467.2,-106.241,1357.29,612.268
188,-3953.9,-3490.42,-10521,-169.052,1346.21,1011.39
189,-3694.4,-3694.4,-10966.1,-178.128,1382.13,1382.13
190,-2140.81,-2674,-10352,-77.525,1350.85,1192.4
191,-987.788,-987.788,-9627.94,-200.099,1082.1,-1082.1
192,-2674,-2140.81,-10352,77.525,1192.4,-1350.85
193,-2693.71,-1658.82,-9654.03,112.442,1153.62,-1000.38
194,-2867.03,-1553.56,-9458.7,67.263,1176.13,-611.423
195,-2913.02,-1479.23,-9335.98,22.3623,1189.91,-203.83
196,-2913.02,-1479.23,-9335.98,-22.3623,1189.91,203.83
197,-2867.03,-1553.56,-9458.7,-67.263,1176.13,611.423
198,-2693.71,-1658.82,-9654.03,-112.442,1153.62,1000.38
199,-2674,-2140.81,-10352,-77.525,1192.4,1350.85
200,-987.788,-987.788,-9627.94,200.099,1082.1,1082.1
201,-2.50074,-2.50074,-8864.5,-191.447,-220.854,-220.854
202,-653.855,-454.781,-9426.97,-104.412,-285.471,-548.246
203,-1138.66,-693.522,-9501.37,-125.016,-296.069,-512.982
204,-1308.43,-655.969,-9378.85,-80.0638,-276.529,-342.538
205,-1400.07,-645.505,-9322.23,-27.0354,-270.939,-119.303
206,-1400.07,-645.505,-9322.23,27.0354,-270.939,119.303
207,-1308.43,-655.969,-9378.85,80.0638,-276.529,342.538
208,-1138.66,-693.522,-9501.37,125.016,-296.069,512.982
209,-653.855,-454.781,-9426.97,104.412,-285.471,548.246
210,-2.50074,-2.50074,-8864.5,191.447,-220.854,220.854
211,-454.781,-653.855,-9426.97,-104.412,-548.246,-285.471
212,-1302.09,-1302.09,-10164.6,-152.968,-571.02,-571.02
213,-1844.66,-1525.51,-10266,-161.338,-546.294,-525.249
214,-2100.78,-1533.5,-10205.4,-109.827,-524.294,-345.848
215,-2236.74,-1541.5,-10182.3,-37.9596,-516.902,-119.859
216,-2236.74,-1541.5,-10182.3,37.9596,-516.902,119.859
217,-2100.78,-1533.5,-10205.4,109.827,-524.294,345.848
218,-1844.66,-1525.51,-10266,161.338,-546.294,525.249
219,-1302.09,-1302.09,-10164.6,152.968,-571.02,571.02
220,-454.781,-653.855,-9426.97,104.412,-548.246,285.471
221,-693.522,-1138.66,-9501.37,-125.016,-512.982,-296.069
222,-1525.51,-1844.66,-10266,-161.338,-525.249,-546.294
223,-2228.1,-2228.1,-10545.7,-150.465,-511.461,-511.461
224,-2536.42,-2283.63,-10531.1,-100.789,-495.39,-338.523
225,-2710.47,-2323.17,-10540.9,-34.9723,-489.554,-117.361
226,-2710.47,-2323.17,-10540.9,34.9723,-489.554,117.361
227,-2536.42,-2283.63,-10531.1,100.789,-495.39,338.523
228,-2228.1,-2228.1,-10545.7,150.465,-511.461,511.461
229,-1525.51,-1844.66,-10266,161.338,-525.249,546.294
230,-693.522,-1138.66,-9501.37,125.016,-512.982,296.069
231,-655.969,-1308.43,-9378.85,-80.0638,-342.538,-276.529
232,-1533.5,-2100.78,-10205.4,-109.827,-345.848,-524.294
233,-2283.63,-2536.42,-10531.1,-100.789,-338.523,-495.39
234,-2621.1,-2621.1,-10539.4,-67.2368,-330.299,-330.299
235,-2811.17,-2675.26,-10561,-23.3537,-326.644,-114.837
236,-2811.17,-2675.26,-10561,23.3537,-326.644,114.837
237,-2621.1,-2621.1,-10539.4,67.2368,-330.299,330.299
238,-2283.63,-2536.42,-10531.1,100.789,-338.523,495.39
239,-1533.5,-2100.78,-10205.4,109.827,-345.848,524.294
240,-655.969,-1308.43,-9378.85,80.0638,-342.538,276.529
241,-645.505,-1400.07,-9322.23,-27.0354,-119.303,-270.939
242,-1541.5,-2236.74,-10182.3,-37.9596,-119.859,-516.902
243,-2323.17,-2710.47,-10540.9,-34.9723,-117.361,-489.554
244,-2675.26,-2811.17,-10561,-23.3537,-114.837,-326.644
245,-2873.55,-2873.55,-10588.8,-8.11493,-113.687,-113.687
246,-2873.55,-2873.55,-10588.8,8.11493,-113.687,113.687
247,-2675.26,-2811.17,-10561,23.3537,-114.837,326.644
248,-2323.17,-2710.47,-10540.9,34.9723,-117.361,489.554
249,-1541.5,-2236.74,-10182.3,37.9596,-119.859,516.902
250,-645.505,-1400.07,-9322.23,27.0354,-119.303,270.939
251,-645.505,-1400.07,-9322.23,27.0354,119.303,-270.939
252,-1541.5,-2236.74,-10182.3,37.9596,119.859,-516.902
253,-2323.17,-2710.47,-10540.9,34.9723,117.361,-489.554
254,-2675.26,-2811.17,-10561,23.3537,114.837,-326.644
255,-2873.55,-2873.55,-10588.8,8.11493,113.687,-113.687
256,-2873.55,-2873.55,-10588.8,-8.11493,113.687,113.687
257,-2675.26,-2811.17,-10561,-23.3537,114.837,326.644
258,-2323.17,-2710.47,-10540.9,-34.9723,117.361,489.554
259,-1541.5,-2236.74,-10182.3,-37.9596,119.859,516.902
260,-645.505,-1400.07,-9322.23,-27.0354,119.303,270.939
261,-655.969,-1308.43,-9378.85,80.0638,342.538,-276.529
262,-1533.5,-2100.78,-10205.4,109.827,345.848,-524.294
263,-2283.63,-2536.42,-10531.1,100.789,338.523,-495.39
264,-2621.1,-2621.1,-10539.4,67.2368,330.299,-330.299
265,-2811.17,-2675.26,-10561,23.3537,326.644,-114.837
266,-2811.17,-2675.26,-10561,-23.3537,326.644,114.837
267,-2621.1,-2621.1,-10539.4,-67.2368,330.299,330.299
268,-2283.63,-2536.42,-10531.1,-100.789,338.523,495.39
269,-1533.5,-2100.78,-10205.4,-109.827,345.848,524.294
270,-655.969,-1308.43,-9378.85,-80.0638,342.538,276.529
271,-693.522,-1138.66,-9501.37,125.016,512.982,-296.069
272,-1525.51,-1844.66,-10266,161.338,525.249,-546.294
273,-2228.1,-2228.1,-10545.7,150.465,511.461,-511.461
274,-2536.42,-2283.63,-10531.1,100.789,495.39,-338.523
275,-2710.47,-2323.17,-10540.9,34.9723,489.554,-117.361
276,-2710.47,-2323.17,-10540.9,-34.9723,489.554,117.361
277,-2536.42,-2283.63,-10531.1,-100.789,495.39,338.523
278,-2228.1,-2228.1,-10545.7,-150.465,511.461,511.461
279,-1525.51,-1844.66,-10266,-161.338,525.249,546.294
280,-693.522,-1138.66,-9501.37,-125.016,512.982,296.069
281,-454.781,-653.855,-9426.97,104.412,548.246,-285.471
282,-1302.09,-1302.09,-10164.6,152.968,571.02,-571.02
283,-1844.66,-1525.51,-10266,161.338,546.294,-525.249
284,-2100.78,-1533.5,-10205.4,109.827,524.294,-345.848
285,-2236.74,-1541.5,-10182.3,37.9596,516.902,-119.859
286,-2236.74,-1541.5,-10182.3,-37.9596,516.902,119.859
287,-2100.78,-1533.5,-10205.4,-109.827,524.294,345.848
288,-1844.66,-1525.51,-10266,-161.338,546.294,525.249
289,-1302.09,-1302.09,-10164.6,-152.968,571.02,571.02
290,-454.781,-653.855,-9426.97,-104.412,548.246,285.471
291,-2.50074,-2.50074,-8864.5,191.447,220.854,-220.854
292,-653.855,-454.781,-9426.97,104.412,285.471,-548.246
293,-1138.66,-693.522,-9501.37,125.016,296.069,-512.982
294,-1308.43,-655.969,-9378.85,80.0638,276.529,-342.538
295,-1400.07,-645.505,-9322.23,27.0354,270.939,-119.303
296,-1400.07,-645.505,-9322.23,-27.0354,270.939,119.303
297,-1308.43,-655.969,-9378.85,-80.0638,276.529,342.538
298,-1138.66,-693.522,-9501.37,-125.016,296.069,512.982
299,-653.855,-454.781,-9426.97,-104.412,285.471,548.246
300,-2.50074,-2.50074,-8864.5,-191.447,220.854,220.854
301,58.0773,58.0773,-8828.76,-247.593,45.222,45.222
302,-62.6892,-17.453,-9200.05,-140.663,44.2236,-107.467
303,-332.573,-225.536,-9403.68,-103.79,40.0038,-162.201
304,-494.035,-297.648,-9439.76,-68.9856,53.1988,-127.535
305,-568.593,-317.116,-9435.32,-23.561,63.7784,-47.3391
306,-568.593,-317.116,-9435.32,23.561,63.7784,47.3391
307,-494.035,-297.648,-9439.76,68.9856,53.1988,127.535
308,-332.573,-225.536,-9403.68,103.79,40.0038,162.201
309,-62.6892,-17.453,-9200.05,140.663,44.2236,107.467
310,58.0773,58.0773,-8828.76,247.593,45.222,-45.222
311,-17.453,-62.6892,-9200.05,-140.663,-107.467,44.2236
312,-469.576,-469.576,-9877.54,-167.518,-109.169,-109.169
313,-804.046,-660.692,-10102,-145.595,-95.4038,-163.618
314,-1036.81,-750.736,-10178.6,-98.1894,-75.7068,-129.698
315,-1142.49,-773.403,-10190.7,-34.1569,-63.1936,-47.9365
316,-1142.49,-773.403,-10190.7,34.1569,-63.1936,47.9365
317,-1036.81,-750.736,-10178.6,98.1894,-75.7068,129.698
318,-804.046,-660.692,-10102,145.595,-95.4038,163.618
319,-469.576,-469.576,-9877.54,167.518,-109.169,109.169
320,-17.453,-62.6892,-9200.05,140.663,-107.467,-44.2236
321,-225.536,-332.573,-9403.68,-103.79,-162.201,40.0038
322,-660.692,-804.046,-10102,-145.595,-163.618,-95.4038
323,-1062.83,-1062.83,-10414,-132.891,-147.646,-147.646
324,-1349.01,-1190.47,-10542.1,-90.2089,-129.829,-120.897
325,-1478.96,-1226.88,-10573.8,-31.6237,-119.305,-44.9306
326,-1478.96,-1226.88,-10573.8,31.6237,-119.305,44.9306
327,-1349.01,-1190.47,-10542.1,90.2089,-129.829,120.897
328,-1062.83,-1062.83,-10414,132.891,-147.646,147.646
329,-660.692,-804.046,-10102,145.595,-163.618,95.4038
330,-225.536,-332.573,-9403.68,103.79,-162.201,-40.0038
331,-297.648,-494.035,-9439.76,-68.9856,-127.535,53.1988
332,-750.736,-1036.81,-10178.6,-98.1894,-129.698,-75.7068
333,-1190.47,-1349.01,-10542.1,-90.2089,-120.897,-129.829
334,-1510.87,-1510.87,-10707.6,-61.1738,-110.369,-110.369
335,-1656.65,-1560.99,-10754.2,-21.4569,-103.832,-41.5143
336,-1656.65,-1560.99,-10754.2,21.4569,-103.832,41.5143
337,-1510.87,-1510.87,-10707.6,61.1738,-110.369,110.369
338,-1190.47,-1349.01,-10542.1,90.2089,-120.897,129.829
339,-750.736,-1036.81,-10178.6,98.1894,-129.698,75.7068
340,-297.648,-494.035,-9439.76,68.9856,-127.535,-53.1988
341,-317.116,-568.593,-9435.32,-23.561,-47.3391,63.7784
342,-773.403,-1142.49,-10190.7,-34.1569,-47.9365,-63.1936
343,-1226.88,-1478.96,-10573.8,-31.6237,-44.9306,-119.305
344,-1560.99,-1656.65,-10754.2,-21.4569,-41.5143,-103.832
345,-1713.03,-1713.03,-10806.8,-7.51948,-39.3582,-39.3582
346,-1713.03,-1713.03,-10806.8,7.51948,-39.3582,39.3582
347,-1560.99,-1656.65,-10754.2,21.4569,-41.5143,103.832
348,-1226.88,-1478.96,-10573.8,31.6237,-44.9306,119.305
349,-773.403,-1142.49,-10190.7,34.1569,-47.9365,63.1936
350,-317.116,-568.593,-9435.32,23.561,-47.3391,-63.7784
351,-317.116,-568.593,-9435.32,23.561,47.3391,63.7784
352,-773.403,-1142.49,-10190.7,34.1569,47.9365,-63.1936
353,-1226.88,-1478.96,-10573.8,31.6237,44.9306,-119.305
354,-1560.99,-1656.65,-10754.2,21.4569,41.5143,-103.832
355,-1713.03,-1713.03,-10806.8,7.51948,39.3582,-39.3582
356,-1713.03,-1713.03,-10806.8,-7.51948,39.3582,39.3582
357,-1560.99,-1656.65,-10754.2,-21.4569,41.5143,103.832
358,-1226.88,-1478.96,-10573.8,-31.6237,44.9306,119.305
359,-773.403,-1142.49,-10190.7,-34.1569,47.9365,63.1936
360,-317.116,-568.593,-9435.32,-23.561,47.3391,-63.7784
361,-297.648,-494.035,-9439.76,68.9856,127.535,53.1988
362,-750.736,-1036.81,-10178.6,98.1894,129.698,-75.7068
363,-1190.47,-1349.01,-10542.1,90.2089,120.897,-129.829
364,-1510.87,-1510.87,-10707.6,61.1738,110.369,-110.369
365,-1656.65,-1560.99,-10754.2,21.4569,103.832,-41.5143
366,-1656.65,-1560.99,-10754.2,-21.4569,103.832,41.5143
367,-1510.87,-1510.87,-10707.6,-61.1738,110.369,110.369
368,-1190.47,-1349.01,-10542.1,-90.2089,120.897,129.829
369,-750.736,-1036.81,-10178.6,-98.1894,129.698,75.7068
370,-297.648,-494.035,-9439.76,-68.9856,127.535,-53.1988
371,-225.536,-332.573,-9403.68,103.79,162.201,40.0038
372,-660.692,-804.046,-10102,145.595,163.618,-95.4038
373,-1062.83,-1062.83,-10414,132.891,147.646,-147.646
374,-1349.01,-1190.47,-10542.1,90.2089,129.829,-120.897
375,-1478.96,-1226.88,-10573.8,31.6237,119.305,-44.9306
376,-1478.96,-1226.88,-10573.8,-31.6237,119.305,44.9306
377,-1349.01,-1190.47,-10542.1,-90.2089,129.829,120.897
378,-1062.83,-1062.83,-10414,-132.891,147.646,147.646
379,-660.692,-804.046,-10102,-145.595,163.618,95.4038
380,-225.536,-332.573,-9403.68,-103.79,162.201,-40.0038
381,-17.453,-62.6892,-9200.05,140.663,107.467,44.2236
382,-469.576,-469.576,-9877.54,167.518,109.169,-109.169
383,-804.046,-660.692,-10102,145.595,95.4038,-163.618
384,-1036.81,-750.736,-10178.6,98.1894,75.7068,-129.698
385,-1142.49,-773.403,-10190.7,34.1569,63.1936,-47.9365
386,-1142.49,-773.403,-10190.7,-34.1569,63.1936,47.9365
387,-1036.81,-750.736,-10178.6,-98.1894,75.7068,129.698
388,-804.046,-660.692,-10102,-145.595,95.4038,163.618
389,-469.576,-469.576,-9877.54,-167.518,109.169,109.169
390,-17.453,-62.6892,-9200.05,-140.663,107.467,-44.2236
391,58.0773,58.0773,-8828.76,247.593,-45.222,45.222
392,-62.6892,-17.453,-9200.05,140.663,-44.2236,-107.467
393,-332.573,-225.536,-9403.68,103.79,-40.0038,-162.201
394,-494.035,-297.648,-9439.76,68.9856,-53.1988,-127.535
395,-568.593,-317.116,-9435.32,23.561,-63.7784,-47.3391
396,-568.593,-317.116,-9435.32,-23.561,-63.7784,47.3391
397,-494.035,-297.648,-9439.76,-68.9856,-53.1988,127.535
398,-332.573,-225.536,-9403.68,-103.79,-40.0038,162.201
399,-62.6892,-17.453,-9200.05,-140.663,-44.2236,107.467
400,58.0773,58.0773,-8828.76,-247.593,-45.222,-45.222
401,-8.88459,-8.88459,-9032.79,-198.04,117.182,117.182
402,78.3149,54.9224,-9264.68,-134.933,138.889,91.3139
403,-13.9797,-61.5615,-9469.02,-90.2905,151.6,37.5859
404,-95.6721,-132.571,-9557.43,-54.7084,163.62,8.95439
405,-141.416,-163.41,-9588.58,-18.6467,171.559,0.534122
406,-141.416,-163.41,-9588.58,18.6467,171.559,-0.534122
407,-95.6721,-132.571,-9557.43,54.7084,163.62,-8.95439
408,-13.9797,-61.5615,-9469.02,90.2905,151.6,-37.5859
409,78.3149,54.9224,-9264.68,134.933,138.889,-91.3139
410,-8.88459,-8.88459,-9032.79,198.04,117.182,-117.182
411,54.9224,78.3149,-9264.68,-134.933,91.3139,138.889
412,-124.564,-124.564,-9750.69,-153.711,100.647,100.647
413,-292.819,-250.351,-9994.81,-125.587,114.555,41.8568
414,-428.399,-328.116,-10111.9,-80.451,131.636,9.05928
415,-499.962,-360.327,-10155.8,-27.8264,142.521,0.195982
416,-499.962,-360.327,-10155.8,27.8264,142.521,-0.195982
417,-428.399,-328.116,-10111.9,80.451,131.636,-9.05928
418,-292.819,-250.351,-9994.81,125.587,114.555,-41.8568
419,-124.564,-124.564,-9750.69,153.711,100.647,-100.647
420,54.9224,78.3149,-9264.68,134.933,91.3139,-138.889
421,-61.5615,-13.9797,-9469.02,-90.2905,37.5859,151.6
422,-250.351,-292.819,-9994.81,-125.587,41.8568,114.555
423,-478.242,-478.242,-10304.9,-113.852,57.4644,57.4644
424,-647.579,-573.201,-10453.6,-75.4007,73.7571,18.877
425,-740.226,-615.439,-10514.7,-26.3132,83.6157,3.37368
426,-740.226,-615.439,-10514.7,26.3132,83.6157,-3.37368
427,-647.579,-573.201,-10453.6,75.4007,73.7571,-18.877
428,-478.242,-478.242,-10304.9,113.852,57.4644,-57.4644
429,-250.351,-292.819,-9994.81,125.587,41.8568,-114.555
430,-61.5615,-13.9797,-9469.02,90.2905,37.5859,-151.6
431,-132.571,-95.6721,-9557.43,-54.7084,8.95439,163.62
432,-328.116,-428.399,-10111.9,-80.451,9.05928,131.636
433,-573.201,-647.579,-10453.6,-75.4007,18.877,73.7571
434,-766.883,-766.883,-10632.2,-51.0159,29.588,29.588
435,-871.996,-818.562,-10706.4,-17.9026,36.1219,6.95692
436,-871.996,-818.562,-10706.4,17.9026,36.1219,-6.95692
437,-766.883,-766.883,-10632.2,51.0159,29.588,-29.588
438,-573.201,-647.579,-10453.6,75.4007,18.877,-73.7571
439,-328.116,-428.399,-10111.9,80.451,9.05928,-131.636
440,-132.571,-95.6721,-9557.43,54.7084,8.95439,-163.62
441,-163.41,-141.416,-9588.58,-18.6467,0.534122,171.559
442,-360.327,-499.962,-10155.8,-27.8264,0.195982,142.521
443,-615.439,-740.226,-10514.7,-26.3132,3.37368,83.6157
444,-818.562,-871.996,-10706.4,-17.9026,6.95692,36.1219
445,-929.891,-929.891,-10787.8,-6.29543,9.18208,9.18208
446,-929.891,-929.891,-10787.8,6.29543,9.18208,-9.18208
447,-818.562,-871.996,-10706.4,17.9026,6.95692,-36.1219
448,-615.439,-740.226,-10514.7,26.3132,3.37368,-83.6157
449,-360.327,-499.962,-10155.8,27.8264,0.195982,-142.521
450,-163.41,-141.416,-9588.58,18.6467,0.534122,-171.559
451,-163.41,-141.416,-9588.58,18.6467,-0.534122,171.559
452,-360.327,-499.962,-10155.8,27.8264,-0.195982,142.521
453,-615.439,-740.226,-10514.7,26.3132,-3.37368,83.6157
454,-818.562,-871.996,-10706.4,17.9026,-6.95692,36.1219
455,-929.891,-929.891,-10787.8,6.29543,-9.18208,9.18208
456,-929.891,-929.891,-10787.8,-6.29543,-9.18208,-9.18208
457,-818.562,-871.996,-10706.4,-17.9026,-6.95692,-36.1219
458,-615.439,-740.226,-10514.7,-26.3132,-3.37368,-83.6157
459,-360.327,-499.962,-10155.8,-27.8264,-0.195982,-142.521
460,-163.41,-141.416,-9588.58,-18.6467,-0.534122,-171.559
461,-132.571,-95.6721,-9557.43,54.7084,-8.95439,163.62
462,-328.116,-428.399,-10111.9,80.451,-9.05928,131.636
463,-573.201,-647.579,-10453.6,75.4007,-18.877,73.7571
464,-766.883,-766.883,-10632.2,51.0159,-29.588,29.588
465,-871.996,-818.562,-10706.4,17.9026,-36.1219,6.95692
466,-871.996,-818.562,-10706.4,-17.9026,-36.1219,-6.95692
467,-766.883,-766.883,-10632.2,-51.0159,-29.588,-29.588
468,-573.201,-647.579,-10453.6,-75.4007,-18.877,-73.7571
469,-328.116,-428.399,-10111.9,-80.451,-9.05928,-131.636
470,-132.571,-95.6721,-9557.43,-54.7084,-8.95439,-163.62
471,-61.5615,-13.9797,-9469.02,90.2905,-37.5859,151.6
472,-250.351,-292.819,-9994.81,125.587,-41.8568,114.555
473,-478.242,-478.242,-10304.9,113.852,-57.4644,57.4644
474,-647.579,-573.201,-10453.6,75.4007,-73.7571,18.877
475,-740.226,-615.439,-10514.7,26.3132,-83.6157,3.37368
476,-740.226,-615.439,-10514.7,-26.3132,-83.6157,-3.37368
477,-647.579,-573.201,-10453.6,-75.4007,-73.7571,-18.877
478,-478.242,-478.242,-10304.9,-113.852,-57.4644,-57.4644
479,-250.351,-292.819,-9994.81,-125.587,-41.8568,-114.555
480,-61.5615,-13.9797,-9469.02,-90.2905,-37.5859,-151.6
481,54.9224,78.3149,-9264.68,134.933,-91.3139,138.889
482,-124.564,-124.564,-9750.69,153.711,-100.647,100.647
483,-292.819,-250.351,-9994.81,125.587,-114.555,41.8568
484,-428.399,-328.116,-10111.9,80.451,-131.636,9.05928
485,-499.962,-360.327,-10155.8,27.8264,-142.521,0.195982
486,-499.962,-360.327,-10155.8,-27.8264,-142.521,-0.195982
487,-428.399,-328.116,-10111.9,-80.451,-131.636,-9.05928
488,-292.819,-250.351,-9994.81,-125.587,-114.555,-41.8568
489,-124.564,-124.564,-9750.69,-153.711,-100.647,-100.647
490,54.9224,78.3149,-9264.68,-134.933,-91.3139,-138.889
491,-8.88459,-8.88459,-9032.79,198.04,-117.182,117.182
492,78.3149,54.9224,-9264.68,134.933,-138.889,91.3139
493,-13.9797,-61.5615,-9469.02,90.2905,-151.6,37.5859
494,-95.6721,-132.571,-9557.43,54.7084,-163.62,8.95439
495,-141.416,-163.41,-9588.58,18.6467,-171.559,0.534122
496,-141.416,-163.41,-9588.58,-18.6467,-171.559,-0.534122
497,-95.6721,-132.571,-9557.43,-54.7084,-163.62,-8.95439
498,-13.9797,-61.5615,-9469.02,-90.2905,-151.6,-37.5859
499,78.3149,54.9224,-9264.68,-134.933,-138.889,-91.3139
500,-8.88459,-8.88459,-9032.79,-198.04,-117.182,-117.182
501,-47.9073,-47.9073,-9286.28,-135.228,122.718,122.718
502,84.489,40.9468,-9431.53,-107.013,147.372,161.293
503,95.9555,-2.99659,-9588.1,-72.9076,166.976,129.656
504,77.3361,-48.5734,-9680.57,-42.5123,180.052,79.6473
505,61.8368,-72.3281,-9720.54,-14.0235,186.827,26.5741
506,61.8368,-72.3281,-9720.54,14.0235,186.827,-26.5741
507,77.3361,-48.5734,-9680.57,42.5123,180.052,-79.6473
508,95.9555,-2.99659,-9588.1,72.9076,166.976,-129.656
509,84.489,40.9468,-9431.53,107.013,147.372,-161.293
510,-47.9073,-47.9073,-9286.28,135.228,122.718,-122.718
511,40.9468,84.489,-9431.53,-107.013,161.293,147.372
512,-7.84872,-7.84872,-9753.59,-123.641,173.812,173.812
513,-60.0619,-68.1125,-9950.21,-100.1,189.675,135.391
514,-120.506,-119.299,-10067.1,-62.9228,205.95,80.6658
515,-155.386,-143.559,-10117.2,-21.3739,215.5,26.4737
516,-155.386,-143.559,-10117.2,21.3739,215.5,-26.4737
517,-120.506,-119.299,-10067.1,62.9228,205.95,-80.6658
518,-60.0619,-68.1125,-9950.21,100.1,189.675,-135.391
519,-7.84872,-7.84872,-9753.59,123.641,173.812,-173.812
520,40.9468,84.489,-9431.53,107.013,161.293,-147.372
521,-2.99659,95.9555,-9588.1,-72.9076,129.656,166.976
522,-68.1125,-60.0619,-9950.21,-100.1,135.391,189.675
523,-168.25,-168.25,-10195.8,-90.074,149.8,149.8
524,-254.024,-231.279,-10334.9,-59.2376,164.381,89.9457
525,-303.19,-260.693,-10396.5,-20.4355,173.139,29.5468
526,-303.19,-260.693,-10396.5,20.4355,173.139,-29.5468
527,-254.024,-231.279,-10334.9,59.2376,164.381,-89.9457
528,-168.25,-168.25,-10195.8,90.074,149.8,-149.8
529,-68.1125,-60.0619,-9950.21,100.1,135.391,-189.675
530,-2.99659,95.9555,-9588.1,72.9076,129.656,-166.976
531,-48.5734,77.3361,-9680.57,-42.5123,79.6473,180.052
532,-119.299,-120.506,-10067.1,-62.9228,80.6658,205.95
533,-231.279,-254.024,-10334.9,-59.2376,89.9457,164.381
534,-333.618,-333.618,-10494.7,-40.1531,99.8414,99.8414
535,-391.527,-369.089,-10565.9,-14.0123,105.746,32.9726
536,-391.527,-369.089,-10565.9,14.0123,105.746,-32.9726
537,-333.618,-333.618,-10494.7,40.1531,99.8414,-99.8414
538,-231.279,-254.024,-10334.9,59.2376,89.9457,-164.381
539,-119.299,-120.506,-10067.1,62.9228,80.6658,-205.95
540,-48.5734,77.3361,-9680.57,42.5123,79.6473,-180.052
541,-72.3281,61.8368,-9720.54,-14.0235,26.5741,186.827
542,-143.559,-155.386,-10117.2,-21.3739,26.4737,215.5
543,-260.693,-303.19,-10396.5,-20.4355,29.5468,173.139
544,-369.089,-391.527,-10565.9,-14.0123,32.9726,105.746
545,-431.173,-431.173,-10642.6,-4.92075,35.0473,35.0473
546,-431.173,-431.173,-10642.6,4.92075,35.0473,-35.0473
547,-369.089,-391.527,-10565.9,14.0123,32.9726,-105.746
548,-260.693,-303.19,-10396.5,20.4355,29.5468,-173.139
549,-143.559,-155.386,-10117.2,21.3739,26.4737,-215.5
550,-72.3281,61.8368,-9720.54,14.0235,26.5741,-186.827
551,-72.3281,61.8368,-9720.54,14.0235,-26.5741,186.827
552,-143.559,-155.386,-10117.2,21.3739,-26.4737,215.5
553,-260.693,-303.19,-10396.5,20.4355,-29.5468,173.139
554,-369.089,-391.527,-10565.9,14.0123,-32.9726,105.746
555,-431.173,-431.173,-10642.6,4.92075,-35.0473,35.0473
556,-431.173,-431.173,-10642.6,-4.92075,-35.0473,-35.0473
557,-369.089,-391.527,-10565.9,-14.0123,-32.9726,-105.746
558,-260.693,-303.19,-10396.5,-20.4355,-29.5468,-173.139
559,-143.559,-155.386,-10117.2,-21.3739,-26.4737,-215.5
560,-72.3281,61.8368,-9720.54,-14.0235,-26.5741,-186.827
561,-48.5734,77.3361,-9680.57,42.5123,-79.6473,180.052
562,-119.299,-120.506,-10067.1,62.9228,-80.6658,205.95
563,-231.279,-254.024,-10334.9,59.2376,-89.9457,164.381
564,-333.618,-333.618,-10494.7,40.1531,-99.8414,99.8414
565,-391.527,-369.089,-10565.9,14.0123,-105.746,32.9726
566,-391.527,-369.089,-10565.9,-14.0123,-105.746,-32.9726
567,-333.618,-333.618,-10494.7,-40.1531,-99.8414,-99.8414
568,-231.279,-254.024,-10334.9,-59.2376,-89.9457,-164.381
569,-119.299,-120.506,-10067.1,-62.9228,-80.6658,-205.95
570,-48.5734,77.3361,-9680.57,-42.5123,-79.6473,-180.052
571,-2.99659,95.9555,-9588.1,72.9076,-129.656,166.976
572,-68.1125,-60.0619,-9950.21,100.1,-135.391,189.675
573,-168.25,-168.25,-10195.8,90.074,-149.8,149.8
574,-254.024,-231.279,-10334.9,59.2376,-164.381,89.9457
575,-303.19,-260.693,-10396.5,20.4355,-173.139,29.5468
576,-303.19,-260.693,-10396.5,-20.4355,-173.139,-29.5468
577,-254.024,-231.279,-10334.9,-59.2376,-164.381,-89.9457
578,-168.25,-168.25,-10195.8,-90.074,-149.8,-149.8
579,-68.1125,-60.0619,-9950.21,-100.1,-135.391,-189.675
580,-2.99659,95.9555,-9588.1,-72.9076,-129.656,-166.976
581,40.9468,84.489,-9431.53,107.013,-161.293,147.372
582,-7.84872,-7.84872,-9753.59,123.641,-173.812,173.812
583,-60.0619,-68.1125,-9950.21,100.1,-189.675,135.391
584,-120.506,-119.299,-10067.1,62.9228,-205.95,80.6658
585,-155.386,-143.559,-10117.2,21.3739,-215.5,26.4737
586,-155.386,-143.559,-10117.2,-21.3739,-215.5,-26.4737
587,-120.506,-119.299,-10067.1,-62.9228,-205.95,-80.6658
588,-60.0619,-68.1125,-9950.21,-100.1,-189.675,-135.391
589,-7.84872,-7.84872,-9753.59,-123.641,-173.812,-173.812
590,40.9468,84.489,-9431.53,-107.013,-161.293,-147.372
591,-47.9073,-47.9073,-9286.28,135.228,-122.718,122.718
592,84.489,40.9468,-9431.53,107.013,-147.372,161.293
593,95.9555,-2.99659,-9588.1,72.9076,-166.976,129.656
594,77.3361,-48.5734,-9680.57,42.5123,-180.052,79.6473
595,61.8368,-72.3281,-9720.54,14.0235,-186.827,26.5741
596,61.8368,-72.3281,-9720.54,-14.0235,-186.827,-26.5741
597,77.3361,-48.5734,-9680.57,-42.5123,-180.052,-79.6473
598,95.9555,-2.99659,-9588.1,-72.9076,-166.976,-129.656
599,84.489,40.9468,-9431.53,-107.013,-147.372,-161.293
600,-47.9073,-47.9073,-9286.28,-135.228,-122.718,-122.718
601,-60.0267,-60.0267,-9531.17,-82.1336,107.38,107.38
602,60.2769,17.3452,-9615.45,-74.0259,127.437,170.19
603,113.538,12.4654,-9720.18,-52.8964,146.83,157.564
604,132.934,-6.89627,-9792.13,-30.758,159.752,106.346
605,137.55,-19.9715,-9826.87,-10.0467,166.087,37.1821
606,137.55,-19.9715,-9826.87,10.0467,166.087,-37.1821
607,132.934,-6.89627,-9792.13,30.758,159.752,-106.346
608,113.538,12.4654,-9720.18,52.8964,146.83,-157.564
609,60.2769,17.3452,-9615.45,74.0259,127.437,-170.19
610,-60.0267,-60.0267,-9531.17,82.1336,107.38,-107.38
611,17.3452,60.2769,-9615.45,-74.0259,170.19,127.437
612,29.8849,29.8849,-9807.27,-88.5252,180.88,180.88
613,38.28,10.5107,-9943.97,-72.4734,196.851,161.924
614,29.161,-12.6445,-10034.5,-45.4891,212.18,106.816
615,20.5444,-25.7705,-10077.1,-15.3772,220.875,36.93
616,20.5444,-25.7705,-10077.1,15.3772,220.875,-36.93
617,29.161,-12.6445,-10034.5,45.4891,212.18,-106.816
618,38.28,10.5107,-9943.97,72.4734,196.851,-161.924
619,29.8849,29.8849,-9807.27,88.5252,180.88,-180.88
620,17.3452,60.2769,-9615.45,74.0259,170.19,-127.437
621,12.4654,113.538,-9720.18,-52.8964,157.564,146.83
622,10.5107,38.28,-9943.97,-72.4734,161.924,196.851
623,-14.5633,-14.5633,-10114.7,-64.92,174.853,174.853
624,-41.5005,-46.1465,-10220.8,-42.677,187.848,114.912
625,-59.5736,-62.1127,-10271.2,-14.7023,195.676,39.6099
626,-59.5736,-62.1127,-10271.2,14.7023,195.676,-39.6099
627,-41.5005,-46.1465,-10220.8,42.677,187.848,-114.912
628,-14.5633,-14.5633,-10114.7,64.92,174.853,-174.853
629,10.5107,38.28,-9943.97,72.4734,161.924,-196.851
630,12.4654,113.538,-9720.18,52.8964,157.564,-146.83
631,-6.89627,132.934,-9792.13,-30.758,106.346,159.752
632,-12.6445,29.161,-10034.5,-45.4891,106.816,212.18
633,-46.1465,-41.5005,-10220.8,-42.677,114.912,187.848
634,-83.9763,-83.9763,-10340.2,-28.9692,123.621,123.621
635,-107.597,-103.501,-10396.7,-10.117,128.853,42.6468
636,-107.597,-103.501,-10396.7,10.117,128.853,-42.6468
637,-83.9763,-83.9763,-10340.2,28.9692,123.621,-123.621
638,-46.1465,-41.5005,-10220.8,42.677,114.912,-187.848
639,-12.6445,29.161,-10034.5,45.4891,106.816,-212.18
640,-6.89627,132.934,-9792.13,30.758,106.346,-159.752
641,-19.9715,137.55,-9826.87,-10.0467,37.1821,166.087
642,-25.7705,20.5444,-10077.1,-15.3772,36.93,220.875
643,-62.1127,-59.5736,-10271.2,-14.7023,39.6099,195.676
644,-103.501,-107.597,-10396.7,-10.117,42.6468,128.853
645,-129.74,-129.74,-10456.8,-3.56277,44.4886,44.4886
646,-129.74,-129.74,-10456.8,3.56277,44.4886,-44.4886
647,-103.501,-107.597,-10396.7,10.117,42.6468,-128.853
648,-62.1127,-59.5736,-10271.2,14.7023,39.6099,-195.676
649,-25.7705,20.5444,-10077.1,15.3772,36.93,-220.875
650,-19.9715,137.55,-9826.87,10.0467,37.1821,-166.087
651,-19.9715,137.55,-9826.87,10.0467,-37.1821,166.087
652,-25.7705,20.5444,-10077.1,15.3772,-36.93,220.875
653,-62.1127,-59.5736,-10271.2,14.7023,-39.6099,195.676
654,-103.501,-107.597,-10396.7,10.117,-42.6468,128.853
655,-129.74,-129.74,-10456.8,3.56277,-44.4886,44.4886
656,-129.74,-129.74,-10456.8,-3.56277,-44.4886,-44.4886
657,-103.501,-107.597,-10396.7,-10.117,-42.6468,-128.853
658,-62.1127,-59.5736,-10271.2,-14.7023,-39.6099,-195.676
659,-25.7705,20.5444,-10077.1,-15.3772,-36.93,-220.875
660,-19.9715,137.55,-9826.87,-10.0467,-37.1821,-166.087
661,-6.89627,132.934,-9792.13,30.758,-106.346,159.752
662,-12.6445,29.161,-10034.5,45.4891,-106.816,212.18
663,-46.1465,-41.5005,-10220.8,42.677,-114.912,187.848
664,-83.9763,-83.9763,-10340.2,28.9692,-123.621,123.621
665,-107.597,-103.501,-10396.7,10.117,-128.853,42.6468
666,-107.597,-103.501,-10396.7,-10.117,-128.853,-42.6468
667,-83.9763,-83.9763,-10340.2,-28.9692,-123.621,-123.621
668,-46.1465,-41.5005,-10220.8,-42.677,-114.912,-187.848
669,-12.6445,29.161,-10034.5,-45.4891,-106.816,-212.18
670,-6.89627,132.934,-9792.13,-30.758,-106.346,-159.752
671,12.4654,113.538,-9720.18,52.8964,-157.564,146.83
672,10.5107,38.28,-9943.97,72.4734,-161.924,196.851
673,-14.5633,-14.5633,-10114.7,64.92,-174.853,174.853
674,-41.5005,-46.1465,-10220.8,42.677,-187.848,114.912
675,-59.5736,-62.1127,-10271.2,14.7023,-195.676,39.6099
676,-59.5736,-62.1127,-10271.2,-14.7023,-195.676,-39.6099
677,-41.5005,-46.1465,-10220.8,-42.677,-187.848,-114.912
678,-14.5633,-14.5633,-10114.7,-64.92,-174.853,-174.853
679,10.5107,38.28,-9943.97,-72.4734,-161.924,-196.851
680,12.4654,113.538,-9720.18,-52.8964,-157.564,-146.83
681,17.3452,60.2769,-9615.45,74.0259,-170.19,127.437
682,29.8849,29.8849,-9807.27,88.5252,-180.88,180.88
683,38.28,10.5107,-9943.97,72.4734,-196.851,161.924
684,29.161,-12.6445,-10034.5,45.4891,-212.18,106.816
685,20.5444,-25.7705,-10077.1,15.3772,-220.875,36.93
686,20.5444,-25.7705,-10077.1,-15.3772,-220.875,-36.93
687,29.161,-12.6445,-10034.5,-45.4891,-212.18,-106.816
688,38.28,10.5107,-9943.97,-72.4734,-196.851,-161.924
689,29.8849,29.8849,-9807.27,-88.5252,-180.88,-180.88
690,17.3452,60.2769,-9615.45,-74.0259,-170.19,-127.437
691,-60.0267,-60.0267,-9531.17,82.1336,-107.38,107.38
692,60.2769,17.3452,-9615.45,74.0259,-127.437,170.19
693,113.538,12.4654,-9720.18,52.8964,-146.83,157.564
694,132.934,-6.89627,-9792.13,30.758,-159.752,106.346
695,137.55,-19.9715,-9826.87,10.0467,-166.087,37.1821
696,137.55,-19.9715,-9826.87,-10.0467,-166.087,-37.1821
697,132.934,-6.89627,-9792.13,-30.758,-159.752,-106.346
698,113.538,12.4654,-9720.18,-52.8964,-146.83,-157.564
699,60.2769,17.3452,-9615.45,-74.0259,-127.437,-170.19
700,-60.0267,-60.0267,-9531.17,-82.1336,-107.38,-107.38
701,-60.3092,-60.3092,-9745.26,-43.4199,86.1814,86.1814
702,35.1492,-0.922754,-9783.17,-44.6758,99.8091,151.137
703,101.398,14.7987,-9840.48,-33.3478,115.49,150.382
704,139.296,14.0572,-9885.03,-19.5516,126.744,106.395
705,155.788,10.7959,-9907.9,-6.36667,132.337,38.0563
706,155.788,10.7959,-9907.9,6.36667,132.337,-38.0563
707,139.296,14.0572,-9885.03,19.5516,126.744,-106.395
708,101.398,14.7987,-9840.48,33.3478,115.49,-150.382
709,35.1492,-0.922754,-9783.17,44.6758,99.8091,-151.137
710,-60.3092,-60.3092,-9745.26,43.4199,86.1814,-86.1814
711,-0.922754,35.1492,-9783.17,-44.6758,151.137,99.8091
712,39.5576,39.5576,-9878.2,-55.1144,157.894,157.894
713,79.7093,46.1845,-9956.97,-45.6226,171.957,151.938
714,102.161,44.6604,-10013.5,-28.6683,185.646,105.309
715,111.88,42.5457,-10041.4,-9.66665,193.423,37.3092
716,111.88,42.5457,-10041.4,9.66665,193.423,-37.3092
717,102.161,44.6604,-10013.5,28.6683,185.646,-105.309
718,79.7093,46.1845,-9956.97,45.6226,171.957,-151.938
719,39.5576,39.5576,-9878.2,55.1144,157.894,-157.894
720,-0.922754,35.1492,-9783.17,44.6758,151.137,-99.8091
721,14.7987,101.398,-9840.48,-33.3478,150.382,115.49
722,46.1845,79.7093,-9956.97,-45.6226,151.938,171.957
723,66.9533,66.9533,-10056.7,-40.7347,162.881,162.881
724,78.7931,60.4885,-10123.3,-26.7668,174.312,111.906
725,83.1419,57.1177,-10156.2,-9.21441,181.258,39.4598
726,83.1419,57.1177,-10156.2,9.21441,181.258,-39.4598
727,78.7931,60.4885,-10123.3,26.7668,174.312,-111.906
728,66.9533,66.9533,-10056.7,40.7347,162.881,-162.881
729,46.1845,79.7093,-9956.97,45.6226,151.938,-171.957
730,14.7987,101.398,-9840.48,33.3478,150.382,-115.49
731,14.0572,139.296,-9885.03,-19.5516,106.395,126.744
732,44.6604,102.161,-10013.5,-28.6683,105.309,185.646
733,60.4885,78.7931,-10123.3,-26.7668,111.906,174.312
734,66.6095,66.6095,-10197.4,-18.1714,119.374,119.374
735,68.2242,61.7559,-10233.5,-6.35024,123.943,42.0373
736,68.2242,61.7559,-10233.5,6.35024,123.943,-42.0373
737,66.6095,66.6095,-10197.4,18.1714,119.374,-119.374
738,60.4885,78.7931,-10123.3,26.7668,111.906,-174.312
739,44.6604,102.161,-10013.5,28.6683,105.309,-185.646
740,14.0572,139.296,-9885.03,19.5516,106.395,-126.744
741,10.7959,155.788,-9907.9,-6.36667,38.0563,132.337
742,42.5457,111.88,-10041.4,-9.66665,37.3092,193.423
743,57.1177,83.1419,-10156.2,-9.21441,39.4598,181.258
744,61.7559,68.2242,-10233.5,-6.35024,42.0373,123.943
745,62.1811,62.1811,-10271.6,-2.23985,43.6277,43.6277
746,62.1811,62.1811,-10271.6,2.23985,43.6277,-43.6277
747,61.7559,68.2242,-10233.5,6.35024,42.0373,-123.943
748,57.1177,83.1419,-10156.2,9.21441,39.4598,-181.258
749,42.5457,111.88,-10041.4,9.66665,37.3092,-193.423
750,10.7959,155.788,-9907.9,6.36667,38.0563,-132.337
751,10.7959,155.788,-9907.9,6.36667,-38.0563,132.337
752,42.5457,111.88,-10041.4,9.66665,-37.3092,193.423
753,57.1177,83.1419,-10156.2,9.21441,-39.4598,181.258
754,61.7559,68.2242,-10233.5,6.35024,-42.0373,123.943
755,62.1811,62.1811,-10271.6,2.23985,-43.6277,43.6277
756,62.1811,62.1811,-10271.6,-2.23985,-43.6277,-43.6277
757,61.7559,68.2242,-10233.5,-6.35024,-42.0373,-123.943
758,57.1177,83.1419,-10156.2,-9.21441,-39.4598,-181.258
759,42.5457,111.88,-10041.4,-9.66665,-37.3092,-193.423
760,10.7959,155.788,-9907.9,-6.36667,-38.0563,-132.337
761,14.0572,139.296,-9885.03,19.5516,-106.395,126.744
762,44.6604,102.161,-10013.5,28.6683,-105.309,185.646
763,60.4885,78.7931,-10123.3,26.7668,-111.906,174.312
764,66.6095,66.6095,-10197.4,18.1714,-119.374,119.374
765,68.2242,61.7559,-10233.5,6.35024,-123.943,42.0373
766,68.2242,61.7559,-10233.5,-6.35024,-123.943,-42.0373
767,66.6095,66.6095,-10197.4,-18.1714,-119.374,-119.374
768,60.4885,78.7931,-10123.3,-26.7668,-111.906,-174.312
769,44.6604,102.161,-10013.5,-28.6683,-105.309,-185.646
770,14.0572,139.296,-9885.03,-19.5516,-106.395,-126.744
771,14.7987,101.398,-9840.48,33.3478,-150.382,115.49
772,46.1845,79.7093,-9956.97,45.6226,-151.938,171.957
773,66.9533,66.9533,-10056.7,40.7347,-162.881,162.881
774,78.7931,60.4885,-10123.3,26.7668,-174.312,111.906
775,83.1419,57.1177,-10156.2,9.21441,-181.258,39.4598
776,83.1419,57.1177,-10156.2,-9.21441,-181.258,-39.4598
777,78.7931,60.4885,-10123.3,-26.7668,-174.312,-111.906
778,66.9533,66.9533,-10056.7,-40.7347,-162.881,-162.881
779,46.1845,79.7093,-9956.97,-45.6226,-151.938,-171.957
780,14.7987,101.398,-9840.48,-33.3478,-150.382,-115.49
781,-0.922754,35.1492,-9783.17,44.6758,-151.137,99.8091
782,39.5576,39.5576,-9878.2,55.1144,-157.894,157.894
783,79.7093,46.1845,-9956.97,45.6226,-171.957,151.938
784,102.161,44.6604,-10013.5,28.6683,-185.646,105.309
785,111.88,42.5457,-10041.4,9.66665,-193.423,37.3092
786,111.88,42.5457,-10041.4,-9.66665,-193.423,-37.3092
787,102.161,44.6604,-10013.5,-28.6683,-185.646,-105.309
788,79.7093,46.1845,-9956.97,-45.6226,-171.957,-151.938
789,39.5576,39.5576,-9878.2,-55.1144,-157.894,-157.894
790,-0.922754,35.1492,-9783.17,-44.6758,-151.137,-99.8091
791,-60.3092,-60.3092,-9745.26,43.4199,-86.1814,86.1814
792,35.1492,-0.922754,-9783.17,44.6758,-99.8091,151.137
793,101.398,14.7987,-9840.48,33.3478,-115.49,150.382
794,139.296,14.0572,-9885.03,19.5516,-126.744,106.395
795,155.788,10.7959,-9907.9,6.36667,-132.337,38.0563
796,155.788,10.7959,-9907.9,-6.36667,-132.337,-38.0563
797,139.296,14.0572,-9885.03,-19.5516,-126.744,-106.395
798,101.398,14.7987,-9840.48,-33.3478,-115.49,-150.382
799,35.1492,-0.922754,-9783.17,-44.6758,-99.8091,-151.137
800,-60.3092,-60.3092,-9745.26,-43.4199,-86.1814,-86.1814
801,-68.0404,-68.0404,-9922.89,-18.6243,60.9811,60.9811
802,16.1573,-16.8757,-9920.78,-21.5878,68.4322,115.463
803,89.2788,11.1492,-9939.86,-16.1228,79.8574,121.426
804,141.551,25.7013,-9956.44,-9.33413,88.6362,88.8193
805,168.496,31.9161,-9965.02,-2.99907,93.1066,32.2588
806,168.496,31.9161,-9965.02,2.99907,93.1066,-32.2588
807,141.551,25.7013,-9956.44,9.33413,88.6362,-88.8193
808,89.2788,11.1492,-9939.86,16.1228,79.8574,-121.426
809,16.1573,-16.8757,-9920.78,21.5878,68.4322,-115.463
810,-68.0404,-68.0404,-9922.89,18.6243,60.9811,-60.9811
811,-16.8757,16.1573,-9920.78,-21.5878,115.463,68.4322
812,43.3026,43.3026,-9946.28,-25.9634,117.759,117.759
813,105.615,67.2308,-9978.03,-20.9589,129.379,119.3
814,152.753,82.3983,-10002.3,-12.8618,141.242,85.3243
815,177.732,89.627,-10014.7,-4.26661,148.065,30.6697
816,177.732,89.627,-10014.7,4.26661,148.065,-30.6697
817,152.753,82.3983,-10002.3,12.8618,141.242,-85.3243
818,105.615,67.2308,-9978.03,20.9589,129.379,-119.3
819,43.3026,43.3026,-9946.28,25.9634,117.759,-117.759
820,-16.8757,16.1573,-9920.78,21.5878,115.463,-68.4322
821,11.1492,89.2788,-9939.86,-16.1228,121.426,79.8574
822,67.2308,105.615,-9978.03,-20.9589,119.3,129.379
823,124.719,124.719,-10017.6,-18.481,128.007,128.007
824,169.845,140.578,-10045.7,-12.071,137.778,90.3141
825,193.933,148.995,-10059.9,-4.13672,143.722,32.253
826,193.933,148.995,-10059.9,4.13672,143.722,-32.253
827,169.845,140.578,-10045.7,12.071,137.778,-90.3141
828,124.719,124.719,-10017.6,18.481,128.007,-128.007
829,67.2308,105.615,-9978.03,20.9589,119.3,-129.379
830,11.1492,89.2788,-9939.86,16.1228,121.426,-79.8574
831,25.7013,141.551,-9956.44,-9.33413,88.8193,88.6362
832,82.3983,152.753,-10002.3,-12.8618,85.3243,141.242
833,140.578,169.845,-10045.7,-12.071,90.3141,137.778
834,185.518,185.518,-10076.5,-8.27877,96.4812,96.4812
835,209.566,194.626,-10091.9,-2.90685,100.265,34.3462
836,209.566,194.626,-10091.9,2.90685,100.265,-34.3462
837,185.518,185.518,-10076.5,8.27877,96.4812,-96.4812
838,140.578,169.845,-10045.7,12.071,90.3141,-137.778
839,82.3983,152.753,-10002.3,12.8618,85.3243,-141.242
840,25.7013,141.551,-9956.44,9.33413,88.8193,-88.6362
841,31.9161,168.496,-9965.02,-2.99907,32.2588,93.1066
842,89.627,177.732,-10014.7,-4.26661,30.6697,148.065
843,148.995,193.933,-10059.9,-4.13672,32.253,143.722
844,194.626,209.566,-10091.9,-2.90685,34.3462,100.265
845,218.765,218.765,-10108.1,-1.03527,35.639,35.639
846,218.765,218.765,-10108.1,1.03527,35.639,-35.639
847,194.626,209.566,-10091.9,2.90685,34.3462,-100.265
848,148.995,193.933,-10059.9,4.13672,32.253,-143.722
849,89.627,177.732,-10014.7,4.26661,30.6697,-148.065
850,31.9161,168.496,-9965.02,2.99907,32.2588,-93.1066
851,31.9161,168.496,-9965.02,2.99907,-32.2588,93.1066
852,89.627,177.732,-10014.7,4.26661,-30.6697,148.065
853,148.995,193.933,-10059.9,4.13672,-32.253,143.722
854,194.626,209.566,-10091.9,2.90685,-34.3462,100.265
855,218.765,218.765,-10108.1,1.03527,-35.639,35.639
856,218.765,218.765,-10108.1,-1.03527,-35.639,-35.639
857,194.626,209.566,-10091.9,-2.90685,-34.3462,-100.265
858,148.995,193.933,-10059.9,-4.13672,-32.253,-143.722
859,89.627,177.732,-10014.7,-4.26661,-30.6697,-148.065
860,31.9161,168.496,-9965.02,-2.99907,-32.2588,-93.1066
861,25.7013,141.551,-9956.44,9.33413,-88.8193,88.6362
862,82.3983,152.753,-10002.3,12.8618,-85.3243,141.242
863,140.578,169.845,-10045.7,12.071,-90.3141,137.778
864,185.518,185.518,-10076.5,8.27877,-96.4812,96.4812
865,209.566,194.626,-10091.9,2.90685,-100.265,34.3462
866,209.566,194.626,-10091.9,-2.90685,-100.265,-34.3462
867,185.518,185.518,-10076.5,-8.27877,-96.4812,-96.4812
868,140.578,169.845,-10045.7,-12.071,-90.3141,-137.778
869,82.3983,152.753,-10002.3,-12.8618,-85.3243,-141.242
870,25.7013,141.551,-9956.44,-9.33413,-88.8193,-88.6362
871,11.1492,89.2788,-9939.86,16.1228,-121.426,79.8574
872,67.2308,105.615,-9978.03,20.9589,-119.3,129.379
873,124.719,124.719,-10017.6,18.481,-128.007,128.007
874,169.845,140.578,-10045.7,12.071,-137.778,90.3141
875,193.933,148.995,-10059.9,4.13672,-143.722,32.253
876,193.933,148.995,-10059.9,-4.13672,-143.722,-32.253
877,169.845,140.578,-10045.7,-12.071,-137.778,-90.3141
878,124.719,124.719,-10017.6,-18.481,-128.007,-128.007
879,67.2308,105.615,-9978.03,-20.9589,-119.3,-129.379
880,11.1492,89.2788,-9939.86,-16.1228,-121.426,-79.8574
881,-16.8757,16.1573,-9920.78,21.5878,-115.463,68.4322
882,43.3026,43.3026,-9946.28,25.9634,-117.759,117.759
883,105.615,67.2308,-9978.03,20.9589,-129.379,119.3
884,152.753,82.3983,-10002.3,12.8618,-141.242,85.3243
885,177.732,89.627,-10014.7,4.26661,-148.065,30.6697
886,177.732,89.627,-10014.7,-4.26661,-148.065,-30.6697
887,152.753,82.3983,-10002.3,-12.8618,-141.242,-85.3243
888,105.615,67.2308,-9978.03,-20.9589,-129.379,-119.3
889,43.3026,43.3026,-9946.28,-25.9634,-117.759,-117.759
890,-16.8757,16.1573,-9920.78,-21.5878,-115.463,-68.4322
891,-68.0404,-68.0404,-9922.89,18.6243,-60.9811,60.9811
892,16.1573,-16.8757,-9920.78,21.5878,-68.4322,115.463
893,89.2788,11.1492,-9939.86,16.1228,-79.8574,121.426
894,141.551,25.7013,-9956.44,9.33413,-88.6362,88.8193
895,168.496,31.9161,-9965.02,2.99907,-93.1066,32.2588
896,168.496,31.9161,-9965.02,-2.99907,-93.1066,-32.2588
897,141.551,25.7013,-9956.44,-9.33413,-88.6362,-88.8193
898,89.2788,11.1492,-9939.86,-16.1228,-79.8574,-121.426
899,16.1573,-16.8757,-9920.78,-21.5878,-68.4322,-115.463
900,-68.0404,-68.0404,-9922.89,-18.6243,-60.9811,-60.9811
901,-89.5899,-89.5899,-10041.9,-3.29794,23.2926,23.2926
902,-9.53326,-49.1395,-10024,-0.402989,28.3622,56.8266
903,85.4584,-12.65,-10016.2,3.20085,38.7212,64.1186
904,163.871,10.1177,-10012.2,3.82645,47.5504,47.8884
905,207.118,20.3666,-10010.7,1.64282,52.4294,17.4995
906,207.118,20.3666,-10010.7,-1.64282,52.4294,-17.4995
907,163.871,10.1177,-10012.2,-3.82645,47.5504,-47.8884
908,85.4584,-12.65,-10016.2,-3.20085,38.7212,-64.1186
909,-9.53326,-49.1395,-10024,0.402989,28.3622,-56.8266
910,-89.5899,-89.5899,-10041.9,3.29794,23.2926,-23.2926
911,-49.1395,-9.53326,-10024,-0.402989,56.8266,28.3622
912,32.7694,32.7694,-10010.3,2.08832,58.5157,58.5157
913,137.022,81.3136,-10000.4,3.42389,68.5972,62.6315
914,225.056,116.889,-9993.97,3.43684,78.0957,45.5424
915,273.98,134.705,-9991.07,1.44833,83.5389,16.4483
916,273.98,134.705,-9991.07,-1.44833,83.5389,-16.4483
917,225.056,116.889,-9993.97,-3.43684,78.0957,-45.5424
918,137.022,81.3136,-10000.4,-3.42389,68.5972,-62.6315
919,32.7694,32.7694,-10010.3,-2.08832,58.5157,-58.5157
920,-49.1395,-9.53326,-10024,0.402989,56.8266,-28.3622
921,-12.65,85.4584,-10016.2,3.20085,64.1186,38.7212
922,81.3136,137.022,-10000.4,3.42389,62.6315,68.5972
923,191.707,191.707,-9992.02,1.54847,70.1492,70.1492
924,283.882,234.706,-9986.29,0.845463,77.0242,50.1667
925,335.005,257.52,-9983.5,0.314148,80.9821,18.0053
926,335.005,257.52,-9983.5,-0.314148,80.9821,-18.0053
927,283.882,234.706,-9986.29,-0.845463,77.0242,-50.1667
928,191.707,191.707,-9992.02,-1.54847,70.1492,-70.1492
929,81.3136,137.022,-10000.4,-3.42389,62.6315,-68.5972
930,-12.65,85.4584,-10016.2,-3.20085,64.1186,-38.7212
931,10.1177,163.871,-10012.2,3.82645,47.8884,47.5504
932,116.889,225.056,-9993.97,3.43684,45.5424,78.0957
933,234.706,283.882,-9986.29,0.845463,50.1667,77.0242
934,329.846,329.846,-9982.93,-0.12051,54.3468,54.3468
935,382.166,354.849,-9981.43,-0.125863,56.6817,19.4184
936,382.166,354.849,-9981.43,0.125863,56.6817,-19.4184
937,329.846,329.846,-9982.93,0.12051,54.3468,-54.3468
938,234.706,283.882,-9986.29,-0.845463,50.1667,-77.0242
939,116.889,225.056,-9993.97,-3.43684,45.5424,-78.0957
940,10.1177,163.871,-10012.2,-3.82645,47.8884,-47.5504
941,20.3666,207.118,-10010.7,1.64282,17.4995,52.4294
942,134.705,273.98,-9991.07,1.44833,16.4483,83.5389
943,257.52,335.005,-9983.5,0.314148,18.0053,80.9821
944,354.849,382.166,-9981.43,-0.125863,19.4184,56.6817
945,407.886,407.886,-9980.86,-0.0911954,20.1969,20.1969
946,407.886,407.886,-9980.86,0.0911954,20.1969,-20.1969
947,354.849,382.166,-9981.43,0.125863,19.4184,-56.6817
948,257.52,335.005,-9983.5,-0.314148,18.0053,-80.9821
949,134.705,273.98,-9991.07,-1.44833,16.4483,-83.5389
950,20.3666,207.118,-10010.7,-1.64282,17.4995,-52.4294
951,20.3666,207.118,-10010.7,-1.64282,-17.4995,52.4294
952,134.705,273.98,-9991.07,-1.44833,-16.4483,83.5389
953,257.52,335.005,-9983.5,-0.314148,-18.0053,80.9821
954,354.849,382.166,-9981.43,0.125863,-19.4184,56.6817
955,407.886,407.886,-9980.86,0.0911954,-20.1969,20.1969
956,407.886,407.886,-9980.86,-0.0911954,-20.1969,-20.1969
957,354.849,382.166,-9981.43,-0.125863,-19.4184,-56.6817
958,257.52,335.005,-9983.5,0.314148,-18.0053,-80.9821
959,134.705,273.98,-9991.07,1.44833,-16.4483,-83.5389
960,20.3666,207.118,-10010.7,1.64282,-17.4995,-52.4294
961,10.1177,163.871,-10012.2,-3.82645,-47.8884,47.5504
962,116.889,225.056,-9993.97,-3.43684,-45.5424,78.0957
963,234.706,283.882,-9986.29,-0.845463,-50.1667,77.0242
964,329.846,329.846,-9982.93,0.12051,-54.3468,54.3468
965,382.166,354.849,-9981.43,0.125863,-56.6817,19.4184
966,382.166,354.849,-9981.43,-0.125863,-56.6817,-19.4184
967,329.846,329.846,-9982.93,-0.12051,-54.3468,-54.3468
968,234.706,283.882,-9986.29,0.845463,-50.1667,-77.0242
969,116.889,225.056,-9993.97,3.43684,-45.5424,-78.0957
970,10.1177,163.871,-10012.2,3.82645,-47.8884,-47.5504
971,-12.65,85.4584,-10016.2,-3.20085,-64.1186,38.7212
972,81.3136,137.022,-10000.4,-3.42389,-62.6315,68.5972
973,191.707,191.707,-9992.02,-1.54847,-70.1492,70.1492
974,283.882,234.706,-9986.29,-0.845463,-77.0242,50.1667
975,335.005,257.52,-9983.5,-0.314148,-80.9821,18.0053
976,335.005,257.52,-9983.5,0.314148,-80.9821,-18.0053
977,283.882,234.706,-9986.29,0.845463,-77.0242,-50.1667
978,191.707,191.707,-9992.02,1.54847,-70.1492,-70.1492
979,81.3136,137.022,-10000.4,3.42389,-62.6315,-68.5972
980,-12.65,85.4584,-10016.2,3.20085,-64.1186,-38.7212
981,-49.1395,-9.53326,-10024,0.402989,-56.8266,28.3622
982,32.7694,32.7694,-10010.3,-2.08832,-58.5157,58.5157
983,137.022,81.3136,-10000.4,-3.42389,-68.5972,62.6315
984,225.056,116.889,-9993.97,-3.43684,-78.0957,45.5424
985,273.98,134.705,-9991.07,-1.44833,-83.5389,16.4483
986,273.98,134.705,-9991.07,1.44833,-83.5389,-16.4483
987,225.056,116.889,-9993.97,3.43684,-78.0957,-45.5424
988,137.022,81.3136,-10000.4,3.42389,-68.5972,-62.6315
989,32.7694,32.7694,-10010.3,2.08832,-58.5157,-58.5157
990,-49.1395,-9.53326,-10024,-0.402989,-56.8266,-28.3622
991,-89.5899,-89.5899,-10041.9,3.29794,-23.2926,23.2926
992,-9.53326,-49.1395,-10024,0.402989,-28.3622,56.8266
993,85.4584,-12.65,-10016.2,-3.20085,-38.7212,64.1186
994,163.871,10.1177,-10012.2,-3.82645,-47.5504,47.8884
995,207.118,20.3666,-10010.7,-1.64282,-52.4294,17.4995
996,207.118,20.3666,-10010.7,1.64282,-52.4294,-17.4995
997,163.871,10.1177,-10012.2,3.82645,-47.5504,-47.8884
998,85.4584,-12.65,-10016.2,3.20085,-38.7212,-64.1186
999,-9.53326,-49.1395,-10024,-0.402989,-28.3622,-56.8266
1000,-89.5899,-89.5899,-10041.9,-3.29794,-23.2926,-23.2926
