1,0.12661220133304596,0.08277588337659836,0.35304853320121765
2,0.1251785159111023,0.09814360737800598,0.3774544298648834
3,0.12399132549762726,0.12050659209489822,0.40044471621513367
4,0.12299950420856476,0.1499100774526596,0.42195814847946167
5,0.08593618869781494,0.10788720846176147,0.39096885919570923
6,0.07132628560066223,0.12533721327781677,0.42109423875808716
7,0.05528542399406433,0.1497320979833603,0.4501892626285553
8,0.03775708004832268,0.18111088871955872,0.4781878888607025
9,0.05505022406578064,0.14954215288162231,0.414345383644104
10,0.02930152416229248,0.17004084587097168,0.4490387439727783
11,0.0006445854087360203,0.1973232626914978,0.4831286668777466
12,-0.030982760712504387,0.23142142593860626,0.5165459513664246
13,0.043860554695129395,0.20717976987361908,0.419796347618103
14,0.011209648102521896,0.23178766667842865,0.4572261571884155
15,-0.02539992518723011,0.262933611869812,0.49445655941963196
16,-0.06603632122278214,0.30064254999160767,0.5314164161682129
17,0.059019483625888824,0.2801508903503418,0.40473273396492004
18,0.02523219771683216,0.31008845567703247,0.4424787759780884
19,-0.012975981459021568,0.3462742567062378,0.48034486174583435
20,-0.055678840726614,0.3887253999710083,0.5182591080665588
21,0.10272258520126343,0.36750471591949463,0.36781981587409973
22,0.07417270541191101,0.4041643738746643,0.40306127071380615
23,0.041399773210287094,0.4467850625514984,0.4386076331138611
24,0.004324926529079676,0.4953765571117401,0.47438812255859375
25,0.17220112681388855,0.4677431881427765,0.3093200623989105
26,0.15484000742435455,0.5126363039016724,0.3390973210334778
27,0.13408483564853668,0.5632535219192505,0.36920061707496643
28,0.1098526120185852,0.619597315788269,0.3995612561702728
29,0.25999462604522705,0.5785953998565674,0.23125867545604706
30,0.25837045907974243,0.6332383751869202,0.25277698040008545
31,0.25468742847442627,0.6934583187103271,0.27447324991226196
32,0.24885910749435425,0.7592514753341675,0.29628250002861023
33,0.18630412220954895,0.07752209901809692,0.379457026720047
34,0.18304549157619476,0.09413541108369827,0.40431421995162964
35,0.17999859154224396,0.11774323135614395,0.42773401737213135
36,0.1771453619003296,0.1483912467956543,0.4496825039386749
37,0.14634612202644348,0.10714653134346008,0.4214375913143158
38,0.12998650968074799,0.1262817084789276,0.4524080157279968
39,0.1121608316898346,0.15236061811447144,0.4823259115219116
40,0.09284692257642746,0.18542560935020447,0.5111550688743591
41,0.11690054088830948,0.15267881751060486,0.44855648279190063
42,0.08954698592424393,0.17523768544197083,0.4844592213630676
43,0.059249814599752426,0.20457905530929565,0.5197360515594482
44,0.02598266303539276,0.2407405823469162,0.5543495416641235
45,0.10783151537179947,0.2134106159210205,0.45728427171707153
46,0.07378507405519485,0.24037465453147888,0.49624431133270264
47,0.035744186490774155,0.2738759517669678,0.5349820852279663
48,-0.006321597844362259,0.31394627690315247,0.5734601020812988
49,0.12571954727172852,0.28857627511024475,0.4449021518230438
50,0.09080235660076141,0.3210757076740265,0.4844437539577484
51,0.0514284111559391,0.35982322692871094,0.5240817070007324
52,0.007563314400613308,0.404843807220459,0.5637798309326172
53,0.1726594865322113,0.3771435022354126,0.4099694490432739
54,0.14329172670841217,0.416472464799881,0.4472057521343231
55,0.10966499149799347,0.4617633521556854,0.4847224950790405
56,0.07174167782068253,0.5130338072776794,0.5224859118461609
57,0.2457566261291504,0.4775703549385071,0.35267093777656555
58,0.2279238998889923,0.5251381993293762,0.38456860184669495
59,0.20666134357452393,0.578432023525238,0.41676685214042664
60,0.1819288581609726,0.6374620199203491,0.4492354393005371
61,0.3374039828777313,0.5875813961029053,0.2749851942062378
62,0.33567535877227783,0.6448017954826355,0.2986709475517273
63,0.33185234665870667,0.7076029181480408,0.3225082755088806
64,0.32589292526245117,0.7759867906570435,0.34647125005722046
65,0.259743332862854,0.06541778147220612,0.38817739486694336
66,0.2546778619289398,0.08324547111988068,0.4134539067745209
67,0.24979865550994873,0.1080738753080368,0.4372901916503906
68,0.24510544538497925,0.1399444192647934,0.45965516567230225
69,0.22054481506347656,0.09955216944217682,0.434203565120697
70,0.20245398581027985,0.12034104019403458,0.4659866392612457
71,0.18287113308906555,0.14808091521263123,0.4967155456542969
72,0.1617933064699173,0.18281033635139465,0.5263569355010986
73,0.19257524609565735,0.14895480871200562,0.46505361795425415
74,0.16363555192947388,0.17354287207126617,0.5021325945854187
75,0.1317262202501297,0.20492184162139893,0.5385850667953491
76,0.09684137254953384,0.24312573671340942,0.5743765830993652
77,0.1856497973203659,0.21276944875717163,0.4770524501800537
78,0.1502266675233841,0.24206003546714783,0.5175086855888367
79,0.11078320443630219,0.2778974175453186,0.5577426552772522
80,0.0673106238245964,0.3203098177909851,0.597720205783844
81,0.2062721997499466,0.2901134788990021,0.46735361218452454
82,0.17024441063404083,0.3251473009586334,0.5086550712585449
83,0.12973442673683167,0.36643970012664795,0.5500532984733582
84,0.08473024517297745,0.41401174664497375,0.591515839099884
85,0.25643476843833923,0.37987226247787476,0.43441158533096313
86,0.22626875340938568,0.4218462109565735,0.4736049175262451
87,0.19181935489177704,0.4697933495044708,0.5130792856216431
88,0.153071328997612,0.5237272381782532,0.5528053045272827
89,0.3331179916858673,0.4804602861404419,0.3783333897590637
90,0.3148336112499237,0.5306817293167114,0.4123113751411438
91,0.29309651255607605,0.5866415500640869,0.44659027457237244
92,0.26788827776908875,0.6483447551727295,0.48114490509033203
93,0.4285725951194763,0.5895966291427612,0.30105075240135193
94,0.4267599582672119,0.6493781208992004,0.32686126232147217
95,0.42283162474632263,0.7147524952888489,0.3528231382369995
96,0.41676628589630127,0.7857170104980469,0.378916472196579
97,0.3469388782978058,0.04646492376923561,0.37922969460487366
98,0.3400842845439911,0.0654803067445755,0.40489688515663147
99,0.33339807391166687,0.09150367230176926,0.42912665009498596
100,0.32688650488853455,0.12457393854856491,0.45188653469085693
101,0.30853044986724854,0.08510474115610123,0.42928826808929443
102,0.28872811794281006,0.1075202003121376,0.4618546962738037
103,0.26741576194763184,0.13689592480659485,0.49337145686149597
104,0.24459773302078247,0.17326733469963074,0.5238033533096313
105,0.28206270933151245,0.13837039470672607,0.4638592004776001
106,0.25155842304229736,0.16496089100837708,0.5020841360092163
107,0.21806681156158447,0.19835299253463745,0.5396887063980103
108,0.18158943951129913,0.23857763409614563,0.5766361951828003
109,0.2772969603538513,0.2052578330039978,0.4791232943534851
110,0.24051980674266815,0.23684900999069214,0.5210442543029785
111,0.19970543682575226,0.27499884366989136,0.5627504587173462
112,0.1548524647951126,0.3197326064109802,0.6042051315307617
113,0.3006562888622284,0.2847669720649719,0.4721077084541321
114,0.2635410726070404,0.32231026887893677,0.5151362419128418
115,0.221927672624588,0.36612534523010254,0.558270275592804
116,0.17581166326999664,0.41622963547706604,0.6014742851257324
117,0.35402917861938477,0.3757007420063019,0.4411628842353821
118,0.3230879008769989,0.4202960431575775,0.48227959871292114
119,0.28784865140914917,0.4708784222602844,0.5236864686012268
120,0.24830341339111328,0.5274576544761658,0.5653514862060547
121,0.43427228927612305,0.4764291048049927,0.3863186836242676
122,0.4155583679676056,0.5292825698852539,0.42234233021736145
123,0.39337897300720215,0.5878886580467224,0.45867621898651123
124,0.36772215366363525,0.6522481441497803,0.49529266357421875
125,0.5334975719451904,0.5846667289733887,0.3094593286514282
126,0.5316212773323059,0.6469888091087341,0.33735916018486023
127,0.5276185274124146,0.7149187326431274,0.3654194176197052
128,0.52147376537323,0.7884480953216553,0.3936181664466858
129,0.44790366291999817,0.0206596702337265,0.35262030363082886
130,0.43928059935569763,0.040838174521923065,0.3786522150039673
131,0.4308101534843445,0.06803223490715027,0.40325045585632324
132,0.42250165343284607,0.10227929055690765,0.4263816475868225
133,0.4103117287158966,0.06379824876785278,0.40669751167297363
134,0.3888206481933594,0.08781608939170837,0.44002100825309753
135,0.3658042252063751,0.11880352348089218,0.4723001718521118
136,0.34126946330070496,0.15679438412189484,0.503498911857605
137,0.385367751121521,0.12091849744319916,0.44497814774513245
138,0.3533235192298889,0.1494877189397812,0.4843223989009857
139,0.3182772696018219,0.18486951291561127,0.5230531692504883
140,0.2802330553531647,0.22709275782108307,0.5611323118209839
141,0.3827744424343109,0.19086822867393494,0.46350061893463135
142,0.34466952085494995,0.2247370481491089,0.5068588852882385
143,0.30251356959342957,0.2651768922805786,0.5500108003616333
144,0.2563074827194214,0.3122105300426483,0.592917799949646
145,0.4088715612888336,0.27252960205078125,0.45916667580604553
146,0.3706958591938019,0.31256067752838135,0.503894567489624
147,0.3280092179775238,0.3588767945766449,0.5487370491027832
148,0.2808094322681427,0.41149264574050903,0.5936572551727295
149,0.4654422700405121,0.36462289094924927,0.43022382259368896
150,0.4337526857852936,0.4118192195892334,0.47323524951934814
151,0.3977537453174591,0.46501630544662476,0.5165469646453857
152,0.3574393093585968,0.5242211818695068,0.5601250529289246
153,0.5492202043533325,0.465473473072052,0.3766249418258667
154,0.5301032066345215,0.5209399461746216,0.4146648943424225
155,0.5075106620788574,0.5821727514266968,0.45302578806877136
156,0.4814324676990509,0.649169921875,0.49167782068252563
157,0.6521817445755005,0.5727913975715637,0.3002064526081085
158,0.6502671241760254,0.637636661529541,0.3301656246185303
159,0.6462175846099854,0.7081030607223511,0.3602961301803589
160,0.6400189399719238,0.7841796875,0.39057379961013794
161,0.5626528263092041,-0.012006565928459167,0.3083457350730896
162,0.5522892475128174,0.009309031069278717,0.3347146511077881
163,0.5420562028884888,0.03764999657869339,0.35965651273727417
164,0.5319710373878479,0.073051318526268,0.38313591480255127
165,0.5259034633636475,0.035621464252471924,0.36642536520957947
166,0.5027536749839783,0.06121648848056793,0.4004784822463989
167,0.4780571162700653,0.09379229694604874,0.43349510431289673
168,0.4518284797668457,0.13338032364845276,0.4654369652271271
169,0.502504289150238,0.09658556431531906,0.4084024131298065
170,0.4689522385597229,0.12710924446582794,0.448838472366333
171,0.43237751722335815,0.16445806622505188,0.4886699318885803
172,0.3927914500236511,0.20865832269191742,0.5278568863868713
173,0.5020950436592102,0.16958510875701904,0.4301742911338806
174,0.4626960754394531,0.20570868253707886,0.47494232654571533
175,0.41922634840011597,0.24841661751270294,0.519513726234436
176,0.37169378995895386,0.2977292239665985,0.5638484954833984
177,0.5309291481971741,0.25338467955589294,0.4285189211368561
178,0.49172765016555786,0.29588210582733154,0.4749178886413574
179,0.4479966461658478,0.34467822313308716,0.5214424133300781
180,0.39974072575569153,0.39978569746017456,0.5680537223815918
181,0.5906830430030823,0.34662139415740967,0.40158164501190186
182,0.5582804083824158,0.39639872312545776,0.4464591443538666
183,0.521550714969635,0.4521905779838562,0.49164873361587524
184,0.48049473762512207,0.5140021443367004,0.5371143817901611
185,0.6779689192771912,0.44757604598999023,0.34923869371414185
186,0.6584837436676025,0.5056367516517639,0.389265775680542
187,0.635506272315979,0.5694773197174072,0.4296261966228485
188,0.6090333461761475,0.6390942335128784,0.47028809785842896
189,0.7846298217773438,0.5539537668228149,0.2732783555984497
190,0.7827112674713135,0.621304988861084,0.3052670955657959
191,0.7786414623260498,0.6942895650863647,0.33744022250175476
192,0.7724143266677856,0.7728963494300842,0.36977091431617737
193,0.691207230091095,-0.05154874920845032,0.24639242887496948
194,0.6791431903839111,-0.02912752330303192,0.27306365966796875
195,0.6671627163887024,0.00033792853355407715,0.2983287274837494
196,0.6553186774253845,0.036872416734695435,0.3221356272697449
197,0.6553291082382202,0.0005555599927902222,0.30845361948013306
198,0.6305632591247559,0.02769756317138672,0.34320223331451416
199,0.6042043566703796,0.061839744448661804,0.3769357204437256
200,0.5763013958930969,0.10300465673208237,0.4096003770828247
201,0.6334977149963379,0.06534872949123383,0.35410964488983154
202,0.5984826683998108,0.09779857844114304,0.39560383558273315
203,0.5603994131088257,0.13709300756454468,0.4365149736404419
204,0.519292950630188,0.18325090408325195,0.47678929567337036
205,0.6352845430374146,0.14138227701187134,0.3791188597679138
206,0.594638466835022,0.179734006524086,0.42526304721832275
207,0.5498765110969543,0.22468975186347961,0.471232533454895
208,0.5010402798652649,0.2762630879878998,0.5169745683670044
209,0.6668527722358704,0.2273024618625641,0.3801366090774536
210,0.626674234867096,0.2722416818141937,0.4281732738018036
211,0.581921398639679,0.3234986662864685,0.47635769844055176
212,0.5326327681541443,0.38108131289482117,0.5246391296386719
213,0.7297714352607727,0.3216637372970581,0.355207622051239
214,0.6967054009437561,0.3739992678165436,0.4019175171852112
215,0.6592676639556885,0.4323681890964508,0.44896233081817627
216,0.6174942851066589,0.49677109718322754,0.4962940216064453
217,0.8205321431159973,0.42270153760910034,0.30413198471069336
218,0.800728976726532,0.48333555459976196,0.34611183404922485
219,0.7773883938789368,0.5497673749923706,0.38844871520996094
220,0.750545084476471,0.6219900846481323,0.4310982823371887
221,0.9308488368988037,0.5281168222427368,0.2286490797996521
222,0.9289759993553162,0.5979539155960083,0.2626325488090515
223,0.924906849861145,0.6734421253204346,0.29682457447052
224,0.9186747074127197,0.7545661926269531,0.331185519695282
225,0.8335905075073242,-0.09799185395240784,0.1667337417602539
226,0.819880485534668,-0.0745028704404831,0.19366520643234253
227,0.8061526417732239,-0.043928295373916626,0.21924743056297302
228,0.7925669550895691,-0.006279811263084412,0.24336406588554382
229,0.7986220717430115,-0.041432395577430725,0.2327456921339035
230,0.7722955346107483,-0.01277780532836914,0.26815077662467957
231,0.744274377822876,0.02291668951511383,0.30259621143341064
232,0.7147149443626404,0.0656406432390213,0.3359673023223877
233,0.7783879041671753,0.027167528867721558,0.28205475211143494
234,0.741966962814331,0.061512455344200134,0.3245702385902405
235,0.7023757100105286,0.10274054110050201,0.36655712127685547
236,0.6597672700881958,0.1508398950099945,0.40790319442749023
237,0.7823849320411682,0.10621140897274017,0.31028255820274353
238,0.7405506372451782,0.14676433801651,0.35776764154434204
239,0.6944979429244995,0.19395789504051208,0.4051315188407898
240,0.6443776488304138,0.2477782964706421,0.4522656202316284
241,0.8166816830635071,0.19422763586044312,0.31396484375
242,0.7755873799324036,0.24158522486686707,0.3636040985584259
243,0.7298154234886169,0.29529592394828796,0.41344431042671204
244,0.6795151233673096,0.35534170269966125,0.46338075399398804
245,0.8827384114265442,0.28968700766563416,0.2910464406013489
246,0.849073052406311,0.344561368227005,0.33955323696136475
247,0.8109314441680908,0.40550291538238525,0.38844797015190125
248,0.7684627771377563,0.47248804569244385,0.43763017654418945
249,0.9769272208213806,0.39078015089035034,0.2412521094083786
250,0.9568734169006348,0.4539717435836792,0.28514814376831055
251,0.9331759214401245,0.5229937434196472,0.3294546604156494
252,0.9059857130050659,0.5978153944015503,0.3740752339363098
253,1.090838074684143,0.4952031373977661,0.16627243161201477
254,1.089081883430481,0.5675143003463745,0.20221158862113953
255,1.0850211381912231,0.6455075740814209,0.2384137511253357
256,1.0788094997406006,0.7291449308395386,0.27478668093681335
257,0.3549666702747345,0.6968646049499512,0.1373801827430725
258,0.37144601345062256,0.7626150250434875,0.14831329882144928
259,0.387505441904068,0.8339114189147949,0.1591275930404663
260,0.40305590629577637,0.9107452034950256,0.16976256668567657
261,0.4439144730567932,0.8183885812759399,0.032890792936086655
262,0.4782278537750244,0.8962550163269043,0.03164403885602951
263,0.5138149261474609,0.9797613024711609,0.02987530827522278
264,0.5505847930908203,1.0688949823379517,0.027529645711183548
265,0.5135311484336853,0.9381415843963623,-0.07598499953746796
266,0.5627149939537048,1.028594970703125,-0.09008942544460297
267,0.6146631240844727,1.1248960494995117,-0.10516703128814697
268,0.6692838668823242,1.227030873298645,-0.12126611173152924
269,0.5524218678474426,1.0504817962646484,-0.18257959187030792
270,0.6111697554588318,1.1532976627349854,-0.20922109484672546
271,0.6737433075904846,1.2622557878494263,-0.23726901412010193
272,0.7400493025779724,1.3773409128189087,-0.2667645812034607
273,0.552869975566864,1.149526596069336,-0.28041717410087585
274,0.6142441630363464,1.2636873722076416,-0.31830987334251404
275,0.6799135804176331,1.3843294382095337,-0.3579614758491516
276,0.7497838735580444,1.5114376544952393,-0.3994055390357971
277,0.5120801329612732,1.2296158075332642,-0.3638242185115814
278,0.5684776902198792,1.3532919883728027,-0.41086119413375854
279,0.6289759278297424,1.4837830066680908,-0.4598779082298279
280,0.693480372428894,1.6210767030715942,-0.5109004974365234
281,0.4327089488506317,1.2858128547668457,-0.42843931913375854
282,0.47693926095962524,1.4164310693740845,-0.48192742466926575
283,0.5244408249855042,1.5541448593139648,-0.5374535322189331
284,0.5751191973686218,1.6989442110061646,-0.5950363278388977
285,0.3225972354412079,1.3143771886825562,-0.471556693315506
286,0.3489105999469757,1.448776364326477,-0.5285094380378723
287,0.3771556615829468,1.5904558897018433,-0.5873895287513733
288,0.4072378873825073,1.7394102811813354,-0.6482080817222595
289,0.4363051652908325,0.7040135264396667,0.18064351379871368
290,0.4530537724494934,0.7721456289291382,0.1937108337879181
291,0.4693472385406494,0.8458292484283447,0.2066318392753601
292,0.48514217138290405,0.9250593781471252,0.21938569843769073
293,0.5290917158126831,0.8227757811546326,0.07487224787473679
294,0.5640400648117065,0.902737021446228,0.07564753293991089
295,0.6002269983291626,0.9883455634117126,0.07587213814258575
296,0.6376088857650757,1.07958984375,0.07553116232156754
297,0.6022939682006836,0.9389481544494629,-0.03605128824710846
298,0.6524558663368225,1.031129240989685,-0.04832054302096367
299,0.7053475379943848,1.1291674375534058,-0.061592601239681244
300,0.760924756526947,1.2330467700958252,-0.07587616890668869
301,0.6443661451339722,1.0470247268676758,-0.14537718892097473
302,0.7043995261192322,1.1511352062225342,-0.17043763399124146
303,0.768223762512207,1.2613993883132935,-0.19693513214588165
304,0.8357948660850525,1.3777966499328613,-0.22487187385559082
305,0.6474596261978149,1.1412842273712158,-0.24652080237865448
306,0.7103790044784546,1.2562570571899414,-0.2831442058086395
307,0.7775581479072571,1.3777250051498413,-0.32155779004096985
308,0.848953902721405,1.505662441253662,-0.3617574870586395
309,0.6086727380752563,1.2162476778030396,-0.3336787819862366
310,0.6668176651000977,1.3402223587036133,-0.37980377674102783
311,0.7290266752243042,1.4710277318954468,-0.42794010043144226
312,0.7952587604522705,1.608636736869812,-0.47807812690734863
313,0.5305876135826111,1.2671730518341064,-0.40234383940696716
314,0.5767015218734741,1.3975650072097778,-0.45530885457992554
315,0.6260490417480469,1.5350697040557861,-0.5103437304496765
316,0.6785905957221985,1.6796585321426392,-0.5674333572387695
317,0.42100226879119873,1.290518879890442,-0.4496539533138275
318,0.4492649734020233,1.4241763353347778,-0.5064895749092102
319,0.47942054271698,1.5651320219039917,-0.565284013748169
320,0.5114308595657349,1.713358998298645,-0.6260175108909607
321,0.5313490629196167,0.7041533589363098,0.2062799334526062
322,0.5483877062797546,0.7746551632881165,0.22143611311912537
323,0.5649515986442566,0.8507213592529297,0.23644477128982544
324,0.5810168385505676,0.9323405027389526,0.25129231810569763
325,0.627921462059021,0.8201117515563965,0.09926540404558182
326,0.6635255217552185,0.9021602869033813,0.1020144671201706
327,0.700350284576416,0.9898699522018433,0.1042107492685318
328,0.7383702993392944,1.0832202434539795,0.10584720224142075
329,0.7046657204627991,0.9326590895652771,-0.01366589218378067
330,0.7558263540267944,1.0265651941299438,-0.024150855839252472
331,0.8097001314163208,1.1263427734375,-0.03564201295375824
332,0.8662605881690979,1.2319642305374146,-0.048139311373233795
333,0.7498922348022461,1.0364280939102173,-0.12568461894989014
334,0.8112310171127319,1.1418349742889404,-0.1492173820734024
335,0.8763450384140015,1.2534103393554688,-0.17419196665287018
336,0.9452077746391296,1.3711191415786743,-0.20060104131698608
337,0.7556251287460327,1.1258612871170044,-0.23010052740573883
338,0.8201084733009338,1.2416526079177856,-0.26551005244255066
339,0.8888365030288696,1.3639529943466187,-0.30271586775779724
340,0.9617840051651001,1.4927220344543457,-0.34170404076576233
341,0.7188595533370972,1.195663571357727,-0.32098278403282166
342,0.7787683606147766,1.3199472427368164,-0.366252601146698
343,0.8427265286445618,1.4510751962661743,-0.4135414958000183
344,0.9107109904289246,1.5890034437179565,-0.46282920241355896
345,0.6421001553535461,1.2412896156311035,-0.39367982745170593
346,0.6901124119758606,1.3714691400527954,-0.4461797773838043
347,0.7413429021835327,1.508773922920227,-0.5007585287094116
348,0.7957715392112732,1.6531578302383423,-0.557390570640564
349,0.5330988764762878,1.259400486946106,-0.4451747238636017
350,0.5633230209350586,1.3923317193984985,-0.5019514560699463
351,0.5954238772392273,1.5325734615325928,-0.5606971979141235
352,0.6293848156929016,1.6800789833068848,-0.621381938457489
353,0.6401073336601257,0.6973202228546143,0.21428516507148743
354,0.6574540734291077,0.7701733708381653,0.2314939796924591
355,0.6743176579475403,0.8486055135726929,0.24856378138065338
356,0.6906788349151611,0.9325994253158569,0.26547932624816895
357,0.7404240965843201,0.810444712638855,0.10605660080909729
358,0.7766997218132019,0.894564151763916,0.11074294149875641
359,0.8141897916793823,0.9843587279319763,0.11488388478755951
360,0.852872371673584,1.07980215549469,0.11847147345542908
361,0.8206760287284851,0.9193357825279236,-0.008851572871208191
362,0.87284916639328,1.014952301979065,-0.017589077353477478
363,0.9277308583259583,1.1164535284042358,-0.027326658368110657
364,0.9852977991104126,1.2238056659698486,-0.038064584136009216
365,0.8690347671508789,1.0187665224075317,-0.12353307753801346
366,0.93169105052948,1.1254570484161377,-0.14557519555091858
367,0.9981195330619812,1.2383278608322144,-0.16905458271503448
368,1.0682963132858276,1.3573381900787354,-0.19396370649337769
369,0.8774016499519348,1.103345274925232,-0.231194406747818
370,0.9434600472450256,1.2199434041976929,-0.26542723178863525
371,1.0137606859207153,1.3430612087249756,-0.30145353078842163
372,1.0882813930511475,1.4726519584655762,-0.3392585217952728
373,0.8426695466041565,1.167962908744812,-0.32577911019325256
374,0.9043528437614441,1.2925448417663574,-0.37023115158081055
375,0.9700840711593628,1.4239802360534668,-0.4167013168334961
376,1.0398426055908203,1.5622185468673706,-0.4651678204536438
377,0.7672651410102844,1.2082723379135132,-0.4024929404258728
378,0.8171861171722412,1.3382292985916138,-0.454565167427063
379,0.8703241944313049,1.4753196239471436,-0.5087172389030457
380,0.9266617894172668,1.6194897890090942,-0.5649213790893555
381,0.6588904857635498,1.2211387157440186,-0.4581645131111145
382,0.6910876631736755,1.3533345460891724,-0.5149198174476624
383,0.7251592874526978,1.4928470849990845,-0.5736469030380249
384,0.7610929012298584,1.6396223306655884,-0.63431316614151
385,0.7625854015350342,0.683518648147583,0.20465168356895447
386,0.7802643179893494,0.75870680809021,0.22388269007205963
387,0.7974530458450317,0.8394865989685059,0.24298542737960815
388,0.8141335248947144,0.9258381724357605,0.26194247603416443
389,0.8666079640388489,0.7937840223312378,0.09523577243089676
390,0.9035775661468506,0.8799595832824707,0.10182838141918182
391,0.9417561292648315,0.9718214273452759,0.10788577795028687
392,0.9811227321624756,1.0693413019180298,0.1133979856967926
393,0.9503352642059326,0.8989934921264648,-0.021621033549308777
394,1.0035414695739746,0.9963065385818481,-0.028642460703849792
395,1.0594526529312134,1.0995140075683594,-0.03665463626384735
396,1.118045449256897,1.208580493927002,-0.04565960168838501
397,1.0018051862716675,0.994061291217804,-0.1389373540878296
398,1.0657985210418701,1.1020222902297974,-0.1595207154750824
399,1.1335612535476685,1.2161717414855957,-0.1815330535173416
400,1.2050701379776,1.3364670276641846,-0.20496836304664612
401,1.012799859046936,1.073763370513916,-0.2498186081647873
402,1.0804517269134521,1.191156029701233,-0.28290700912475586
403,1.1523444652557373,1.3150742053985596,-0.3177819848060608
404,1.2284554243087769,1.4454703330993652,-0.3544299602508545
405,0.9801108241081238,1.1331783533096313,-0.3480844497680664
406,1.0435870885849,1.2580468654632568,-0.39175155758857727
407,1.1111106872558594,1.389772653579712,-0.4374312162399292
408,1.182660698890686,1.5283042192459106,-0.4851030111312866
409,0.906086266040802,1.1681586503982544,-0.4287993907928467
410,0.957935094833374,1.2978819608688354,-0.4804772734642029
411,1.0130006074905396,1.4347400665283203,-0.5342311859130859
412,1.071265459060669,1.5786794424057007,-0.5900340676307678
413,0.7983754873275757,1.1757748126983643,-0.4886380732059479
414,0.8325651288032532,1.307224154472351,-0.545405924320221
415,0.8686296343803406,1.445989727973938,-0.6041433811187744
416,0.9065556526184082,1.5920175313949585,-0.664818525314331
417,0.8987858891487122,0.6627326011657715,0.1773659884929657
418,0.9168302416801453,0.740239679813385,0.19858893752098083
419,0.9343686103820801,0.8233494162559509,0.21969686448574066
420,0.951391875743866,0.9120422601699829,0.24066942930221558
421,1.0064735412597656,0.7701159119606018,0.06678998470306396
422,1.0441691875457764,0.8583319783210754,0.07525786757469177
423,1.0830587148666382,0.9522441625595093,0.08320416510105133
424,1.123130440711975,1.0518243312835693,0.09061504900455475
425,1.0936418771743774,0.8716202974319458,-0.051985859870910645
426,1.1479122638702393,0.970615029335022,-0.05732297897338867
427,1.2048730850219727,1.075512409210205,-0.06363731622695923
428,1.2645111083984375,1.186276912689209,-0.07093527913093567
429,1.148200273513794,0.9623031616210938,-0.17190758883953094
430,1.2135605812072754,1.071520209312439,-0.19106461107730865
431,1.2826769351959229,1.186931848526001,-0.21163742244243622
432,1.3555353879928589,1.308496117591858,-0.2336248904466629
433,1.161814570426941,1.0371094942092896,-0.28598129749298096
434,1.2310893535614014,1.1552822589874268,-0.3179585635662079
435,1.3045927286148071,1.2799843549728394,-0.35170984268188477
436,1.3823117017745972,1.4111695289611816,-0.38722679018974304
437,1.1311768293380737,1.0913069248199463,-0.38790494203567505
438,1.1964759826660156,1.216447353363037,-0.4308212101459503
439,1.2658103704452515,1.3484467267990112,-0.475738525390625
440,1.3391692638397217,1.4872554540634155,-0.5226414203643799
441,1.0585565567016602,1.1209492683410645,-0.4726027548313141
442,1.112363338470459,1.2504241466522217,-0.523921549320221
443,1.169376015663147,1.3870325088500977,-0.5773056149482727
444,1.2295864820480347,1.5307241678237915,-0.6327337026596069
445,0.9515462517738342,1.123311996459961,-0.5365965366363525
446,0.987759530544281,1.2540000677108765,-0.5934130549430847
447,1.025837779045105,1.3920010328292847,-0.6521900296211243
448,1.0657764673233032,1.5372644662857056,-0.7129008173942566
449,1.0487078428268433,0.6349232196807861,0.13240565359592438
450,1.0671664476394653,0.714730441570282,0.1555846631526947
451,1.0850738286972046,0.8001567125320435,0.17867380380630493
452,1.1024627685546875,0.8911792039871216,0.201638326048851
453,1.160011887550354,0.7393996119499207,0.02070114016532898
454,1.1984816789627075,0.8296386003494263,0.03100775182247162
455,1.2380993366241455,0.9255880117416382,0.04081827402114868
456,1.2788987159729004,1.0272181034088135,0.0501038134098053
457,1.2505799531936646,0.8371750116348267,-0.09995914995670319
458,1.305962085723877,0.9378341436386108,-0.10364958643913269
459,1.3639883995056152,1.0444086790084839,-0.10829100012779236
460,1.4246927499771118,1.1568620204925537,-0.11390677094459534
461,1.3081988096237183,0.9234507083892822,-0.22245116531848907
462,1.374973177909851,1.0339064598083496,-0.24022066593170166
463,1.4454574584960938,1.1505677700042725,-0.2593793570995331
464,1.5196865797042847,1.2733925580978394,-0.27994459867477417
465,1.3244222402572632,0.9933427572250366,-0.33968424797058105
466,1.39536714553833,1.1122773885726929,-0.3705906271934509
467,1.4704946279525757,1.2377514839172363,-0.4032439589500427
468,1.549841046333313,1.3697172403335571,-0.4376564919948578
469,1.295844316482544,1.0423089265823364,-0.44523677229881287
470,1.3630133867263794,1.167702555656433,-0.48744404315948486
471,1.4341723918914795,1.299963116645813,-0.5316249132156372
472,1.509360432624817,1.4390407800674438,-0.5777869820594788
473,1.2246546745300293,1.0666059255599976,-0.5338945388793945
474,1.2804672718048096,1.1958122253417969,-0.5848974585533142
475,1.339441180229187,1.3321596384048462,-0.6379384994506836
476,1.4016175270080566,1.4755953550338745,-0.6930207014083862
477,1.1183862686157227,1.0637162923812866,-0.6020272374153137
478,1.1566721200942993,1.1936215162277222,-0.6589375138282776
479,1.196779489517212,1.330845832824707,-0.7177813053131104
480,1.2387512922286987,1.4753364324569702,-0.7785574793815613
481,1.2123310565948486,0.6000063419342041,0.06973348557949066
482,1.2312785387039185,0.6821048259735107,0.09482668340206146
483,1.249564528465271,0.769852340221405,0.11988556385040283
484,1.267345905303955,0.8632028102874756,0.14482197165489197
485,1.3271840810775757,0.701545238494873,-0.0430561900138855
486,1.3665052652359009,0.7938003540039062,-0.030956655740737915
487,1.4068626165390015,0.8917953968048096,-0.019295871257781982
488,1.4484171867370605,0.9954755306243896,-0.008158355951309204
489,1.421094536781311,0.7955619096755981,-0.1655532419681549
490,1.477668046951294,0.8978804349899292,-0.16764679551124573
491,1.5367721319198608,1.0061432123184204,-0.17063245177268982
492,1.5985723733901978,1.1202874183654785,-0.17459112405776978
493,1.481734275817871,0.8774036169052124,-0.2905665338039398
494,1.5500041246414185,0.9890944957733154,-0.30700305104255676
495,1.6218690872192383,1.1070194244384766,-0.3247675597667694
496,1.6974986791610718,1.231107473373413,-0.343938410282135
497,1.500550627708435,0.9423596858978271,-0.4109123945236206
498,1.5732476711273193,1.0620534420013428,-0.44080686569213867
499,1.6500122547149658,1.1883147954940796,-0.4723852574825287
500,1.731016993522644,1.3210657835006714,-0.5057234764099121
501,1.474042534828186,0.9860801100730896,-0.520052433013916
502,1.5431631803512573,1.1117234230041504,-0.5616140961647034
503,1.6161589622497559,1.2442625761032104,-0.6050844192504883
504,1.693205714225769,1.3836137056350708,-0.6505380272865295
505,1.4043177366256714,1.005025863647461,-0.6126362681388855
506,1.462216854095459,1.1339590549468994,-0.6633911728858948
507,1.5231631994247437,1.270063042640686,-0.7161173820495605
508,1.5873347520828247,1.4132475852966309,-0.770888090133667
509,1.2988462448120117,0.9968878030776978,-0.6848832368850708
510,1.3392834663391113,1.1260037422180176,-0.7419588565826416
511,1.3814289569854736,1.2624692916870117,-0.8008992671966553
512,1.425461769104004,1.4061909914016724,-0.8617774248123169
513,0.19373902678489685,1.3131479024887085,-0.4922637343406677
514,0.19865088164806366,1.4478057622909546,-0.5497130155563354
515,0.20384761691093445,1.5898057222366333,-0.6088283061981201
516,0.20923535525798798,1.7391475439071655,-0.6696143746376038
517,0.06063917651772499,1.2817888259887695,-0.49136343598365784
518,0.04342816025018692,1.4130953550338745,-0.5466465950012207
519,0.024796681478619576,1.5516729354858398,-0.6032252311706543
520,0.004652855452150106,1.6975269317626953,-0.6610987782478333
521,-0.06169848516583443,1.2218612432479858,-0.471099317073822
522,-0.09889497607946396,1.3464075326919556,-0.5220856666564941
523,-0.13901738822460175,1.478029727935791,-0.5739449262619019
524,-0.18215513229370117,1.6167411804199219,-0.6266725659370422
525,-0.1598532348871231,1.1367076635360718,-0.4347335994243622
526,-0.21235871315002441,1.251555323600769,-0.4799620509147644
527,-0.26886802911758423,1.3731893301010132,-0.5256538391113281
528,-0.3294672667980194,1.5016287565231323,-0.5718005895614624
529,-0.2238306850194931,1.0311661958694458,-0.38604336977005005
530,-0.28511637449264526,1.134068250656128,-0.4247575104236603
531,-0.35089388489723206,1.2434123754501343,-0.4635997414588928
532,-0.421244740486145,1.3592249155044556,-0.5025606155395508
533,-0.24839425086975098,0.9111467003822327,-0.3288133442401886
534,-0.3110295832157135,1.000691294670105,-0.36089590191841125
535,-0.37798190116882324,1.0963292121887207,-0.3928959369659424
536,-0.44932758808135986,1.1980935335159302,-0.42480456829071045
537,-0.2336890995502472,0.7831196188926697,-0.26639899611473083
538,-0.29041290283203125,0.8587859272956848,-0.2922222316265106
539,-0.350644052028656,0.9402418732643127,-0.31790775060653687
540,-0.4144528806209564,1.0275267362594604,-0.3434489965438843
541,-0.1850709170103073,0.6535868048667908,-0.20142164826393127
542,-0.22982224822044373,0.7157086133956909,-0.22164371609687805
543,-0.2767608165740967,0.783403754234314,-0.24183468520641327
544,-0.3259505331516266,0.8567169904708862,-0.2619918882846832
545,0.2919028699398041,1.2843236923217773,-0.47453680634498596
546,0.29875674843788147,1.417752742767334,-0.5322759747505188
547,0.30585533380508423,1.5585424900054932,-0.591712236404419
548,0.3131624758243561,1.7066681385040283,-0.6528221964836121
549,0.15781812369823456,1.2484421730041504,-0.4776371717453003
550,0.14246930181980133,1.3780797719955444,-0.5336027145385742
551,0.12565863132476807,1.515007734298706,-0.5908944606781006
552,0.10735263675451279,1.6592038869857788,-0.6494860053062439
553,0.03380480036139488,1.1846089363098145,-0.46104830503463745
554,-0.001678458764217794,1.3071110248565674,-0.513080358505249
555,-0.04012996703386307,1.4367083311080933,-0.5660153031349182
556,-0.0815804973244667,1.5733840465545654,-0.6198250651359558
557,-0.0666385367512703,1.0963190793991089,-0.42789512872695923
558,-0.11764290183782578,1.208825707435608,-0.47448912262916565
559,-0.17269408702850342,1.3281372785568237,-0.521575391292572
560,-0.23181995749473572,1.4542418718338013,-0.5691251754760742
561,-0.13342006504535675,0.9885332584381104,-0.38183480501174927
562,-0.19347156584262848,1.0888876914978027,-0.42217889428138733
563,-0.25805824995040894,1.1957018375396729,-0.46267902851104736
564,-0.3272044360637665,1.3089706897735596,-0.5033072829246521
565,-0.16119113564491272,0.8672500252723694,-0.3265538811683655
566,-0.2229037582874298,0.9541385769844055,-0.36046507954597473
567,-0.28897660970687866,1.0471370220184326,-0.39432066679000854
568,-0.35943061113357544,1.1462467908859253,-0.428095281124115
569,-0.1499752402305603,0.7389919757843018,-0.26533469557762146
570,-0.20612043142318726,0.8119964003562927,-0.2931121289730072
571,-0.2658155560493469,0.8908052444458008,-0.3207777738571167
572,-0.3290782570838928,0.9754273891448975,-0.3483096659183502
573,-0.10500138252973557,0.6102717518806458,-0.2007531374692917
574,-0.14953772723674774,0.6698282957077026,-0.2229766547679901
575,-0.19630292057991028,0.7349712252616882,-0.2451942414045334
576,-0.24531130492687225,0.8057165741920471,-0.2673884928226471
577,0.40382620692253113,1.248234748840332,-0.474234938621521
578,0.4126317799091339,1.3804515600204468,-0.5323219895362854
579,0.4216645359992981,1.5200406312942505,-0.592117428779602
580,0.43091198801994324,1.6669560670852661,-0.6535879969596863
581,0.2688259482383728,1.2078375816345215,-0.4813459515571594
582,0.25534680485725403,1.335823655128479,-0.5380513072013855
583,0.24038679897785187,1.4711099863052368,-0.5960949063301086
584,0.2239382416009903,1.6136536598205566,-0.6554412841796875
585,0.14319920539855957,1.1401177644729614,-0.4684491455554962
586,0.1094345971941948,1.260591745376587,-0.5215829610824585
587,0.07268135994672775,1.3881701231002808,-0.5756321549415588
588,0.032936155796051025,1.5228147506713867,-0.6305608153343201
589,0.040514133870601654,1.048720359802246,-0.4385295510292053
590,-0.008985137566924095,1.1589008569717407,-0.4865436553955078
591,-0.06255301833152771,1.2758934497833252,-0.5350625514984131
592,-0.1201886534690857,1.399666428565979,-0.584051251411438
593,-0.02904561348259449,0.9387270212173462,-0.39512234926223755
594,-0.08785983920097351,1.036545753479004,-0.4371488392353058
595,-0.15123210847377777,1.1408308744430542,-0.47934406995773315
596,-0.21915778517723083,1.2515569925308228,-0.5216749906539917
597,-0.06002211198210716,0.8162227272987366,-0.34181374311447144
598,-0.12080910801887512,0.9004640579223633,-0.3776038885116577
599,-0.18597997725009918,0.9908202886581421,-0.41335105895996094
600,-0.2555271089076996,1.0872747898101807,-0.4490255117416382
601,-0.052316710352897644,0.6877787113189697,-0.2818114757537842
602,-0.10787979513406754,0.7581260204315186,-0.31159085035324097
603,-0.16701699793338776,0.8342816233634949,-0.3412708342075348
604,-0.22971846163272858,0.9162375330924988,-0.3708261251449585
605,-0.011027783155441284,0.5599162578582764,-0.21764469146728516
606,-0.05534441024065018,0.6169079542160034,-0.24191513657569885
607,-0.10191424936056137,0.679489016532898,-0.2661917209625244
608,-0.15072593092918396,0.7476601600646973,-0.2904539406299591
609,0.5294950604438782,1.2050012350082397,-0.49140095710754395
610,0.5402649641036987,1.335997462272644,-0.5498734712600708
611,0.5512592792510986,1.474370002746582,-0.6100587844848633
612,0.5624697208404541,1.6200664043426514,-0.6719209551811218
613,0.39363184571266174,1.1600956916809082,-0.5025280117988586
614,0.3820360004901886,1.2864224910736084,-0.5600109696388245
615,0.3689554035663605,1.4200514554977417,-0.6188376545906067
616,0.35438770055770874,1.5609337091445923,-0.6789703965187073
617,0.2664387822151184,1.0885052680969238,-0.49333369731903076
618,0.23440784215927124,1.2069436311721802,-0.5476069450378418
619,0.19938287138938904,1.332486629486084,-0.6028024554252625
620,0.16136695444583893,1.4650903940200806,-0.6588818430900574
621,0.16154812276363373,0.9940234422683716,-0.4666617810726166
622,0.11356973648071289,1.1018697023391724,-0.5161333680152893
623,0.06151603162288666,1.2165268659591675,-0.566117525100708
624,0.005394793581217527,1.3379579782485962,-0.6165771484375
625,0.08923083543777466,0.8818512558937073,-0.4259236752986908
626,0.03167014569044113,0.9771265983581543,-0.4696694612503052
627,-0.0304567888379097,1.0788650512695312,-0.5135926604270935
628,-0.09713783860206604,1.1870372295379639,-0.5576579570770264
629,0.05505203455686569,0.758158266544342,-0.374603807926178
630,-0.004793234169483185,0.8397436141967773,-0.4123089909553528
631,-0.06903179734945297,0.9274398684501648,-0.44998040795326233
632,-0.13764852285385132,1.021226406097412,-0.4875861704349518
633,0.05923289433121681,0.6295621991157532,-0.3158338963985443
634,0.004267416894435883,0.697242259979248,-0.3476504981517792
635,-0.05428282171487808,0.7707263231277466,-0.379377156496048
636,-0.11640030890703201,0.850002646446228,-0.41098639369010925
637,0.09680859744548798,0.5025905966758728,-0.2520958185195923
638,0.0527261346578598,0.5570060610771179,-0.2784474790096283
639,0.006378859747201204,0.6170060038566589,-0.3048144578933716
640,-0.04221463203430176,0.6825884580612183,-0.3311746418476105
641,0.6689022779464722,1.1546671390533447,-0.5260475277900696
642,0.681657075881958,1.2844318151474,-0.5849400758743286
643,0.6946364641189575,1.4215699434280396,-0.6455450057983398
644,0.7078316807746887,1.5660300254821777,-0.7078264355659485
645,0.5322225093841553,1.1052628755569458,-0.5411931872367859
646,0.5225318670272827,1.2299188375473022,-0.599488377571106
647,0.5113563537597656,1.3618723154067993,-0.6591287851333618
648,0.4986931383609772,1.5010756254196167,-0.7200762033462524
649,0.4035056531429291,1.0298179388046265,-0.5357086658477783
650,0.3732311427593231,1.1462091207504272,-0.5911564230918884
651,0.33996182680130005,1.2696987390518188,-0.6475293040275574
652,0.3037005364894867,1.4002443552017212,-0.7047883868217468
653,0.29644250869750977,0.9322738647460938,-0.5122950673103333
654,0.2500084340572357,1.0377737283706665,-0.5632591843605042
655,0.19949732720851898,1.1500773429870605,-0.6147404313087463
656,0.14491696655750275,1.2691490650177002,-0.6667000651359558
657,0.22138746082782745,0.8179494738578796,-0.4742386043071747
658,0.16510379314422607,0.9106682538986206,-0.5197389125823975
659,0.10425101965665817,1.0098421573638916,-0.5654219388961792
660,0.03884150832891464,1.115443468093872,-0.6112511157989502
661,0.18401089310646057,0.693096935749054,-0.4249207377433777
662,0.12513042986392975,0.7720125913619995,-0.4645758867263794
663,0.061852503567934036,0.85703045129776,-0.5042033195495605
664,-0.005807263310998678,0.9481319785118103,-0.5437700152397156
665,0.18465682864189148,0.5643786191940308,-0.36739617586135864
666,0.1303110271692276,0.6293771862983704,-0.40128427743911743
667,0.07237481325864792,0.7001706957817078,-0.4350891411304474
668,0.010866542346775532,0.7767499089241028,-0.46878182888031006
669,0.21849633753299713,0.43832674622535706,-0.3040989637374878
670,0.17466874420642853,0.49015048146247864,-0.33256521821022034
671,0.12856918573379517,0.5475501418113708,-0.3610535264015198
672,0.08021733164787292,0.6105259656906128,-0.38954052329063416
673,0.8220400810241699,1.0972388982772827,-0.5781732797622681
674,0.8368119597434998,1.225756287574768,-0.6375230550765991
675,0.8517993092536926,1.3616424798965454,-0.6985772252082825
676,0.8670014142990112,1.5048489570617676,-0.761305570602417
677,0.6845908164978027,1.0433480739593506,-0.5973378419876099
678,0.676838755607605,1.1663165092468262,-0.65648353099823
679,0.6675930619239807,1.2965766191482544,-0.7169677019119263
680,0.6568581461906433,1.434083342552185,-0.7787580490112305
681,0.5543936491012573,0.9640668630599976,-0.595568060874939
682,0.5259095430374146,1.078393578529358,-0.6522290706634521
683,0.49442246556282043,1.1998119354248047,-0.7098103761672974
684,0.45994114875793457,1.3282819986343384,-0.7682780027389526
685,0.4451923668384552,0.8634845614433289,-0.5754215121269226
686,0.4003370404243469,0.9666203856468201,-0.6279175281524658
687,0.3513961732387543,1.076552152633667,-0.680927038192749
688,0.2983832061290741,1.193246841430664,-0.7344164252281189
689,0.3674210011959076,0.7470357418060303,-0.5400577187538147
690,0.3124484717845917,0.8371793627738953,-0.5873520374298096
691,0.2528979182243347,0.9337702989578247,-0.63482666015625
692,0.1887868195772171,1.0367827415466309,-0.6824497580528259
693,0.32685309648513794,0.6210535764694214,-0.49275386333465576
694,0.2689707577228546,0.6972798705101013,-0.5343983769416809
695,0.20668093860149384,0.7796010375022888,-0.5760138034820557
696,0.14000454545021057,0.8679996132850647,-0.6175713539123535
697,0.32395586371421814,0.49224287271499634,-0.4364869296550751
698,0.2702616751194,0.5545392632484436,-0.4724855422973633
699,0.21296565234661102,0.6226238012313843,-0.5084002017974854
700,0.1520916074514389,0.6964876651763916,-0.5442060828208923
701,0.35403841733932495,0.36713892221450806,-0.3736423850059509
702,0.31049588322639465,0.4163493812084198,-0.40426135063171387
703,0.26466816663742065,0.4711299240589142,-0.4349021911621094
704,0.21658112108707428,0.5314804911613464,-0.4655451476573944
705,0.9888979196548462,1.0326862335205078,-0.6477622389793396
706,1.0057367086410522,1.1599335670471191,-0.707615852355957
707,1.0227490663528442,1.2945553064346313,-0.7691473960876465
708,1.0399794578552246,1.4364992380142212,-0.8323531746864319
709,0.8507332801818848,0.974324643611908,-0.6709431409835815
710,0.8449702858924866,1.0955820083618164,-0.730987548828125
711,0.8376730680465698,1.224136233329773,-0.7923446297645569
712,0.8288885354995728,1.3599371910095215,-0.8550092577934265
713,0.7191057205200195,0.8912307620048523,-0.6728914380073547
714,0.6924635767936707,1.0034681558609009,-0.7308155298233032
715,0.662778377532959,1.1228018999099731,-0.7896347045898438
716,0.6300996541976929,1.2491859197616577,-0.8493427634239197
717,0.6078066229820251,0.7876390814781189,-0.6560196280479431
718,0.5645814538002014,0.8883842825889587,-0.710098385810852
719,0.5172314643859863,0.995931088924408,-0.7646662592887878
720,0.4658085107803345,1.1102372407913208,-0.819717526435852
721,0.5273449420928955,0.6690987348556519,-0.6233593225479126
722,0.47373440861701965,0.7566396594047546,-0.6724989414215088
723,0.4155066907405853,0.850633978843689,-0.721795380115509
724,0.3527164161205292,0.9510454535484314,-0.7712445855140686
725,0.48359495401382446,0.5420214533805847,-0.5780819654464722
726,0.42676031589508057,0.6155298948287964,-0.6217672228813171
727,0.36547860503196716,0.6951397657394409,-0.6654008030891418
728,0.29980719089508057,0.7808218598365784,-0.7089812755584717
729,0.4771473705768585,0.41315245628356934,-0.5230856537818909
730,0.42415228486061096,0.4727170765399933,-0.5612457990646362
731,0.3675152659416199,0.5380774140357971,-0.599299967288971
732,0.3072959780693054,0.6092115044593811,-0.6372504830360413
733,0.5034518837928772,0.28902798891067505,-0.4607069492340088
734,0.460239440202713,0.335594117641449,-0.4935287833213806
735,0.41470056772232056,0.38773950934410095,-0.5263509154319763
736,0.3668973445892334,0.44544947147369385,-0.5591806769371033
737,1.169443964958191,0.9609156250953674,-0.7347614765167236
738,1.1884262561798096,1.0868840217590332,-0.7951935529708862
739,1.2074699401855469,1.2202584743499756,-0.8572338223457336
740,1.2267546653747559,1.3609427213668823,-0.9209551215171814
741,1.0306364297866821,0.8981086015701294,-0.7619527578353882
742,1.0269361734390259,1.0176422595977783,-0.82297283411026
743,1.0215914249420166,1.1445063352584839,-0.8852348923683167
744,1.0147817134857178,1.2786026000976562,-0.9488129019737244
745,0.897646963596344,0.8112360835075378,-0.7676211595535278
746,0.8729169964790344,0.9213675856590271,-0.8268869519233704
747,0.845035195350647,1.0386306047439575,-0.8869761228561401
748,0.8141815662384033,1.1629279851913452,-0.9479645490646362
749,0.7843056321144104,0.7046762108802795,-0.7540322542190552
750,0.7427776455879211,0.8030104637145996,-0.8097733855247498
751,0.6970176696777344,0.9081830382347107,-0.8659314513206482
752,0.6472055315971375,1.0200982093811035,-0.9225844740867615
753,0.701190173625946,0.5840896964073181,-0.7240879535675049
754,0.6490057706832886,0.6690033674240112,-0.7751526236534119
755,0.5920983552932739,0.7604087591171265,-0.8263019919395447
756,0.5306480526924133,0.8582139611244202,-0.8776169419288635
757,0.6542730331420898,0.45596450567245483,-0.680852472782135
758,0.5985472798347473,0.5267259478569031,-0.7266575694084167
759,0.538270115852356,0.6036294102668762,-0.7723389863967896
760,0.4736213982105255,0.6865872144699097,-0.8179813623428345
761,0.6442678570747375,0.32708296179771423,-0.6271436214447021
762,0.592030942440033,0.3838823735713959,-0.6675428748130798
763,0.5360484719276428,0.4465198218822479,-0.7077645659446716
764,0.4765007793903351,0.5149139165878296,-0.7478976249694824
765,0.6667685508728027,0.2039792835712433,-0.5652478933334351
766,0.6239436268806458,0.24786455929279327,-0.6003481149673462
767,0.5786890983581543,0.2973724603652954,-0.6353778839111328
768,0.5311858654022217,0.35242873430252075,-0.6704307198524475
769,-0.11217061430215836,0.5285889506340027,-0.13563378155231476
770,-0.14092551171779633,0.57823646068573,-0.15097671747207642
771,-0.1702388972043991,0.6333572864532471,-0.16653850674629211
772,-0.20016832649707794,0.6940010786056519,-0.18232174217700958
773,-0.027342626824975014,0.4133126437664032,-0.06996506452560425
774,-0.03863237053155899,0.45211324095726013,-0.08101379871368408
775,-0.04879165440797806,0.4964146912097931,-0.09263384342193604
776,-0.05787232890725136,0.5462709069252014,-0.10483425110578537
777,0.05626429617404938,0.3118323087692261,-0.004729971289634705
778,0.06122860684990883,0.3417579233646393,-0.011785727925598621
779,0.0688149631023407,0.3773317337036133,-0.01981118880212307
780,0.07897637784481049,0.418610543012619,-0.028822826221585274
781,0.12671789526939392,0.2270078957080841,0.0600479431450367
782,0.14432930946350098,0.2501603662967682,0.05703497678041458
783,0.16563007235527039,0.27920228242874146,0.05267159268260002
784,0.19057664275169373,0.3141917586326599,0.046933308243751526
785,0.1750883311033249,0.16053342819213867,0.12425889074802399
786,0.19999000430107117,0.1789568066596985,0.125666543841362
787,0.2290617972612381,0.2035648226737976,0.1254216879606247
788,0.2622620761394501,0.23441585898399353,0.12349161505699158
789,0.19673876464366913,0.11311005055904388,0.187348872423172
790,0.22272922098636627,0.1286536157131195,0.19377374649047852
791,0.252711683511734,0.1506836712360382,0.1983715444803238
792,0.28664451837539673,0.1792573630809784,0.2011014223098755
793,0.1919262409210205,0.08470134437084198,0.24804946780204773
794,0.21298359334468842,0.0989474356174469,0.2601303160190582
795,0.2372238039970398,0.11994073539972305,0.27036619186401367
796,0.2646035850048065,0.14773577451705933,0.2787085175514221
797,0.16562634706497192,0.07481768727302551,0.3042508363723755
798,0.17689119279384613,0.08907729387283325,0.32245415449142456
799,0.1900232434272766,0.1102629154920578,0.33895638585090637
800,0.20497587323188782,0.13842502236366272,0.35370197892189026
801,-0.03577239066362381,0.48710060119628906,-0.13454516232013702
802,-0.06468161195516586,0.5343784093856812,-0.15185709297657013
803,-0.09418968856334686,0.5871408581733704,-0.16941219568252563
804,-0.1243080198764801,0.6454108953475952,-0.1871984899044037
805,0.045483749359846115,0.3745954632759094,-0.06765420734882355
806,0.033678602427244186,0.41131356358528137,-0.08056075870990753
807,0.02296488918364048,0.4535418152809143,-0.0940621867775917
808,0.01333344355225563,0.5013102293014526,-0.10815265774726868
809,0.12574036419391632,0.2767237722873688,-0.00043834769167006016
810,0.12984998524188995,0.30493447184562683,-0.009166218340396881
811,0.13654403388500214,0.33880066871643066,-0.018886767327785492
812,0.14581482112407684,0.3783585727214813,-0.029600711539387703
813,0.19318053126335144,0.1962052881717682,0.06700658053159714
814,0.20963265001773834,0.21807661652565002,0.06257461756467819
815,0.22973768413066864,0.245842844247818,0.05676973611116409
816,0.25348857045173645,0.2795450985431671,0.0495845191180706
817,0.23898069560527802,0.1345660537481308,0.13447196781635284
818,0.26246458292007446,0.1521916687488556,0.13477148115634918
819,0.2900831997394562,0.17600567638874054,0.13339634239673615
820,0.32182905077934265,0.2060530185699463,0.1303326040506363
821,0.2585984766483307,0.0923185646533966,0.20128165185451508
822,0.28296881914138794,0.10757862776517868,0.20695513486862183
823,0.31129634380340576,0.12932747602462769,0.21077962219715118
824,0.3435722291469574,0.15761244297027588,0.21273501217365265
825,0.25237077474594116,0.06922461092472076,0.266026109457016
826,0.2716694474220276,0.083712637424469,0.2777443826198578
827,0.2941164970397949,0.10494889318943024,0.2875959873199463
828,0.3197007477283478,0.13298165798187256,0.2955551743507385
829,0.22533483803272247,0.06458795070648193,0.32644039392471313
830,0.23477184772491455,0.07960584759712219,0.34468725323677063
831,0.24604149162769318,0.10154968500137329,0.3612113296985626
832,0.25912949442863464,0.1304672807455063,0.37598228454589844
833,0.05447652190923691,0.4386144280433655,-0.15103283524513245
834,0.025419367477297783,0.4835186004638672,-0.17035681009292603
835,-0.004260931629687548,0.5339094400405884,-0.1899353712797165
836,-0.03455239534378052,0.5897966623306274,-0.20975404977798462
837,0.13210275769233704,0.3289189040660858,-0.0829334408044815
838,0.11979054659605026,0.3635455369949341,-0.09773849695920944
839,0.10854567587375641,0.4036843776702881,-0.11314918100833893
840,0.09837997704744339,0.4493531584739685,-0.12915734946727753
841,0.20895487070083618,0.2346886843442917,-0.013748963363468647
842,0.21222026646137238,0.26117080450057983,-0.024187535047531128
843,0.2180461287498474,0.2933104634284973,-0.03562868759036064
844,0.22644369304180145,0.3311329483985901,-0.04807090014219284
845,0.2733389437198639,0.15850260853767395,0.05635127052664757
846,0.2886442244052887,0.17907485365867615,0.05046362057328224
847,0.3075786530971527,0.20554418861865997,0.04319412261247635
848,0.33015209436416626,0.23794224858283997,0.03453763946890831
849,0.316543310880661,0.10171888768672943,0.12705877423286438
850,0.3386237323284149,0.11852480471134186,0.12621507048606873
851,0.36481496691703796,0.14152184128761292,0.1236889436841011
852,0.39512553811073303,0.17074668407440186,0.11946869641542435
853,0.33412283658981323,0.06466175615787506,0.19757449626922607
854,0.3568888008594513,0.07961304485797882,0.2024628072977066
855,0.38358786702156067,0.10105649381875992,0.20549549162387848
856,0.41422659158706665,0.12903238832950592,0.20665492117404938
857,0.32649368047714233,0.046891871839761734,0.2663474977016449
858,0.3440506160259247,0.061593811959028244,0.2776705324649811
859,0.3647313714027405,0.08304819464683533,0.28712138533592224
860,0.3885404169559479,0.11129731684923172,0.29467716813087463
861,0.2987513244152069,0.04750695452094078,0.3309582471847534
862,0.30637815594673157,0.06325308978557587,0.3492165803909302
863,0.31581249833106995,0.08593034744262695,0.36574798822402954
864,0.32705679535865784,0.1155814528465271,0.3805249035358429
865,0.15855030715465546,0.3831891417503357,-0.18509237468242645
866,0.1293584406375885,0.4257063567638397,-0.20646144449710846
867,0.09953097999095917,0.4737054109573364,-0.22809386253356934
868,0.06908668577671051,0.5271938443183899,-0.24997380375862122
869,0.2325051873922348,0.27633023262023926,-0.11579535156488419
870,0.21969804167747498,0.30885034799575806,-0.13253077864646912
871,0.207944855093956,0.3468785285949707,-0.14987990260124207
872,0.19726398587226868,0.39043039083480835,-0.16783341765403748
873,0.30591413378715515,0.185763880610466,-0.04465238004922867
874,0.3083465099334717,0.2105003297328949,-0.05683228373527527
875,0.31332534551620483,0.24089112877845764,-0.0700218677520752
876,0.32086771726608276,0.27695968747138977,-0.08421871066093445
877,0.3672119379043579,0.11392772197723389,0.028093090280890465
878,0.38138115406036377,0.133181631565094,0.020720163360238075
879,0.39916473627090454,0.15833070874214172,0.011959518305957317
880,0.4205783009529114,0.18940488994121552,0.0018066661432385445
881,0.4078027904033661,0.06201212853193283,0.10203184187412262
882,0.4284907877445221,0.07797709107398987,0.10001618415117264
883,0.453274130821228,0.10013280063867569,0.09631369262933731
884,0.48216676712036133,0.12851424515247345,0.09091302752494812
885,0.4233408570289612,0.030153442174196243,0.17624147236347198
886,0.4445144236087799,0.044772811233997345,0.18031640350818634
887,0.46960484981536865,0.06588578224182129,0.18253304064273834
888,0.4986242651939392,0.09353084862232208,0.18287353217601776
889,0.41432133316993713,0.01771179586648941,0.24902960658073425
890,0.4301498532295227,0.03260289877653122,0.25992923974990845
891,0.44908544421195984,0.0542498454451561,0.26895594596862793
892,0.47113826870918274,0.08269290626049042,0.27608606219291687
893,0.38589492440223694,0.023579459637403488,0.31782248616218567
894,0.39172691106796265,0.040027882903814316,0.33606401085853577
895,0.3993490934371948,0.06341278553009033,0.35257965326309204
896,0.40876978635787964,0.09377464652061462,0.36734068393707275
897,0.27644413709640503,0.320851594209671,-0.2367149442434311
898,0.24713674187660217,0.3609650731086731,-0.2601613998413086
899,0.21718497574329376,0.40655291080474854,-0.2838779091835022
900,0.18660910427570343,0.45762407779693604,-0.30784720182418823
901,0.3466931879520416,0.2168516367673874,-0.16623052954673767
902,0.3334086835384369,0.24724720418453217,-0.18492738902568817
903,0.32116788625717163,0.28314441442489624,-0.2042441964149475
904,0.3099908232688904,0.32456040382385254,-0.2241702377796173
905,0.41662681102752686,0.12996698915958405,-0.09313897043466568
906,0.418242484331131,0.1529383510351181,-0.10709008574485779
907,0.42239293456077576,0.18155914545059204,-0.12205628305673599
908,0.4290972650051117,0.2158539891242981,-0.13803395628929138
909,0.474813312292099,0.06249377876520157,-0.01775863766670227
910,0.48786208033561707,0.08040855079889297,-0.02664552442729473
911,0.5045121908187866,0.10421543568372726,-0.03692442923784256
912,0.5247816443443298,0.13394512236118317,-0.048598915338516235
913,0.5127764940261841,0.015454700216650963,0.059400010854005814
914,0.532087504863739,0.03055664524435997,0.056184764951467514
915,0.5554797649383545,0.05184832215309143,0.05127972736954689
916,0.5829697847366333,0.07936500757932663,0.04467422515153885
917,0.5262715220451355,-0.01120128482580185,0.13729089498519897
918,0.5458686351776123,0.0030630454421043396,0.14052562415599823
919,0.5693676471710205,0.023822087794542313,0.14190061390399933
920,0.5967833995819092,0.05111423879861832,0.14139842987060547
921,0.5158720016479492,-0.018313966691493988,0.2140800505876541
922,0.5299894213676453,-0.0032576359808444977,0.2245301753282547
923,0.5471982955932617,0.018557898700237274,0.23310750722885132
924,0.5675116181373596,0.04717229679226875,0.23978853225708008
925,0.4867818355560303,-0.007195897400379181,0.28703999519348145
926,0.4908377230167389,0.00993039458990097,0.30523884296417236
927,0.49666815996170044,0.033998679369688034,0.32171377539634705
928,0.504284143447876,0.06504839658737183,0.3364356458187103
929,0.4081632196903229,0.251615047454834,-0.3058890104293823
930,0.3787685036659241,0.28930237889289856,-0.331449955701828
931,0.34871426224708557,0.33245933055877686,-0.3572808802127838
932,0.31802764534950256,0.3810945153236389,-0.38336795568466187
933,0.47467419505119324,0.15049466490745544,-0.23422813415527344
934,0.4609384536743164,0.1787422001361847,-0.25492221117019653
935,0.4482295513153076,0.21248817443847656,-0.276235967874527
936,0.43657493591308594,0.2517487704753876,-0.2981621026992798
937,0.5411023497581482,0.06730731576681137,-0.15919910371303558
938,0.5419259071350098,0.08848915994167328,-0.17495574057102203
939,0.5452654361724854,0.11531896144151688,-0.19172674417495728
940,0.5511483550071716,0.14781996607780457,-0.20951180160045624
941,0.596154510974884,0.004207484424114227,-0.08119583129882812
942,0.608106255531311,0.02075786516070366,-0.09162949025630951
943,0.6236390471458435,0.04320075735449791,-0.10345375537872314
944,0.6427794694900513,0.07156508415937424,-0.11667536944150925
945,0.6314773559570312,-0.0379495844244957,-0.0008305329829454422
946,0.6494343876838684,-0.02373659238219261,-0.005276719108223915
947,0.6714510917663574,-0.0033315191976726055,-0.011410455219447613
948,0.6975530385971069,0.02329893782734871,-0.019245434552431107
949,0.642928957939148,-0.059401705861091614,0.08072660118341446
950,0.6609728336334229,-0.045518841594457626,0.08309109508991241
951,0.6828963756561279,-0.025136902928352356,0.08359907567501068
952,0.7087234258651733,0.0017802417278289795,0.08223029226064682
953,0.6311607956886292,-0.06118791550397873,0.16150034964084625
954,0.6435912847518921,-0.0459928885102272,0.17147193849086761
955,0.6590905785560608,-0.024032436311244965,0.17957505583763123
956,0.6776806712150574,0.00473080575466156,0.18578355014324188
957,0.6014273762702942,-0.044824741780757904,0.2386099100112915
958,0.603733241558075,-0.027047060430049896,0.2567378580570221
959,0.6077909469604492,-0.00231923907995224,0.2731473445892334
960,0.6136202812194824,0.029395692050457,0.2878069281578064
961,0.553723156452179,0.1754825860261917,-0.3925972580909729
962,0.5242833495140076,0.21071167290210724,-0.42032143473625183
963,0.494141548871994,0.25142085552215576,-0.4482945501804352
964,0.46336179971694946,0.29760342836380005,-0.4765290915966034
965,0.6164617538452148,0.07726331800222397,-0.3197730481624603
966,0.6023147106170654,0.10333004593849182,-0.34251144528388977
967,0.5891503095626831,0.1349068135023117,-0.36584874987602234
968,0.5770341753959656,0.1719941943883896,-0.3898032307624817
969,0.6793524622917175,-0.0022114505991339684,-0.24282041192054749
970,0.6794214844703674,0.017147473990917206,-0.26042768359184265
971,0.6819611191749573,0.04216723516583443,-0.2790287435054779
972,0.6870371699333191,0.07285551726818085,-0.29864802956581116
973,0.7312460541725159,-0.060928862541913986,-0.1622094064950943
974,0.7421367168426514,-0.045776743441820145,-0.1742328554391861
975,0.7565619945526123,-0.024717938154935837,-0.187626451253891
976,0.7745873928070068,0.0022612623870372772,-0.20242063701152802
977,0.763916015625,-0.0982007309794426,-0.07865452766418457
978,0.7805541753768921,-0.08491071313619614,-0.0843726322054863
979,0.8012046813964844,-0.06541331857442856,-0.0917578786611557
980,0.8259322047233582,-0.03968970105051994,-0.10084637254476547
981,0.7733250260353088,-0.11445093154907227,0.006549656391143799
982,0.7898509502410889,-0.10098343342542648,0.008004875853657722
983,0.8102085590362549,-0.0810004472732544,0.0076240599155426025
984,0.8344610929489136,-0.05447942763566971,0.005365908145904541
985,0.7602018117904663,-0.11091679334640503,0.09128682315349579
986,0.77098149061203,-0.09561658650636673,0.10074249655008316
987,0.7847822308540344,-0.07353353500366211,0.10835038125514984
988,0.8016641736030579,-0.0446428507566452,0.11406455934047699
989,0.7298489212989807,-0.08931779861450195,0.1725236177444458
990,0.7304425239562988,-0.0709213986992836,0.1905447244644165
991,0.7327404618263245,-0.04555661976337433,0.20686814188957214
992,0.7367992997169495,-0.013197891414165497,0.22144436836242676
993,0.7131480574607849,0.09244733303785324,-0.49679961800575256
994,0.6837193965911865,0.12517862021923065,-0.5267598032951355
995,0.6534857153892517,0.16343443095684052,-0.5568992495536804
996,0.622628390789032,0.2071487307548523,-0.5873157978057861
997,0.7720709443092346,-0.0028438959270715714,-0.4228305518627167
998,0.7575675249099731,0.02099982649087906,-0.44768279790878296
999,0.7439443469047546,0.050398871302604675,-0.47306540608406067
1000,0.7313820123672485,0.08529569208621979,-0.49908095598220825
1001,0.831384003162384,-0.07858786731958389,-0.343974232673645
1002,0.8307527899742126,-0.061095885932445526,-0.3634980618953705
1003,0.8324897289276123,-0.03789730370044708,-0.38394850492477417
1004,0.8367745876312256,-0.009040791541337967,-0.4054325520992279
1005,0.8800886273384094,-0.1329137235879898,-0.26077765226364136
1006,0.8899722099304199,-0.11920474469661713,-0.2744528651237488
1007,0.9032878875732422,-0.09954327344894409,-0.2894326448440552
1008,0.9202138781547546,-0.07396957278251648,-0.30582761764526367
1009,0.9100908637046814,-0.16529949009418488,-0.17405837774276733
1010,0.925463855266571,-0.15297745168209076,-0.18110617995262146
1011,0.9447466731071472,-0.1344025582075119,-0.18975722789764404
1012,0.9681157469749451,-0.10960686206817627,-0.20012514293193817
1013,0.9174594879150391,-0.1763540506362915,-0.08523541688919067
1014,0.9325211048126221,-0.16334612667560577,-0.08474311977624893
1015,0.951312243938446,-0.14377793669700623,-0.08602464199066162
1016,0.974005937576294,-0.11767439544200897,-0.08919582515954971
1017,0.90300053358078,-0.1675114631652832,0.0034338906407356262
1018,0.9121832847595215,-0.1521487683057785,0.012324288487434387
1019,0.9242849946022034,-0.12995943427085876,0.019427265971899033
1020,0.9394746422767639,-0.10096236318349838,0.02462562918663025
1021,0.8720603585243225,-0.14069285988807678,0.08876492083072662
1022,0.8709957003593445,-0.12171822786331177,0.1066337376832962
1023,0.8715336322784424,-0.09573261439800262,0.12286347150802612
1024,0.8738387823104858,-0.06275036931037903,0.13733667135238647
