1,0.017153,0.0171889,0.017225,0.0172615,0.0172982,0.0173352,0.0173725,0.0174101,0.017448,0.0174862,0.0175247
2,0.0107909,0.0108031,0.0108154,0.0108278,0.0108402,0.0108527,0.0108653,0.0108781,0.0108909,0.0109037,0.0109167
3,0.0118883,0.0119002,0.0119122,0.0119243,0.0119365,0.0119488,0.0119612,0.0119736,0.0119862,0.0119988,0.0120115
4,0.0129857,0.012998,0.0130103,0.0130228,0.0130353,0.013048,0.0130607,0.0130735,0.0130865,0.0130995,0.0131127
5,0.0245043,0.0245315,0.0245589,0.0245866,0.0246146,0.0246428,0.0246712,0.0246999,0.0247289,0.0247582,0.0247877
6,0.0140831,0.0140953,0.0141077,0.0141201,0.0141326,0.0141453,0.014158,0.0141709,0.0141838,0.0141969,0.01421
7,0.017153,0.0171889,0.0172251,0.0172615,0.0172982,0.0173352,0.0173725,0.0174101,0.017448,0.0174862,0.0175247
8,0.0107909,0.0108031,0.0108154,0.0108278,0.0108402,0.0108527,0.0108654,0.0108781,0.0108909,0.0109037,0.0109167
9,0.0118883,0.0119002,0.0119122,0.0119243,0.0119365,0.0119488,0.0119612,0.0119736,0.0119862,0.0119988,0.0120115
10,0.0129857,0.012998,0.0130103,0.0130228,0.0130353,0.013048,0.0130607,0.0130735,0.0130865,0.0130995,0.0131127
11,0.0245043,0.0245315,0.0245589,0.0245866,0.0246146,0.0246428,0.0246712,0.0246999,0.0247289,0.0247582,0.0247877
12,0.0140831,0.0140953,0.0141077,0.0141201,0.0141326,0.0141453,0.014158,0.0141709,0.0141838,0.0141969,0.01421
13,0.017153,0.0171889,0.0172251,0.0172615,0.0172982,0.0173352,0.0173725,0.0174101,0.017448,0.0174862,0.0175247
14,0.0107909,0.0108031,0.0108154,0.0108278,0.0108402,0.0108527,0.0108654,0.0108781,0.0108909,0.0109037,0.0109167
15,0.0118883,0.0119002,0.0119122,0.0119243,0.0119365,0.0119488,0.0119612,0.0119736,0.0119862,0.0119988,0.0120115
16,0.0129857,0.012998,0.0130103,0.0130228,0.0130353,0.013048,0.0130607,0.0130735,0.0130865,0.0130995,0.0131127
17,0.0245043,0.0245315,0.0245589,0.0245866,0.0246146,0.0246428,0.0246712,0.0246999,0.0247289,0.0247582,0.0247877
18,0.0140831,0.0140953,0.0141077,0.0141201,0.0141326,0.0141453,0.014158,0.0141709,0.0141838,0.0141969,0.01421
19,0.017153,0.0171889,0.017225,0.0172615,0.0172982,0.0173352,0.0173725,0.0174101,0.017448,0.0174862,0.0175247
20,0.0107909,0.0108031,0.0108154,0.0108278,0.0108402,0.0108527,0.0108653,0.0108781,0.0108909,0.0109037,0.0109167
21,0.0118883,0.0119002,0.0119122,0.0119243,0.0119365,0.0119488,0.0119611,0.0119736,0.0119862,0.0119988,0.0120115
22,0.0129857,0.012998,0.0130103,0.0130228,0.0130353,0.0130479,0.0130607,0.0130735,0.0130865,0.0130995,0.0131127
23,0.0245043,0.0245315,0.0245589,0.0245866,0.0246146,0.0246428,0.0246712,0.0246999,0.0247289,0.0247582,0.0247877
24,0.0140831,0.0140953,0.0141077,0.0141201,0.0141326,0.0141453,0.014158,0.0141709,0.0141838,0.0141969,0.01421
25,0.017153,0.0171889,0.0172251,0.0172615,0.0172982,0.0173352,0.0173725,0.0174101,0.017448,0.0174862,0.0175247
26,0.0107909,0.0108031,0.0108154,0.0108278,0.0108402,0.0108527,0.0108653,0.0108781,0.0108908,0.0109037,0.0109167
27,0.0118883,0.0119002,0.0119123,0.0119243,0.0119365,0.0119488,0.0119612,0.0119736,0.0119862,0.0119988,0.0120115
28,0.0129857,0.012998,0.0130103,0.0130228,0.0130353,0.0130479,0.0130607,0.0130735,0.0130865,0.0130995,0.0131127
29,0.0245043,0.0245315,0.0245589,0.0245866,0.0246146,0.0246428,0.0246712,0.0246999,0.0247289,0.0247582,0.0247877
30,0.0140831,0.0140953,0.0141077,0.0141201,0.0141326,0.0141453,0.014158,0.0141708,0.0141838,0.0141968,0.01421
31,0.017153,0.0171889,0.017225,0.0172615,0.0172982,0.0173352,0.0173725,0.0174101,0.017448,0.0174862,0.0175247
32,0.0107909,0.0108031,0.0108154,0.0108278,0.0108402,0.0108527,0.0108653,0.0108781,0.0108909,0.0109037,0.0109167
33,0.0118883,0.0119002,0.0119123,0.0119243,0.0119365,0.0119488,0.0119612,0.0119736,0.0119862,0.0119988,0.0120115
34,0.0129857,0.012998,0.0130103,0.0130228,0.0130353,0.0130479,0.0130607,0.0130735,0.0130865,0.0130995,0.0131127
35,0.0245043,0.0245315,0.0245589,0.0245866,0.0246146,0.0246428,0.0246712,0.0246999,0.0247289,0.0247582,0.0247877
36,0.0140831,0.0140953,0.0141077,0.0141201,0.0141326,0.0141453,0.014158,0.0141708,0.0141838,0.0141968,0.01421
37,0.017153,0.0171889,0.0172251,0.0172615,0.0172982,0.0173352,0.0173725,0.0174101,0.017448,0.0174862,0.0175247
38,0.0107909,0.0108031,0.0108154,0.0108278,0.0108402,0.0108527,0.0108654,0.0108781,0.0108909,0.0109037,0.0109167
39,0.0118883,0.0119002,0.0119123,0.0119243,0.0119365,0.0119488,0.0119612,0.0119736,0.0119862,0.0119988,0.0120116
40,0.0129857,0.012998,0.0130103,0.0130228,0.0130353,0.0130479,0.0130607,0.0130735,0.0130865,0.0130995,0.0131127
41,0.0245043,0.0245315,0.0245589,0.0245866,0.0246146,0.0246428,0.0246712,0.0246999,0.0247289,0.0247582,0.0247877
42,0.0140831,0.0140953,0.0141077,0.0141201,0.0141326,0.0141453,0.014158,0.0141709,0.0141838,0.0141969,0.01421
43,0.017153,0.0171889,0.017225,0.0172615,0.0172982,0.0173352,0.0173725,0.0174101,0.017448,0.0174862,0.0175247
44,0.0107909,0.0108031,0.0108154,0.0108278,0.0108402,0.0108527,0.0108654,0.0108781,0.0108909,0.0109037,0.0109167
45,0.0118883,0.0119002,0.0119122,0.0119243,0.0119365,0.0119488,0.0119612,0.0119736,0.0119862,0.0119988,0.0120116
46,0.0129857,0.012998,0.0130103,0.0130228,0.0130353,0.0130479,0.0130607,0.0130735,0.0130865,0.0130995,0.0131126
47,0.0245043,0.0245315,0.0245589,0.0245866,0.0246146,0.0246428,0.0246712,0.0246999,0.0247289,0.0247582,0.0247877
48,0.0140831,0.0140953,0.0141077,0.0141201,0.0141327,0.0141453,0.014158,0.0141709,0.0141838,0.0141969,0.01421
49,0.017153,0.0171909,0.0172291,0.0172676,0.0173064,0.0173455,0.0173849,0.0174246,0.0174646,0.0175049,0.0175455
50,0.0245043,0.0245321,0.0245602,0.0245885,0.024617,0.0246459,0.0246749,0.0247043,0.0247339,0.0247638,0.024794
51,0.017153,0.0171909,0.0172292,0.0172677,0.0173064,0.0173455,0.0173849,0.0174246,0.0174646,0.0175049,0.0175455
52,0.0245043,0.0245321,0.0245602,0.0245885,0.024617,0.0246459,0.0246749,0.0247043,0.0247339,0.0247638,0.024794
53,0.017153,0.0171909,0.0172292,0.0172677,0.0173064,0.0173455,0.0173849,0.0174246,0.0174646,0.0175049,0.0175455
54,0.0245043,0.0245321,0.0245602,0.0245885,0.024617,0.0246459,0.024675,0.0247043,0.0247339,0.0247638,0.024794
55,0.017153,0.0171909,0.0172291,0.0172676,0.0173064,0.0173455,0.0173849,0.0174246,0.0174646,0.0175049,0.0175455
56,0.0245043,0.0245321,0.0245601,0.0245885,0.024617,0.0246459,0.0246749,0.0247043,0.0247339,0.0247638,0.024794
57,0.017153,0.0171909,0.0172292,0.0172676,0.0173064,0.0173455,0.0173849,0.0174246,0.0174646,0.0175049,0.0175455
58,0.0245043,0.0245321,0.0245602,0.0245885,0.024617,0.0246459,0.0246749,0.0247043,0.0247339,0.0247638,0.024794
59,0.017153,0.0171909,0.0172291,0.0172676,0.0173064,0.0173455,0.0173849,0.0174246,0.0174646,0.0175049,0.0175455
60,0.0245043,0.0245321,0.0245602,0.0245885,0.024617,0.0246459,0.0246749,0.0247043,0.0247339,0.0247638,0.024794
61,0.017153,0.0171909,0.0172291,0.0172677,0.0173064,0.0173455,0.0173849,0.0174246,0.0174646,0.0175049,0.0175455
62,0.0245043,0.0245321,0.0245602,0.0245885,0.024617,0.0246459,0.0246749,0.0247043,0.0247339,0.0247638,0.024794
63,0.017153,0.0171909,0.0172291,0.0172676,0.0173064,0.0173455,0.0173849,0.0174246,0.0174646,0.0175049,0.0175455
64,0.0245043,0.0245321,0.0245602,0.0245885,0.024617,0.0246459,0.0246749,0.0247043,0.0247339,0.0247638,0.024794
65,0.017153,0.017192,0.0172313,0.0172708,0.0173107,0.0173508,0.0173913,0.0174321,0.0174731,0.0175145,0.0175562
66,0.0245043,0.0245323,0.0245606,0.0245892,0.024618,0.0246471,0.0246765,0.0247061,0.024736,0.0247662,0.0247967
67,0.017153,0.017192,0.0172313,0.0172708,0.0173107,0.0173508,0.0173913,0.0174321,0.0174731,0.0175145,0.0175562
68,0.0245043,0.0245323,0.0245606,0.0245892,0.024618,0.0246471,0.0246765,0.0247061,0.024736,0.0247662,0.0247967
69,0.017153,0.017192,0.0172313,0.0172708,0.0173107,0.0173508,0.0173913,0.0174321,0.0174731,0.0175145,0.0175562
70,0.0245043,0.0245323,0.0245607,0.0245892,0.024618,0.0246471,0.0246765,0.0247061,0.024736,0.0247662,0.0247967
71,0.017153,0.017192,0.0172313,0.0172708,0.0173107,0.0173508,0.0173913,0.0174321,0.0174731,0.0175145,0.0175562
72,0.0245043,0.0245323,0.0245606,0.0245892,0.024618,0.0246471,0.0246765,0.0247061,0.024736,0.0247662,0.0247967
73,0.017153,0.017192,0.0172313,0.0172708,0.0173107,0.0173508,0.0173913,0.0174321,0.0174731,0.0175145,0.0175562
74,0.0245043,0.0245323,0.0245606,0.0245892,0.024618,0.0246471,0.0246765,0.0247061,0.024736,0.0247662,0.0247967
75,0.017153,0.017192,0.0172313,0.0172708,0.0173107,0.0173508,0.0173913,0.0174321,0.0174731,0.0175145,0.0175562
76,0.0245043,0.0245323,0.0245607,0.0245892,0.024618,0.0246471,0.0246765,0.0247061,0.024736,0.0247662,0.0247967
77,0.017153,0.017192,0.0172313,0.0172708,0.0173107,0.0173508,0.0173913,0.0174321,0.0174731,0.0175145,0.0175562
78,0.0245043,0.0245323,0.0245607,0.0245892,0.024618,0.0246471,0.0246765,0.0247061,0.024736,0.0247662,0.0247967
79,0.017153,0.017192,0.0172313,0.0172708,0.0173107,0.0173508,0.0173913,0.0174321,0.0174731,0.0175145,0.0175562
80,0.0245043,0.0245323,0.0245607,0.0245892,0.024618,0.0246471,0.0246765,0.0247061,0.024736,0.0247662,0.0247967
81,0.017153,0.0171924,0.0172322,0.0172722,0.0173125,0.0173531,0.0173941,0.0174353,0.0174768,0.0175187,0.0175609
82,0.0245043,0.0245324,0.0245608,0.0245894,0.0246183,0.0246474,0.0246769,0.0247066,0.0247366,0.0247668,0.0247974
83,0.017153,0.0171924,0.0172322,0.0172722,0.0173125,0.0173531,0.0173941,0.0174353,0.0174768,0.0175187,0.0175609
84,0.0245043,0.0245324,0.0245608,0.0245894,0.0246183,0.0246474,0.0246769,0.0247066,0.0247365,0.0247668,0.0247974
85,0.017153,0.0171924,0.0172322,0.0172722,0.0173125,0.0173531,0.0173941,0.0174353,0.0174768,0.0175187,0.0175609
86,0.0245043,0.0245324,0.0245608,0.0245894,0.0246183,0.0246474,0.0246769,0.0247066,0.0247366,0.0247668,0.0247974
87,0.017153,0.0171925,0.0172322,0.0172722,0.0173125,0.0173531,0.0173941,0.0174353,0.0174768,0.0175187,0.0175609
88,0.0245043,0.0245324,0.0245607,0.0245894,0.0246183,0.0246474,0.0246768,0.0247066,0.0247365,0.0247668,0.0247974
89,0.017153,0.0171924,0.0172322,0.0172722,0.0173125,0.0173531,0.0173941,0.0174353,0.0174768,0.0175187,0.0175609
90,0.0245043,0.0245324,0.0245607,0.0245894,0.0246183,0.0246474,0.0246769,0.0247066,0.0247366,0.0247668,0.0247974
91,0.017153,0.0171924,0.0172322,0.0172722,0.0173125,0.0173531,0.0173941,0.0174353,0.0174768,0.0175187,0.0175609
92,0.0245043,0.0245324,0.0245608,0.0245894,0.0246183,0.0246474,0.0246769,0.0247066,0.0247366,0.0247668,0.0247974
93,0.017153,0.0171924,0.0172322,0.0172722,0.0173125,0.0173531,0.0173941,0.0174353,0.0174768,0.0175187,0.0175609
94,0.0245043,0.0245324,0.0245608,0.0245894,0.0246183,0.0246474,0.0246769,0.0247066,0.0247365,0.0247668,0.0247974
95,0.017153,0.0171924,0.0172322,0.0172722,0.0173125,0.0173531,0.0173941,0.0174353,0.0174768,0.0175187,0.0175609
96,0.0245043,0.0245324,0.0245608,0.0245894,0.0246183,0.0246474,0.0246769,0.0247066,0.0247365,0.0247668,0.0247974
97,0.017153,0.0171924,0.0172322,0.0172722,0.0173125,0.0173531,0.0173941,0.0174353,0.0174768,0.0175187,0.0175609
98,0.0245043,0.0245324,0.0245608,0.0245894,0.0246183,0.0246474,0.0246769,0.0247066,0.0247366,0.0247668,0.0247974
99,0.017153,0.0171924,0.0172322,0.0172722,0.0173125,0.0173531,0.0173941,0.0174353,0.0174768,0.0175187,0.0175609
100,0.0245043,0.0245324,0.0245607,0.0245894,0.0246183,0.0246474,0.0246769,0.0247066,0.0247366,0.0247668,0.0247974
101,0.017153,0.0171924,0.0172322,0.0172722,0.0173125,0.0173531,0.0173941,0.0174353,0.0174768,0.0175187,0.0175609
102,0.0245043,0.0245324,0.0245608,0.0245894,0.0246183,0.0246474,0.0246769,0.0247066,0.0247366,0.0247668,0.0247974
103,0.017153,0.0171924,0.0172322,0.0172722,0.0173125,0.0173531,0.0173941,0.0174353,0.0174768,0.0175187,0.0175609
104,0.0245043,0.0245324,0.0245607,0.0245894,0.0246183,0.0246474,0.0246768,0.0247066,0.0247365,0.0247668,0.0247974
105,0.017153,0.0171924,0.0172322,0.0172722,0.0173125,0.0173531,0.0173941,0.0174353,0.0174768,0.0175187,0.0175609
106,0.0245043,0.0245324,0.0245607,0.0245894,0.0246183,0.0246474,0.0246769,0.0247066,0.0247366,0.0247668,0.0247974
107,0.017153,0.0171924,0.0172322,0.0172722,0.0173125,0.0173531,0.0173941,0.0174353,0.0174768,0.0175187,0.0175609
108,0.0245043,0.0245324,0.0245608,0.0245894,0.0246183,0.0246474,0.0246769,0.0247066,0.0247366,0.0247668,0.0247974
109,0.017153,0.0171924,0.0172322,0.0172722,0.0173125,0.0173531,0.0173941,0.0174353,0.0174768,0.0175187,0.0175609
110,0.0245043,0.0245324,0.0245608,0.0245894,0.0246183,0.0246474,0.0246769,0.0247066,0.0247366,0.0247668,0.0247974
111,0.017153,0.0171924,0.0172322,0.0172722,0.0173125,0.0173531,0.0173941,0.0174353,0.0174768,0.0175187,0.0175609
112,0.0245043,0.0245324,0.0245608,0.0245894,0.0246183,0.0246474,0.0246769,0.0247066,0.0247366,0.0247668,0.0247974
113,0.017153,0.017192,0.0172313,0.0172708,0.0173107,0.0173508,0.0173913,0.0174321,0.0174731,0.0175145,0.0175562
114,0.0245043,0.0245323,0.0245606,0.0245892,0.024618,0.0246471,0.0246765,0.0247061,0.024736,0.0247662,0.0247967
115,0.017153,0.017192,0.0172313,0.0172708,0.0173107,0.0173508,0.0173913,0.0174321,0.0174731,0.0175145,0.0175562
116,0.0245043,0.0245323,0.0245606,0.0245892,0.024618,0.0246471,0.0246765,0.0247061,0.024736,0.0247662,0.0247967
117,0.017153,0.017192,0.0172313,0.0172708,0.0173107,0.0173508,0.0173913,0.0174321,0.0174731,0.0175145,0.0175562
118,0.0245043,0.0245324,0.0245606,0.0245892,0.024618,0.0246472,0.0246765,0.0247061,0.024736,0.0247662,0.0247967
119,0.017153,0.017192,0.0172313,0.0172708,0.0173107,0.0173508,0.0173913,0.0174321,0.0174731,0.0175145,0.0175562
120,0.0245043,0.0245323,0.0245606,0.0245892,0.024618,0.0246471,0.0246765,0.0247061,0.024736,0.0247662,0.0247967
121,0.017153,0.017192,0.0172313,0.0172708,0.0173107,0.0173508,0.0173913,0.0174321,0.0174731,0.0175145,0.0175562
122,0.0245043,0.0245323,0.0245606,0.0245892,0.024618,0.0246471,0.0246765,0.0247061,0.024736,0.0247662,0.0247967
123,0.017153,0.017192,0.0172313,0.0172708,0.0173107,0.0173508,0.0173913,0.0174321,0.0174731,0.0175145,0.0175562
124,0.0245043,0.0245323,0.0245606,0.0245892,0.024618,0.0246471,0.0246765,0.0247061,0.024736,0.0247662,0.0247967
125,0.017153,0.017192,0.0172313,0.0172708,0.0173107,0.0173508,0.0173913,0.0174321,0.0174731,0.0175145,0.0175562
126,0.0245043,0.0245323,0.0245606,0.0245892,0.024618,0.0246471,0.0246765,0.0247061,0.024736,0.0247662,0.0247967
127,0.017153,0.017192,0.0172313,0.0172708,0.0173107,0.0173508,0.0173913,0.0174321,0.0174731,0.0175145,0.0175562
128,0.0245043,0.0245323,0.0245606,0.0245892,0.024618,0.0246471,0.0246765,0.0247061,0.024736,0.0247662,0.0247967
129,0.017153,0.0171909,0.0172291,0.0172676,0.0173064,0.0173455,0.0173849,0.0174246,0.0174646,0.0175049,0.0175455
130,0.0245043,0.0245321,0.0245602,0.0245885,0.024617,0.0246458,0.024675,0.0247043,0.0247339,0.0247638,0.024794
131,0.017153,0.0171909,0.0172291,0.0172677,0.0173064,0.0173455,0.0173849,0.0174246,0.0174646,0.0175049,0.0175455
132,0.0245043,0.0245321,0.0245602,0.0245885,0.024617,0.0246459,0.024675,0.0247043,0.0247339,0.0247638,0.024794
133,0.017153,0.0171909,0.0172292,0.0172677,0.0173064,0.0173455,0.0173849,0.0174246,0.0174646,0.0175049,0.0175455
134,0.0245043,0.0245321,0.0245602,0.0245885,0.024617,0.0246459,0.024675,0.0247043,0.0247339,0.0247638,0.024794
135,0.017153,0.0171909,0.0172291,0.0172676,0.0173064,0.0173455,0.0173849,0.0174246,0.0174646,0.0175049,0.0175455
136,0.0245043,0.0245321,0.0245601,0.0245885,0.024617,0.0246458,0.0246749,0.0247043,0.0247339,0.0247638,0.024794
137,0.017153,0.0171909,0.0172292,0.0172676,0.0173064,0.0173455,0.0173849,0.0174246,0.0174646,0.0175049,0.0175455
138,0.0245043,0.0245321,0.0245602,0.0245885,0.024617,0.0246458,0.024675,0.0247043,0.0247339,0.0247638,0.024794
139,0.017153,0.0171909,0.0172291,0.0172676,0.0173064,0.0173455,0.0173849,0.0174246,0.0174646,0.0175049,0.0175455
140,0.0245043,0.0245321,0.0245602,0.0245885,0.024617,0.0246459,0.024675,0.0247043,0.0247339,0.0247638,0.024794
141,0.017153,0.0171909,0.0172291,0.0172677,0.0173064,0.0173455,0.0173849,0.0174246,0.0174646,0.0175049,0.0175455
142,0.0245043,0.0245321,0.0245602,0.0245885,0.024617,0.0246458,0.024675,0.0247043,0.0247339,0.0247638,0.024794
143,0.017153,0.0171909,0.0172291,0.0172676,0.0173064,0.0173455,0.0173849,0.0174246,0.0174646,0.0175049,0.0175455
144,0.0245043,0.0245321,0.0245602,0.0245885,0.024617,0.0246459,0.024675,0.0247043,0.0247339,0.0247638,0.024794
145,0.017153,0.0171889,0.017225,0.0172615,0.0172982,0.0173352,0.0173725,0.0174101,0.017448,0.0174862,0.0175247
146,0.0107909,0.0108031,0.0108154,0.0108278,0.0108402,0.0108527,0.0108653,0.0108781,0.0108909,0.0109037,0.0109167
147,0.0118883,0.0119002,0.0119122,0.0119243,0.0119365,0.0119488,0.0119612,0.0119736,0.0119862,0.0119988,0.0120115
148,0.0129857,0.012998,0.0130103,0.0130228,0.0130353,0.013048,0.0130607,0.0130735,0.0130865,0.0130995,0.0131127
149,0.0245043,0.0245315,0.0245589,0.0245866,0.0246146,0.0246428,0.0246712,0.0246999,0.0247289,0.0247582,0.0247877
150,0.0140831,0.0140953,0.0141077,0.0141201,0.0141326,0.0141453,0.014158,0.0141709,0.0141838,0.0141969,0.01421
151,0.017153,0.0171889,0.017225,0.0172615,0.0172982,0.0173352,0.0173725,0.0174101,0.017448,0.0174862,0.0175247
152,0.0107909,0.0108031,0.0108154,0.0108278,0.0108402,0.0108527,0.0108654,0.0108781,0.0108909,0.0109037,0.0109167
153,0.0118883,0.0119002,0.0119122,0.0119243,0.0119365,0.0119488,0.0119612,0.0119736,0.0119862,0.0119988,0.0120115
154,0.0129857,0.012998,0.0130103,0.0130228,0.0130353,0.013048,0.0130607,0.0130735,0.0130865,0.0130995,0.0131127
155,0.0245043,0.0245315,0.0245589,0.0245866,0.0246146,0.0246428,0.0246712,0.0246999,0.0247289,0.0247582,0.0247877
156,0.0140831,0.0140953,0.0141077,0.0141201,0.0141326,0.0141453,0.014158,0.0141709,0.0141838,0.0141969,0.01421
157,0.017153,0.0171889,0.0172251,0.0172615,0.0172982,0.0173352,0.0173725,0.0174101,0.017448,0.0174862,0.0175247
158,0.0107909,0.0108031,0.0108154,0.0108278,0.0108402,0.0108527,0.0108654,0.0108781,0.0108909,0.0109037,0.0109167
159,0.0118883,0.0119002,0.0119122,0.0119243,0.0119365,0.0119488,0.0119612,0.0119736,0.0119862,0.0119988,0.0120115
160,0.0129857,0.012998,0.0130103,0.0130228,0.0130353,0.013048,0.0130607,0.0130735,0.0130865,0.0130995,0.0131127
161,0.0245043,0.0245315,0.0245589,0.0245866,0.0246146,0.0246428,0.0246712,0.0246999,0.0247289,0.0247582,0.0247877
162,0.0140831,0.0140953,0.0141077,0.0141201,0.0141326,0.0141453,0.014158,0.0141709,0.0141838,0.0141969,0.01421
163,0.017153,0.0171889,0.017225,0.0172615,0.0172982,0.0173352,0.0173725,0.0174101,0.017448,0.0174862,0.0175247
164,0.0107909,0.0108031,0.0108154,0.0108278,0.0108402,0.0108527,0.0108653,0.0108781,0.0108909,0.0109037,0.0109167
165,0.0118883,0.0119002,0.0119122,0.0119243,0.0119365,0.0119488,0.0119611,0.0119736,0.0119862,0.0119988,0.0120115
166,0.0129857,0.012998,0.0130103,0.0130228,0.0130353,0.0130479,0.0130607,0.0130735,0.0130865,0.0130995,0.0131127
167,0.0245043,0.0245315,0.0245589,0.0245866,0.0246146,0.0246428,0.0246712,0.0246999,0.0247289,0.0247582,0.0247877
168,0.0140831,0.0140953,0.0141077,0.0141201,0.0141326,0.0141453,0.014158,0.0141709,0.0141838,0.0141969,0.01421
169,0.017153,0.0171889,0.0172251,0.0172615,0.0172982,0.0173352,0.0173725,0.0174101,0.017448,0.0174862,0.0175247
170,0.0107909,0.0108031,0.0108154,0.0108277,0.0108402,0.0108527,0.0108653,0.0108781,0.0108908,0.0109037,0.0109167
171,0.0118883,0.0119002,0.0119123,0.0119243,0.0119365,0.0119488,0.0119612,0.0119736,0.0119862,0.0119988,0.0120115
172,0.0129857,0.012998,0.0130103,0.0130228,0.0130353,0.0130479,0.0130607,0.0130735,0.0130865,0.0130995,0.0131127
173,0.0245043,0.0245315,0.0245589,0.0245866,0.0246146,0.0246428,0.0246712,0.0246999,0.0247289,0.0247582,0.0247877
174,0.0140831,0.0140953,0.0141077,0.0141201,0.0141326,0.0141453,0.014158,0.0141708,0.0141838,0.0141968,0.01421
175,0.017153,0.0171889,0.017225,0.0172615,0.0172982,0.0173352,0.0173725,0.0174101,0.017448,0.0174862,0.0175247
176,0.0107909,0.0108031,0.0108154,0.0108278,0.0108402,0.0108527,0.0108653,0.0108781,0.0108909,0.0109037,0.0109167
177,0.0118883,0.0119002,0.0119123,0.0119243,0.0119365,0.0119488,0.0119612,0.0119736,0.0119862,0.0119988,0.0120115
178,0.0129857,0.012998,0.0130103,0.0130228,0.0130353,0.0130479,0.0130607,0.0130735,0.0130865,0.0130995,0.0131127
179,0.0245043,0.0245315,0.0245589,0.0245866,0.0246146,0.0246428,0.0246712,0.0246999,0.0247289,0.0247582,0.0247877
180,0.0140831,0.0140953,0.0141077,0.0141201,0.0141326,0.0141453,0.014158,0.0141708,0.0141838,0.0141968,0.01421
181,0.017153,0.0171889,0.017225,0.0172615,0.0172982,0.0173352,0.0173725,0.0174101,0.017448,0.0174862,0.0175247
182,0.0107909,0.0108031,0.0108154,0.0108278,0.0108402,0.0108527,0.0108654,0.0108781,0.0108909,0.0109037,0.0109167
183,0.0118883,0.0119002,0.0119123,0.0119243,0.0119365,0.0119488,0.0119612,0.0119736,0.0119862,0.0119988,0.0120116
184,0.0129857,0.0129979,0.0130103,0.0130228,0.0130353,0.0130479,0.0130607,0.0130735,0.0130865,0.0130995,0.0131127
185,0.0245043,0.0245315,0.0245589,0.0245866,0.0246146,0.0246428,0.0246712,0.0246999,0.0247289,0.0247582,0.0247877
186,0.0140831,0.0140953,0.0141077,0.0141201,0.0141326,0.0141453,0.014158,0.0141709,0.0141838,0.0141969,0.01421
187,0.017153,0.0171889,0.017225,0.0172615,0.0172982,0.0173352,0.0173725,0.0174101,0.017448,0.0174862,0.0175247
188,0.0107909,0.0108031,0.0108154,0.0108278,0.0108402,0.0108527,0.0108654,0.0108781,0.0108909,0.0109037,0.0109167
189,0.0118883,0.0119002,0.0119122,0.0119243,0.0119365,0.0119488,0.0119612,0.0119736,0.0119862,0.0119988,0.0120116
190,0.0129857,0.012998,0.0130103,0.0130228,0.0130353,0.0130479,0.0130607,0.0130735,0.0130865,0.0130995,0.0131126
191,0.0245043,0.0245315,0.0245589,0.0245866,0.0246146,0.0246428,0.0246712,0.0246999,0.0247289,0.0247582,0.0247877
192,0.0140831,0.0140953,0.0141077,0.0141201,0.0141327,0.0141453,0.014158,0.0141709,0.0141838,0.0141969,0.01421
193,0.017153,0.0171889,0.0172251,0.0172615,0.0172982,0.0173352,0.0173725,0.0174101,0.017448,0.0174862,0.0175247
194,0.0107909,0.0108031,0.0108154,0.0108278,0.0108402,0.0108527,0.0108654,0.0108781,0.0108909,0.0109037,0.0109167
195,0.0118883,0.0119002,0.0119122,0.0119243,0.0119365,0.0119488,0.0119612,0.0119736,0.0119862,0.0119988,0.0120116
196,0.0129857,0.0129979,0.0130103,0.0130228,0.0130353,0.0130479,0.0130607,0.0130735,0.0130865,0.0130995,0.0131127
197,0.0245043,0.0245315,0.0245589,0.0245866,0.0246146,0.0246428,0.0246712,0.0246999,0.0247289,0.0247582,0.0247877
198,0.0140831,0.0140953,0.0141077,0.0141201,0.0141327,0.0141453,0.014158,0.0141709,0.0141838,0.0141969,0.01421
199,0.017153,0.0171889,0.017225,0.0172615,0.0172982,0.0173352,0.0173725,0.0174101,0.017448,0.0174862,0.0175247
200,0.0107909,0.0108031,0.0108154,0.0108278,0.0108402,0.0108527,0.0108654,0.0108781,0.0108909,0.0109038,0.0109167
201,0.0118883,0.0119002,0.0119122,0.0119243,0.0119365,0.0119488,0.0119612,0.0119736,0.0119862,0.0119988,0.0120116
202,0.0129857,0.0129979,0.0130103,0.0130228,0.0130353,0.0130479,0.0130607,0.0130735,0.0130865,0.0130995,0.0131126
203,0.0245043,0.0245315,0.0245589,0.0245866,0.0246146,0.0246428,0.0246712,0.0247,0.0247289,0.0247582,0.0247877
204,0.0140831,0.0140953,0.0141077,0.0141201,0.0141326,0.0141453,0.014158,0.0141709,0.0141838,0.0141969,0.01421
205,0.017153,0.0171889,0.017225,0.0172615,0.0172982,0.0173352,0.0173725,0.0174101,0.017448,0.0174862,0.0175247
206,0.0107909,0.0108031,0.0108154,0.0108278,0.0108402,0.0108527,0.0108653,0.0108781,0.0108908,0.0109037,0.0109167
207,0.0118883,0.0119002,0.0119123,0.0119243,0.0119365,0.0119488,0.0119612,0.0119736,0.0119862,0.0119988,0.0120116
208,0.0129857,0.012998,0.0130103,0.0130227,0.0130353,0.0130479,0.0130607,0.0130735,0.0130865,0.0130995,0.0131127
209,0.0245043,0.0245315,0.0245589,0.0245866,0.0246146,0.0246428,0.0246712,0.0246999,0.0247289,0.0247582,0.0247877
210,0.0140831,0.0140953,0.0141077,0.0141201,0.0141326,0.0141453,0.014158,0.0141708,0.0141838,0.0141969,0.01421
211,0.017153,0.0171889,0.0172251,0.0172615,0.0172982,0.0173352,0.0173725,0.0174101,0.017448,0.0174862,0.0175247
212,0.0107909,0.0108031,0.0108154,0.0108277,0.0108402,0.0108527,0.0108653,0.0108781,0.0108908,0.0109037,0.0109167
213,0.0118883,0.0119002,0.0119122,0.0119244,0.0119365,0.0119488,0.0119612,0.0119736,0.0119862,0.0119988,0.0120115
214,0.0129857,0.012998,0.0130103,0.0130228,0.0130353,0.0130479,0.0130607,0.0130735,0.0130865,0.0130995,0.0131127
215,0.0245043,0.0245315,0.0245589,0.0245866,0.0246146,0.0246428,0.0246712,0.0247,0.0247289,0.0247582,0.0247877
216,0.0140831,0.0140953,0.0141077,0.0141201,0.0141326,0.0141453,0.014158,0.0141709,0.0141838,0.0141969,0.01421
217,0.017153,0.0171889,0.0172251,0.0172615,0.0172982,0.0173352,0.0173725,0.0174101,0.017448,0.0174862,0.0175247
218,0.0107909,0.0108031,0.0108154,0.0108277,0.0108402,0.0108527,0.0108653,0.0108781,0.0108908,0.0109037,0.0109167
219,0.0118883,0.0119002,0.0119123,0.0119243,0.0119365,0.0119488,0.0119612,0.0119736,0.0119862,0.0119988,0.0120115
220,0.0129857,0.012998,0.0130103,0.0130228,0.0130353,0.0130479,0.0130607,0.0130735,0.0130865,0.0130995,0.0131127
221,0.0245043,0.0245315,0.0245589,0.0245866,0.0246146,0.0246428,0.0246712,0.0246999,0.0247289,0.0247582,0.0247877
222,0.0140831,0.0140953,0.0141077,0.0141201,0.0141326,0.0141453,0.014158,0.0141709,0.0141838,0.0141969,0.01421
223,0.017153,0.0171889,0.017225,0.0172615,0.0172982,0.0173352,0.0173725,0.0174101,0.017448,0.0174862,0.0175247
224,0.0107909,0.0108031,0.0108154,0.0108278,0.0108402,0.0108527,0.0108654,0.0108781,0.0108909,0.0109037,0.0109167
225,0.0118883,0.0119002,0.0119123,0.0119243,0.0119365,0.0119488,0.0119612,0.0119736,0.0119862,0.0119988,0.0120116
226,0.0129857,0.012998,0.0130103,0.0130228,0.0130353,0.013048,0.0130607,0.0130735,0.0130865,0.0130995,0.0131127
227,0.0245043,0.0245315,0.0245589,0.0245866,0.0246146,0.0246428,0.0246712,0.0246999,0.0247289,0.0247582,0.0247877
228,0.0140831,0.0140953,0.0141077,0.0141201,0.0141326,0.0141453,0.014158,0.0141708,0.0141838,0.0141969,0.01421
229,0.017153,0.0171889,0.017225,0.0172615,0.0172982,0.0173352,0.0173725,0.0174101,0.017448,0.0174862,0.0175247
230,0.0107909,0.0108031,0.0108154,0.0108278,0.0108402,0.0108527,0.0108654,0.0108781,0.0108909,0.0109037,0.0109167
231,0.0118883,0.0119002,0.0119122,0.0119243,0.0119365,0.0119488,0.0119612,0.0119736,0.0119862,0.0119988,0.0120116
232,0.0129857,0.012998,0.0130103,0.0130228,0.0130353,0.013048,0.0130607,0.0130735,0.0130865,0.0130995,0.0131127
233,0.0245043,0.0245315,0.0245589,0.0245866,0.0246146,0.0246428,0.0246712,0.0246999,0.0247289,0.0247582,0.0247877
234,0.0140831,0.0140953,0.0141076,0.0141201,0.0141326,0.0141453,0.014158,0.0141709,0.0141838,0.0141968,0.01421
235,0.017153,0.0171889,0.017225,0.0172615,0.0172982,0.0173352,0.0173725,0.0174101,0.017448,0.0174862,0.0175247
236,0.0107909,0.0108031,0.0108154,0.0108277,0.0108402,0.0108527,0.0108653,0.0108781,0.0108908,0.0109037,0.0109167
237,0.0118883,0.0119002,0.0119122,0.0119243,0.0119365,0.0119488,0.0119612,0.0119736,0.0119862,0.0119988,0.0120116
238,0.0129857,0.0129979,0.0130103,0.0130228,0.0130353,0.0130479,0.0130607,0.0130735,0.0130865,0.0130995,0.0131127
239,0.0245043,0.0245315,0.0245589,0.0245866,0.0246146,0.0246428,0.0246712,0.0246999,0.0247289,0.0247582,0.0247877
240,0.0140831,0.0140953,0.0141077,0.0141201,0.0141327,0.0141453,0.014158,0.0141709,0.0141838,0.0141969,0.01421
241,0.017153,0.0171909,0.0172292,0.0172676,0.0173064,0.0173455,0.0173849,0.0174246,0.0174646,0.0175049,0.0175455
242,0.0245043,0.0245321,0.0245602,0.0245885,0.024617,0.0246459,0.0246749,0.0247043,0.0247339,0.0247638,0.024794
243,0.017153,0.0171909,0.0172291,0.0172677,0.0173064,0.0173455,0.0173849,0.0174246,0.0174646,0.0175049,0.0175455
244,0.0245043,0.0245321,0.0245602,0.0245885,0.024617,0.0246459,0.0246749,0.0247043,0.0247339,0.0247638,0.024794
245,0.017153,0.0171909,0.0172291,0.0172676,0.0173064,0.0173455,0.0173849,0.0174246,0.0174646,0.0175049,0.0175455
246,0.0245043,0.0245321,0.0245602,0.0245885,0.024617,0.0246459,0.024675,0.0247043,0.0247339,0.0247638,0.024794
247,0.017153,0.0171909,0.0172292,0.0172676,0.0173064,0.0173455,0.0173849,0.0174246,0.0174646,0.0175049,0.0175455
248,0.0245043,0.0245321,0.0245602,0.0245885,0.024617,0.0246459,0.0246749,0.0247043,0.0247339,0.0247638,0.024794
249,0.017153,0.0171909,0.0172292,0.0172677,0.0173064,0.0173455,0.0173849,0.0174246,0.0174646,0.0175049,0.0175455
250,0.0245043,0.0245321,0.0245601,0.0245885,0.024617,0.0246458,0.0246749,0.0247043,0.0247339,0.0247638,0.024794
251,0.017153,0.0171909,0.0172292,0.0172677,0.0173064,0.0173455,0.0173849,0.0174246,0.0174646,0.0175049,0.0175455
252,0.0245043,0.0245321,0.0245602,0.0245885,0.024617,0.0246459,0.024675,0.0247043,0.0247339,0.0247638,0.024794
253,0.017153,0.0171909,0.0172291,0.0172677,0.0173064,0.0173455,0.0173849,0.0174246,0.0174646,0.0175049,0.0175455
254,0.0245043,0.0245321,0.0245602,0.0245885,0.024617,0.0246459,0.0246749,0.0247043,0.0247339,0.0247638,0.024794
255,0.017153,0.0171909,0.0172291,0.0172676,0.0173064,0.0173455,0.0173849,0.0174246,0.0174646,0.0175049,0.0175455
256,0.0245043,0.0245321,0.0245602,0.0245885,0.024617,0.0246459,0.0246749,0.0247043,0.0247339,0.0247638,0.024794
257,0.017153,0.017192,0.0172313,0.0172708,0.0173107,0.0173508,0.0173913,0.0174321,0.0174731,0.0175145,0.0175562
258,0.0245043,0.0245323,0.0245607,0.0245892,0.024618,0.0246471,0.0246765,0.0247061,0.024736,0.0247662,0.0247967
259,0.017153,0.017192,0.0172313,0.0172708,0.0173107,0.0173508,0.0173913,0.0174321,0.0174731,0.0175145,0.0175562
260,0.0245043,0.0245323,0.0245607,0.0245892,0.0246181,0.0246471,0.0246765,0.0247061,0.024736,0.0247662,0.0247967
261,0.017153,0.017192,0.0172313,0.0172708,0.0173107,0.0173508,0.0173913,0.0174321,0.0174731,0.0175145,0.0175562
262,0.0245043,0.0245323,0.0245606,0.0245892,0.024618,0.0246471,0.0246765,0.0247061,0.024736,0.0247662,0.0247967
263,0.017153,0.017192,0.0172313,0.0172708,0.0173107,0.0173508,0.0173913,0.0174321,0.0174731,0.0175145,0.0175562
264,0.0245043,0.0245323,0.0245607,0.0245892,0.024618,0.0246471,0.0246765,0.0247061,0.024736,0.0247662,0.0247967
265,0.017153,0.017192,0.0172313,0.0172708,0.0173107,0.0173508,0.0173913,0.0174321,0.0174731,0.0175145,0.0175562
266,0.0245043,0.0245323,0.0245606,0.0245892,0.024618,0.0246471,0.0246765,0.0247061,0.024736,0.0247662,0.0247967
267,0.017153,0.017192,0.0172313,0.0172708,0.0173107,0.0173508,0.0173913,0.0174321,0.0174731,0.0175145,0.0175562
268,0.0245043,0.0245323,0.0245606,0.0245892,0.024618,0.0246471,0.0246765,0.0247061,0.024736,0.0247662,0.0247967
269,0.017153,0.017192,0.0172313,0.0172708,0.0173107,0.0173508,0.0173913,0.0174321,0.0174731,0.0175145,0.0175562
270,0.0245043,0.0245323,0.0245607,0.0245892,0.024618,0.0246471,0.0246765,0.0247061,0.024736,0.0247662,0.0247967
271,0.017153,0.017192,0.0172313,0.0172708,0.0173107,0.0173508,0.0173913,0.0174321,0.0174731,0.0175145,0.0175562
272,0.0245043,0.0245323,0.0245607,0.0245892,0.024618,0.0246471,0.0246765,0.0247061,0.024736,0.0247662,0.0247967
273,0.017153,0.0171924,0.0172322,0.0172722,0.0173125,0.0173531,0.0173941,0.0174353,0.0174768,0.0175187,0.0175609
274,0.0245043,0.0245324,0.0245608,0.0245894,0.0246183,0.0246474,0.0246769,0.0247066,0.0247365,0.0247668,0.0247974
275,0.017153,0.0171924,0.0172322,0.0172722,0.0173125,0.0173531,0.0173941,0.0174353,0.0174768,0.0175187,0.0175609
276,0.0245043,0.0245324,0.0245608,0.0245894,0.0246183,0.0246474,0.0246769,0.0247066,0.0247366,0.0247668,0.0247974
277,0.017153,0.0171924,0.0172322,0.0172722,0.0173125,0.0173531,0.0173941,0.0174353,0.0174768,0.0175187,0.0175609
278,0.0245043,0.0245324,0.0245608,0.0245894,0.0246183,0.0246474,0.0246769,0.0247066,0.0247366,0.0247668,0.0247974
279,0.017153,0.0171924,0.0172322,0.0172722,0.0173125,0.0173531,0.0173941,0.0174353,0.0174768,0.0175187,0.0175609
280,0.0245043,0.0245324,0.0245608,0.0245894,0.0246183,0.0246474,0.0246769,0.0247066,0.0247366,0.0247668,0.0247974
281,0.017153,0.0171925,0.0172322,0.0172722,0.0173125,0.0173531,0.0173941,0.0174353,0.0174768,0.0175187,0.0175609
282,0.0245043,0.0245324,0.0245607,0.0245894,0.0246183,0.0246474,0.0246768,0.0247066,0.0247365,0.0247668,0.0247974
283,0.017153,0.0171924,0.0172322,0.0172722,0.0173125,0.0173531,0.0173941,0.0174353,0.0174768,0.0175187,0.0175609
284,0.0245043,0.0245324,0.0245608,0.0245894,0.0246183,0.0246474,0.0246769,0.0247066,0.0247365,0.0247668,0.0247974
285,0.017153,0.0171924,0.0172322,0.0172722,0.0173125,0.0173531,0.0173941,0.0174353,0.0174768,0.0175187,0.0175609
286,0.0245043,0.0245324,0.0245607,0.0245894,0.0246183,0.0246474,0.0246769,0.0247066,0.0247365,0.0247668,0.0247974
287,0.017153,0.0171924,0.0172322,0.0172722,0.0173125,0.0173531,0.0173941,0.0174353,0.0174768,0.0175187,0.0175609
288,0.0245043,0.0245324,0.0245608,0.0245894,0.0246183,0.0246474,0.0246769,0.0247066,0.0247366,0.0247668,0.0247974
289,0.017153,0.0171924,0.0172322,0.0172722,0.0173125,0.0173531,0.0173941,0.0174353,0.0174768,0.0175187,0.0175609
290,0.0245043,0.0245324,0.0245608,0.0245894,0.0246183,0.0246474,0.0246769,0.0247066,0.0247366,0.0247668,0.0247974
291,0.017153,0.0171924,0.0172322,0.0172722,0.0173125,0.0173531,0.0173941,0.0174353,0.0174768,0.0175187,0.0175609
292,0.0245043,0.0245324,0.0245608,0.0245894,0.0246183,0.0246474,0.0246769,0.0247066,0.0247366,0.0247668,0.0247974
293,0.017153,0.0171924,0.0172322,0.0172722,0.0173125,0.0173531,0.0173941,0.0174353,0.0174768,0.0175187,0.0175609
294,0.0245043,0.0245324,0.0245608,0.0245894,0.0246183,0.0246474,0.0246769,0.0247066,0.0247366,0.0247668,0.0247974
295,0.017153,0.0171924,0.0172322,0.0172722,0.0173125,0.0173531,0.0173941,0.0174353,0.0174768,0.0175187,0.0175609
296,0.0245043,0.0245324,0.0245608,0.0245894,0.0246183,0.0246474,0.0246769,0.0247066,0.0247366,0.0247668,0.0247974
297,0.017153,0.0171925,0.0172322,0.0172722,0.0173125,0.0173531,0.0173941,0.0174353,0.0174768,0.0175187,0.0175609
298,0.0245043,0.0245324,0.0245607,0.0245894,0.0246183,0.0246474,0.0246768,0.0247066,0.0247366,0.0247668,0.0247974
299,0.017153,0.0171924,0.0172322,0.0172722,0.0173125,0.0173531,0.0173941,0.0174353,0.0174768,0.0175187,0.0175609
300,0.0245043,0.0245324,0.0245608,0.0245894,0.0246183,0.0246474,0.0246769,0.0247066,0.0247366,0.0247668,0.0247974
301,0.017153,0.0171924,0.0172322,0.0172722,0.0173125,0.0173531,0.0173941,0.0174353,0.0174768,0.0175187,0.0175609
302,0.0245043,0.0245324,0.0245607,0.0245894,0.0246183,0.0246474,0.0246769,0.0247066,0.0247366,0.0247668,0.0247974
303,0.017153,0.0171924,0.0172322,0.0172722,0.0173125,0.0173531,0.0173941,0.0174353,0.0174768,0.0175187,0.0175609
304,0.0245043,0.0245324,0.0245608,0.0245894,0.0246183,0.0246474,0.0246769,0.0247066,0.0247366,0.0247668,0.0247974
305,0.017153,0.017192,0.0172313,0.0172708,0.0173107,0.0173508,0.0173913,0.0174321,0.0174731,0.0175145,0.0175562
306,0.0245043,0.0245323,0.0245606,0.0245892,0.024618,0.0246471,0.0246765,0.0247061,0.024736,0.0247662,0.0247967
307,0.017153,0.017192,0.0172313,0.0172708,0.0173107,0.0173508,0.0173913,0.0174321,0.0174731,0.0175145,0.0175562
308,0.0245043,0.0245324,0.0245607,0.0245892,0.0246181,0.0246472,0.0246765,0.0247061,0.024736,0.0247662,0.0247967
309,0.017153,0.017192,0.0172313,0.0172708,0.0173107,0.0173508,0.0173913,0.0174321,0.0174731,0.0175145,0.0175562
310,0.0245043,0.0245324,0.0245606,0.0245892,0.024618,0.0246471,0.0246765,0.0247061,0.024736,0.0247662,0.0247967
311,0.017153,0.017192,0.0172313,0.0172708,0.0173107,0.0173508,0.0173913,0.0174321,0.0174731,0.0175145,0.0175562
312,0.0245043,0.0245324,0.0245606,0.0245892,0.024618,0.0246471,0.0246765,0.0247061,0.024736,0.0247662,0.0247967
313,0.017153,0.017192,0.0172313,0.0172708,0.0173107,0.0173508,0.0173913,0.0174321,0.0174731,0.0175145,0.0175562
314,0.0245043,0.0245323,0.0245606,0.0245892,0.024618,0.0246471,0.0246765,0.0247061,0.024736,0.0247662,0.0247967
315,0.017153,0.017192,0.0172313,0.0172708,0.0173107,0.0173508,0.0173913,0.0174321,0.0174731,0.0175145,0.0175562
316,0.0245043,0.0245324,0.0245606,0.0245892,0.024618,0.0246471,0.0246765,0.0247061,0.024736,0.0247662,0.0247967
317,0.017153,0.017192,0.0172313,0.0172708,0.0173107,0.0173508,0.0173913,0.0174321,0.0174731,0.0175145,0.0175562
318,0.0245043,0.0245323,0.0245606,0.0245892,0.024618,0.0246471,0.0246765,0.0247061,0.024736,0.0247662,0.0247967
319,0.017153,0.017192,0.0172313,0.0172708,0.0173107,0.0173508,0.0173913,0.0174321,0.0174731,0.0175145,0.0175562
320,0.0245043,0.0245323,0.0245606,0.0245892,0.024618,0.0246471,0.0246765,0.0247061,0.024736,0.0247662,0.0247967
321,0.017153,0.0171909,0.0172291,0.0172677,0.0173064,0.0173455,0.0173849,0.0174246,0.0174646,0.0175049,0.0175455
322,0.0245043,0.0245321,0.0245602,0.0245885,0.024617,0.0246458,0.024675,0.0247043,0.0247339,0.0247638,0.024794
323,0.017153,0.0171909,0.0172291,0.0172677,0.0173064,0.0173455,0.0173849,0.0174246,0.0174646,0.0175049,0.0175455
324,0.0245043,0.0245321,0.0245602,0.0245885,0.024617,0.0246459,0.024675,0.0247043,0.0247339,0.0247638,0.024794
325,0.017153,0.0171909,0.0172291,0.0172676,0.0173064,0.0173455,0.0173849,0.0174246,0.0174646,0.0175049,0.0175455
326,0.0245043,0.0245321,0.0245602,0.0245885,0.024617,0.0246459,0.024675,0.0247043,0.0247339,0.0247638,0.024794
327,0.017153,0.0171909,0.0172291,0.0172676,0.0173064,0.0173455,0.0173849,0.0174246,0.0174646,0.0175049,0.0175455
328,0.0245043,0.0245321,0.0245602,0.0245885,0.024617,0.0246458,0.024675,0.0247043,0.0247339,0.0247638,0.024794
329,0.017153,0.0171909,0.0172291,0.0172677,0.0173064,0.0173455,0.0173849,0.0174246,0.0174646,0.0175049,0.0175455
330,0.0245043,0.0245321,0.0245601,0.0245885,0.024617,0.0246458,0.0246749,0.0247043,0.0247339,0.0247638,0.024794
331,0.017153,0.0171909,0.0172292,0.0172677,0.0173064,0.0173455,0.0173849,0.0174246,0.0174646,0.0175049,0.0175455
332,0.0245043,0.0245321,0.0245602,0.0245885,0.024617,0.0246459,0.024675,0.0247043,0.0247339,0.0247638,0.024794
333,0.017153,0.0171909,0.0172291,0.0172677,0.0173064,0.0173455,0.0173849,0.0174246,0.0174646,0.0175049,0.0175455
334,0.0245043,0.0245321,0.0245602,0.0245885,0.024617,0.0246459,0.024675,0.0247043,0.0247339,0.0247638,0.024794
335,0.017153,0.0171909,0.0172291,0.0172676,0.0173064,0.0173455,0.0173849,0.0174246,0.0174646,0.0175049,0.0175455
336,0.0245043,0.0245321,0.0245602,0.0245885,0.024617,0.0246458,0.024675,0.0247043,0.0247339,0.0247638,0.024794
337,0.017153,0.0171889,0.0172251,0.0172615,0.0172982,0.0173352,0.0173725,0.0174101,0.017448,0.0174862,0.0175247
338,0.0107909,0.0108031,0.0108154,0.0108278,0.0108402,0.0108527,0.0108654,0.0108781,0.0108909,0.0109037,0.0109167
339,0.0118883,0.0119002,0.0119122,0.0119243,0.0119365,0.0119488,0.0119612,0.0119736,0.0119862,0.0119988,0.0120116
340,0.0129857,0.012998,0.0130103,0.0130228,0.0130353,0.0130479,0.0130607,0.0130735,0.0130865,0.0130995,0.0131127
341,0.0245043,0.0245315,0.0245589,0.0245866,0.0246146,0.0246428,0.0246712,0.0246999,0.0247289,0.0247582,0.0247877
342,0.0140831,0.0140953,0.0141077,0.0141201,0.0141327,0.0141453,0.014158,0.0141709,0.0141838,0.0141969,0.01421
343,0.017153,0.0171889,0.017225,0.0172615,0.0172982,0.0173352,0.0173725,0.0174101,0.017448,0.0174862,0.0175247
344,0.0107909,0.0108031,0.0108154,0.0108278,0.0108402,0.0108527,0.0108654,0.0108781,0.0108909,0.0109038,0.0109167
345,0.0118883,0.0119002,0.0119122,0.0119243,0.0119365,0.0119488,0.0119612,0.0119736,0.0119862,0.0119988,0.0120116
346,0.0129857,0.0129979,0.0130103,0.0130228,0.0130353,0.0130479,0.0130607,0.0130735,0.0130865,0.0130995,0.0131126
347,0.0245043,0.0245315,0.0245589,0.0245866,0.0246146,0.0246428,0.0246712,0.0246999,0.0247289,0.0247582,0.0247877
348,0.0140831,0.0140953,0.0141077,0.0141201,0.0141326,0.0141453,0.014158,0.0141709,0.0141838,0.0141969,0.01421
349,0.017153,0.0171889,0.017225,0.0172615,0.0172982,0.0173352,0.0173725,0.0174101,0.017448,0.0174862,0.0175247
350,0.0107909,0.0108031,0.0108154,0.0108278,0.0108402,0.0108527,0.0108653,0.0108781,0.0108908,0.0109037,0.0109167
351,0.0118883,0.0119002,0.0119123,0.0119243,0.0119365,0.0119488,0.0119612,0.0119736,0.0119862,0.0119988,0.0120116
352,0.0129857,0.012998,0.0130103,0.0130227,0.0130353,0.0130479,0.0130607,0.0130735,0.0130865,0.0130995,0.0131127
353,0.0245043,0.0245315,0.0245589,0.0245866,0.0246146,0.0246428,0.0246712,0.0246999,0.0247289,0.0247582,0.0247877
354,0.0140831,0.0140953,0.0141077,0.0141201,0.0141326,0.0141453,0.014158,0.0141708,0.0141838,0.0141969,0.01421
355,0.017153,0.0171889,0.0172251,0.0172615,0.0172982,0.0173352,0.0173725,0.0174101,0.017448,0.0174862,0.0175247
356,0.0107909,0.0108031,0.0108154,0.0108277,0.0108402,0.0108527,0.0108653,0.0108781,0.0108908,0.0109037,0.0109167
357,0.0118883,0.0119002,0.0119123,0.0119244,0.0119365,0.0119488,0.0119612,0.0119736,0.0119862,0.0119988,0.0120115
358,0.0129857,0.012998,0.0130103,0.0130228,0.0130353,0.0130479,0.0130607,0.0130735,0.0130865,0.0130995,0.0131127
359,0.0245043,0.0245315,0.0245589,0.0245866,0.0246146,0.0246428,0.0246712,0.0246999,0.0247289,0.0247582,0.0247877
360,0.0140831,0.0140953,0.0141077,0.0141201,0.0141326,0.0141453,0.014158,0.0141709,0.0141838,0.0141969,0.01421
361,0.017153,0.0171889,0.017225,0.0172615,0.0172982,0.0173352,0.0173725,0.0174101,0.017448,0.0174862,0.0175247
362,0.0107909,0.0108031,0.0108154,0.0108277,0.0108402,0.0108527,0.0108653,0.0108781,0.0108908,0.0109037,0.0109167
363,0.0118883,0.0119002,0.0119123,0.0119243,0.0119365,0.0119488,0.0119612,0.0119736,0.0119862,0.0119988,0.0120115
364,0.0129857,0.012998,0.0130103,0.0130228,0.0130353,0.0130479,0.0130607,0.0130735,0.0130865,0.0130995,0.0131127
365,0.0245043,0.0245315,0.0245589,0.0245866,0.0246146,0.0246428,0.0246712,0.0246999,0.0247289,0.0247582,0.0247877
366,0.0140831,0.0140953,0.0141077,0.0141201,0.0141326,0.0141453,0.014158,0.0141709,0.0141838,0.0141969,0.01421
367,0.017153,0.0171889,0.017225,0.0172615,0.0172982,0.0173352,0.0173725,0.0174101,0.017448,0.0174862,0.0175247
368,0.0107909,0.0108031,0.0108154,0.0108278,0.0108402,0.0108527,0.0108654,0.0108781,0.0108909,0.0109037,0.0109167
369,0.0118883,0.0119002,0.0119123,0.0119243,0.0119365,0.0119488,0.0119612,0.0119736,0.0119862,0.0119988,0.0120116
370,0.0129857,0.012998,0.0130103,0.0130228,0.0130353,0.013048,0.0130607,0.0130735,0.0130865,0.0130995,0.0131127
371,0.0245043,0.0245315,0.0245589,0.0245866,0.0246146,0.0246428,0.0246712,0.0246999,0.0247289,0.0247582,0.0247877
372,0.0140831,0.0140953,0.0141077,0.0141201,0.0141326,0.0141453,0.014158,0.0141708,0.0141838,0.0141969,0.01421
373,0.017153,0.0171889,0.017225,0.0172615,0.0172982,0.0173352,0.0173725,0.0174101,0.017448,0.0174862,0.0175247
374,0.0107909,0.0108031,0.0108154,0.0108278,0.0108402,0.0108527,0.0108654,0.0108781,0.0108909,0.0109037,0.0109167
375,0.0118883,0.0119002,0.0119122,0.0119243,0.0119365,0.0119488,0.0119612,0.0119736,0.0119862,0.0119988,0.0120116
376,0.0129857,0.012998,0.0130103,0.0130228,0.0130353,0.013048,0.0130607,0.0130735,0.0130865,0.0130995,0.0131127
377,0.0245043,0.0245315,0.0245589,0.0245866,0.0246146,0.0246428,0.0246712,0.0246999,0.0247289,0.0247582,0.0247877
378,0.0140831,0.0140953,0.0141076,0.0141201,0.0141326,0.0141453,0.014158,0.0141709,0.0141838,0.0141968,0.01421
379,0.017153,0.0171889,0.017225,0.0172615,0.0172982,0.0173352,0.0173725,0.0174101,0.017448,0.0174862,0.0175247
380,0.0107909,0.0108031,0.0108154,0.0108277,0.0108402,0.0108527,0.0108653,0.0108781,0.0108908,0.0109037,0.0109167
381,0.0118883,0.0119002,0.0119122,0.0119243,0.0119365,0.0119488,0.0119612,0.0119736,0.0119862,0.0119988,0.0120116
382,0.0129857,0.0129979,0.0130103,0.0130228,0.0130353,0.0130479,0.0130607,0.0130735,0.0130865,0.0130995,0.0131127
383,0.0245043,0.0245315,0.0245589,0.0245866,0.0246146,0.0246428,0.0246712,0.0246999,0.0247289,0.0247582,0.0247877
384,0.0140831,0.0140953,0.0141077,0.0141201,0.0141327,0.0141453,0.014158,0.0141709,0.0141838,0.0141969,0.01421
385,0.017153,0.0171889,0.0172251,0.0172615,0.0172982,0.0173352,0.0173725,0.0174101,0.017448,0.0174862,0.0175247
386,0.0107909,0.0108031,0.0108154,0.0108277,0.0108402,0.0108527,0.0108653,0.0108781,0.0108909,0.0109037,0.0109167
387,0.0118883,0.0119002,0.0119122,0.0119243,0.0119365,0.0119488,0.0119612,0.0119736,0.0119862,0.0119988,0.0120116
388,0.0129857,0.012998,0.0130103,0.0130228,0.0130353,0.0130479,0.0130607,0.0130735,0.0130865,0.0130995,0.0131126
389,0.0245043,0.0245315,0.0245589,0.0245866,0.0246146,0.0246428,0.0246712,0.0246999,0.0247289,0.0247582,0.0247877
390,0.0140831,0.0140953,0.0141077,0.0141201,0.0141327,0.0141453,0.014158,0.0141709,0.0141838,0.0141969,0.01421
391,0.017153,0.0171889,0.017225,0.0172615,0.0172982,0.0173352,0.0173725,0.0174101,0.017448,0.0174862,0.0175247
392,0.0107909,0.0108031,0.0108154,0.0108278,0.0108402,0.0108527,0.0108654,0.0108781,0.0108909,0.0109037,0.0109167
393,0.0118883,0.0119002,0.0119122,0.0119243,0.0119365,0.0119488,0.0119612,0.0119736,0.0119862,0.0119988,0.0120116
394,0.0129857,0.012998,0.0130103,0.0130228,0.0130353,0.013048,0.0130607,0.0130735,0.0130865,0.0130995,0.0131127
395,0.0245043,0.0245315,0.0245589,0.0245866,0.0246146,0.0246428,0.0246712,0.0246999,0.0247289,0.0247582,0.0247877
396,0.0140831,0.0140953,0.0141077,0.0141201,0.0141326,0.0141453,0.014158,0.0141709,0.0141838,0.0141968,0.01421
397,0.017153,0.0171889,0.017225,0.0172615,0.0172982,0.0173352,0.0173725,0.0174101,0.017448,0.0174862,0.0175247
398,0.0107909,0.0108031,0.0108154,0.0108278,0.0108402,0.0108527,0.0108653,0.0108781,0.0108909,0.0109037,0.0109167
399,0.0118883,0.0119002,0.0119123,0.0119243,0.0119365,0.0119488,0.0119612,0.0119736,0.0119862,0.0119988,0.0120115
400,0.0129857,0.012998,0.0130103,0.0130228,0.0130353,0.013048,0.0130607,0.0130735,0.0130865,0.0130995,0.0131127
401,0.0245043,0.0245315,0.0245589,0.0245866,0.0246146,0.0246428,0.0246712,0.0246999,0.0247289,0.0247582,0.0247877
402,0.0140831,0.0140953,0.0141077,0.0141201,0.0141326,0.0141453,0.014158,0.0141708,0.0141838,0.0141968,0.01421
403,0.017153,0.0171889,0.0172251,0.0172615,0.0172982,0.0173352,0.0173725,0.0174101,0.017448,0.0174862,0.0175247
404,0.0107909,0.0108031,0.0108154,0.0108277,0.0108402,0.0108527,0.0108653,0.0108781,0.0108908,0.0109037,0.0109167
405,0.0118883,0.0119002,0.0119123,0.0119243,0.0119365,0.0119488,0.0119612,0.0119736,0.0119862,0.0119988,0.0120115
406,0.0129857,0.012998,0.0130103,0.0130228,0.0130353,0.0130479,0.0130607,0.0130735,0.0130865,0.0130995,0.0131127
407,0.0245043,0.0245315,0.0245589,0.0245866,0.0246146,0.0246428,0.0246712,0.0246999,0.0247289,0.0247582,0.0247877
408,0.0140831,0.0140953,0.0141077,0.0141201,0.0141326,0.0141453,0.014158,0.0141709,0.0141838,0.0141969,0.01421
409,0.017153,0.0171889,0.0172251,0.0172615,0.0172982,0.0173352,0.0173725,0.0174101,0.017448,0.0174862,0.0175247
410,0.0107909,0.0108031,0.0108154,0.0108278,0.0108402,0.0108527,0.0108653,0.0108781,0.0108909,0.0109037,0.0109167
411,0.0118883,0.0119002,0.0119122,0.0119243,0.0119365,0.0119488,0.0119612,0.0119736,0.0119862,0.0119988,0.0120115
412,0.0129857,0.012998,0.0130103,0.0130228,0.0130353,0.0130479,0.0130607,0.0130735,0.0130865,0.0130995,0.0131127
413,0.0245043,0.0245315,0.0245589,0.0245866,0.0246146,0.0246428,0.0246712,0.0247,0.0247289,0.0247582,0.0247877
414,0.0140831,0.0140953,0.0141077,0.0141201,0.0141326,0.0141453,0.014158,0.0141709,0.0141838,0.0141969,0.01421
415,0.017153,0.0171889,0.017225,0.0172615,0.0172982,0.0173352,0.0173725,0.0174101,0.017448,0.0174862,0.0175247
416,0.0107909,0.0108031,0.0108154,0.0108278,0.0108402,0.0108527,0.0108653,0.0108781,0.0108909,0.0109037,0.0109167
417,0.0118883,0.0119002,0.0119122,0.0119243,0.0119365,0.0119488,0.0119612,0.0119736,0.0119862,0.0119988,0.0120115
418,0.0129857,0.012998,0.0130103,0.0130228,0.0130353,0.013048,0.0130607,0.0130735,0.0130865,0.0130995,0.0131127
419,0.0245043,0.0245315,0.0245589,0.0245866,0.0246146,0.0246428,0.0246712,0.0246999,0.0247289,0.0247582,0.0247877
420,0.0140831,0.0140953,0.0141077,0.0141201,0.0141326,0.0141453,0.014158,0.0141709,0.0141838,0.0141969,0.01421
421,0.017153,0.0171889,0.017225,0.0172615,0.0172982,0.0173352,0.0173725,0.0174101,0.017448,0.0174862,0.0175247
422,0.0107909,0.0108031,0.0108154,0.0108278,0.0108402,0.0108527,0.0108654,0.0108781,0.0108909,0.0109037,0.0109167
423,0.0118883,0.0119002,0.0119122,0.0119243,0.0119365,0.0119488,0.0119612,0.0119736,0.0119862,0.0119988,0.0120115
424,0.0129857,0.012998,0.0130103,0.0130228,0.0130353,0.013048,0.0130607,0.0130735,0.0130865,0.0130995,0.0131127
425,0.0245043,0.0245315,0.0245589,0.0245866,0.0246146,0.0246428,0.0246712,0.0247,0.0247289,0.0247582,0.0247877
426,0.0140831,0.0140953,0.0141077,0.0141201,0.0141326,0.0141453,0.014158,0.0141709,0.0141838,0.0141969,0.01421
427,0.017153,0.0171889,0.0172251,0.0172615,0.0172982,0.0173352,0.0173725,0.0174101,0.017448,0.0174862,0.0175247
428,0.0107909,0.0108031,0.0108154,0.0108278,0.0108402,0.0108527,0.0108654,0.0108781,0.0108909,0.0109037,0.0109167
429,0.0118883,0.0119002,0.0119122,0.0119243,0.0119365,0.0119488,0.0119612,0.0119736,0.0119862,0.0119988,0.0120115
430,0.0129857,0.012998,0.0130103,0.0130228,0.0130353,0.013048,0.0130607,0.0130735,0.0130865,0.0130995,0.0131127
431,0.0245043,0.0245315,0.0245589,0.0245866,0.0246146,0.0246428,0.0246712,0.0246999,0.0247289,0.0247582,0.0247877
432,0.0140831,0.0140953,0.0141077,0.0141201,0.0141326,0.0141453,0.014158,0.0141709,0.0141838,0.0141969,0.01421
433,0.017153,0.0171909,0.0172292,0.0172676,0.0173064,0.0173455,0.0173849,0.0174246,0.0174646,0.0175049,0.0175455
434,0.0245043,0.0245321,0.0245602,0.0245885,0.024617,0.0246459,0.0246749,0.0247043,0.0247339,0.0247638,0.024794
435,0.017153,0.0171909,0.0172291,0.0172676,0.0173064,0.0173455,0.0173849,0.0174246,0.0174646,0.0175049,0.0175455
436,0.0245043,0.0245321,0.0245602,0.0245885,0.024617,0.0246459,0.0246749,0.0247043,0.0247339,0.0247638,0.024794
437,0.017153,0.0171909,0.0172292,0.0172677,0.0173064,0.0173455,0.0173849,0.0174246,0.0174646,0.0175049,0.0175455
438,0.0245043,0.0245321,0.0245601,0.0245885,0.024617,0.0246459,0.0246749,0.0247043,0.0247339,0.0247638,0.024794
439,0.017153,0.0171909,0.0172292,0.0172677,0.0173064,0.0173455,0.0173849,0.0174246,0.0174646,0.0175049,0.0175455
440,0.0245043,0.0245321,0.0245602,0.0245885,0.024617,0.0246459,0.0246749,0.0247043,0.0247339,0.0247638,0.024794
441,0.017153,0.0171909,0.0172291,0.0172676,0.0173064,0.0173455,0.0173849,0.0174246,0.0174646,0.0175049,0.0175455
442,0.0245043,0.0245321,0.0245602,0.0245885,0.024617,0.0246459,0.0246749,0.0247043,0.0247339,0.0247638,0.024794
443,0.017153,0.0171909,0.0172291,0.0172676,0.0173064,0.0173455,0.0173849,0.0174246,0.0174646,0.0175049,0.0175455
444,0.0245043,0.0245321,0.0245602,0.0245885,0.024617,0.0246459,0.024675,0.0247043,0.0247339,0.0247638,0.024794
445,0.017153,0.0171909,0.0172292,0.0172677,0.0173064,0.0173455,0.0173849,0.0174246,0.0174646,0.0175049,0.0175455
446,0.0245043,0.0245321,0.0245602,0.0245885,0.024617,0.0246459,0.0246749,0.0247043,0.0247339,0.0247638,0.024794
447,0.017153,0.0171909,0.0172292,0.0172677,0.0173064,0.0173455,0.0173849,0.0174246,0.0174646,0.0175049,0.0175455
448,0.0245043,0.0245321,0.0245602,0.0245885,0.024617,0.0246459,0.0246749,0.0247043,0.0247339,0.0247638,0.024794
449,0.017153,0.017192,0.0172313,0.0172708,0.0173107,0.0173508,0.0173913,0.0174321,0.0174731,0.0175145,0.0175562
450,0.0245043,0.0245323,0.0245607,0.0245892,0.024618,0.0246471,0.0246765,0.0247061,0.024736,0.0247662,0.0247967
451,0.017153,0.017192,0.0172313,0.0172708,0.0173107,0.0173508,0.0173913,0.0174321,0.0174731,0.0175145,0.0175562
452,0.0245043,0.0245323,0.0245606,0.0245892,0.024618,0.0246471,0.0246765,0.0247061,0.024736,0.0247662,0.0247967
453,0.017153,0.017192,0.0172313,0.0172708,0.0173107,0.0173508,0.0173913,0.0174321,0.0174731,0.0175145,0.0175562
454,0.0245043,0.0245323,0.0245606,0.0245892,0.024618,0.0246471,0.0246765,0.0247061,0.024736,0.0247662,0.0247967
455,0.017153,0.017192,0.0172313,0.0172708,0.0173107,0.0173508,0.0173913,0.0174321,0.0174731,0.0175145,0.0175562
456,0.0245043,0.0245323,0.0245606,0.0245892,0.024618,0.0246471,0.0246765,0.0247061,0.024736,0.0247662,0.0247967
457,0.017153,0.017192,0.0172313,0.0172708,0.0173107,0.0173508,0.0173913,0.0174321,0.0174731,0.0175145,0.0175562
458,0.0245043,0.0245323,0.0245607,0.0245892,0.024618,0.0246471,0.0246765,0.0247061,0.024736,0.0247662,0.0247967
459,0.017153,0.017192,0.0172313,0.0172708,0.0173107,0.0173508,0.0173913,0.0174321,0.0174731,0.0175145,0.0175562
460,0.0245043,0.0245323,0.0245606,0.0245892,0.024618,0.0246471,0.0246765,0.0247061,0.024736,0.0247662,0.0247967
461,0.017153,0.017192,0.0172313,0.0172708,0.0173107,0.0173508,0.0173913,0.0174321,0.0174731,0.0175145,0.0175562
462,0.0245043,0.0245323,0.0245607,0.0245892,0.0246181,0.0246471,0.0246765,0.0247061,0.024736,0.0247662,0.0247967
463,0.017153,0.017192,0.0172313,0.0172708,0.0173107,0.0173508,0.0173913,0.0174321,0.0174731,0.0175145,0.0175562
464,0.0245043,0.0245323,0.0245607,0.0245892,0.024618,0.0246471,0.0246765,0.0247061,0.024736,0.0247662,0.0247967
465,0.017153,0.0171924,0.0172322,0.0172722,0.0173125,0.0173531,0.0173941,0.0174353,0.0174768,0.0175187,0.0175609
466,0.0245043,0.0245324,0.0245608,0.0245894,0.0246183,0.0246474,0.0246769,0.0247066,0.0247366,0.0247668,0.0247974
467,0.017153,0.0171924,0.0172322,0.0172722,0.0173125,0.0173531,0.0173941,0.0174353,0.0174768,0.0175187,0.0175609
468,0.0245043,0.0245324,0.0245608,0.0245894,0.0246183,0.0246474,0.0246769,0.0247066,0.0247365,0.0247668,0.0247974
469,0.017153,0.0171924,0.0172322,0.0172722,0.0173125,0.0173531,0.0173941,0.0174353,0.0174768,0.0175187,0.0175609
470,0.0245043,0.0245324,0.0245608,0.0245894,0.0246183,0.0246474,0.0246769,0.0247066,0.0247365,0.0247668,0.0247974
471,0.017153,0.0171925,0.0172322,0.0172722,0.0173125,0.0173531,0.0173941,0.0174353,0.0174768,0.0175187,0.0175609
472,0.0245043,0.0245324,0.0245607,0.0245894,0.0246183,0.0246474,0.0246769,0.0247066,0.0247366,0.0247668,0.0247974
473,0.017153,0.0171924,0.0172322,0.0172722,0.0173125,0.0173531,0.0173941,0.0174353,0.0174768,0.0175187,0.0175609
474,0.0245043,0.0245324,0.0245608,0.0245894,0.0246183,0.0246474,0.0246769,0.0247066,0.0247366,0.0247668,0.0247974
475,0.017153,0.0171924,0.0172322,0.0172722,0.0173125,0.0173531,0.0173941,0.0174353,0.0174768,0.0175187,0.0175609
476,0.0245043,0.0245324,0.0245608,0.0245894,0.0246183,0.0246474,0.0246769,0.0247066,0.0247365,0.0247668,0.0247974
477,0.017153,0.0171924,0.0172322,0.0172722,0.0173125,0.0173531,0.0173941,0.0174353,0.0174768,0.0175187,0.0175609
478,0.0245043,0.0245324,0.0245608,0.0245894,0.0246183,0.0246474,0.0246769,0.0247066,0.0247366,0.0247668,0.0247974
479,0.017153,0.0171924,0.0172322,0.0172722,0.0173125,0.0173531,0.0173941,0.0174353,0.0174768,0.0175187,0.0175609
480,0.0245043,0.0245324,0.0245608,0.0245894,0.0246183,0.0246474,0.0246769,0.0247066,0.0247365,0.0247668,0.0247974
481,0.017153,0.0171924,0.0172322,0.0172722,0.0173125,0.0173531,0.0173941,0.0174353,0.0174768,0.0175187,0.0175609
482,0.0245043,0.0245324,0.0245608,0.0245894,0.0246183,0.0246474,0.0246769,0.0247066,0.0247366,0.0247668,0.0247974
483,0.017153,0.0171924,0.0172322,0.0172722,0.0173125,0.0173531,0.0173941,0.0174353,0.0174768,0.0175187,0.0175609
484,0.0245043,0.0245324,0.0245608,0.0245894,0.0246183,0.0246474,0.0246769,0.0247066,0.0247366,0.0247668,0.0247974
485,0.017153,0.0171924,0.0172322,0.0172722,0.0173125,0.0173531,0.0173941,0.0174353,0.0174768,0.0175187,0.0175609
486,0.0245043,0.0245324,0.0245608,0.0245894,0.0246183,0.0246474,0.0246769,0.0247066,0.0247366,0.0247668,0.0247974
487,0.017153,0.0171924,0.0172322,0.0172722,0.0173125,0.0173531,0.0173941,0.0174353,0.0174768,0.0175187,0.0175609
488,0.0245043,0.0245324,0.0245607,0.0245894,0.0246183,0.0246474,0.0246769,0.0247066,0.0247366,0.0247668,0.0247974
489,0.017153,0.0171924,0.0172322,0.0172722,0.0173125,0.0173531,0.0173941,0.0174353,0.0174768,0.0175187,0.0175609
490,0.0245043,0.0245324,0.0245608,0.0245894,0.0246183,0.0246474,0.0246769,0.0247066,0.0247366,0.0247668,0.0247974
491,0.017153,0.0171924,0.0172322,0.0172722,0.0173125,0.0173531,0.0173941,0.0174353,0.0174768,0.0175187,0.0175609
492,0.0245043,0.0245324,0.0245608,0.0245894,0.0246183,0.0246474,0.0246769,0.0247066,0.0247366,0.0247668,0.0247974
493,0.017153,0.0171924,0.0172322,0.0172722,0.0173125,0.0173531,0.0173941,0.0174353,0.0174768,0.0175187,0.0175609
494,0.0245043,0.0245324,0.0245608,0.0245894,0.0246183,0.0246474,0.0246769,0.0247066,0.0247366,0.0247668,0.0247974
495,0.017153,0.0171924,0.0172322,0.0172722,0.0173125,0.0173531,0.0173941,0.0174353,0.0174768,0.0175187,0.0175609
496,0.0245043,0.0245324,0.0245608,0.0245894,0.0246183,0.0246474,0.0246769,0.0247066,0.0247366,0.0247668,0.0247974
497,0.017153,0.017192,0.0172313,0.0172708,0.0173107,0.0173508,0.0173913,0.0174321,0.0174731,0.0175145,0.0175562
498,0.0245043,0.0245324,0.0245606,0.0245892,0.024618,0.0246471,0.0246765,0.0247061,0.024736,0.0247662,0.0247967
499,0.017153,0.017192,0.0172313,0.0172708,0.0173107,0.0173508,0.0173913,0.0174321,0.0174731,0.0175145,0.0175562
500,0.0245043,0.0245323,0.0245606,0.0245892,0.024618,0.0246471,0.0246765,0.0247061,0.024736,0.0247662,0.0247967
501,0.017153,0.017192,0.0172313,0.0172708,0.0173107,0.0173508,0.0173913,0.0174321,0.0174731,0.0175145,0.0175562
502,0.0245043,0.0245323,0.0245606,0.0245892,0.024618,0.0246471,0.0246765,0.0247061,0.024736,0.0247662,0.0247967
503,0.017153,0.017192,0.0172313,0.0172708,0.0173107,0.0173508,0.0173913,0.0174321,0.0174731,0.0175145,0.0175562
504,0.0245043,0.0245323,0.0245606,0.0245892,0.024618,0.0246471,0.0246765,0.0247061,0.024736,0.0247662,0.0247967
505,0.017153,0.017192,0.0172313,0.0172708,0.0173107,0.0173508,0.0173913,0.0174321,0.0174731,0.0175145,0.0175562
506,0.0245043,0.0245324,0.0245607,0.0245892,0.024618,0.0246471,0.0246765,0.0247061,0.024736,0.0247662,0.0247967
507,0.017153,0.017192,0.0172313,0.0172708,0.0173107,0.0173508,0.0173913,0.0174321,0.0174731,0.0175145,0.0175562
508,0.0245043,0.0245324,0.0245606,0.0245892,0.024618,0.0246471,0.0246765,0.0247061,0.024736,0.0247662,0.0247967
509,0.017153,0.017192,0.0172313,0.0172708,0.0173107,0.0173508,0.0173913,0.0174321,0.0174731,0.0175145,0.0175562
510,0.0245043,0.0245324,0.0245607,0.0245892,0.0246181,0.0246472,0.0246765,0.0247061,0.024736,0.0247662,0.0247967
511,0.017153,0.017192,0.0172313,0.0172708,0.0173107,0.0173508,0.0173913,0.0174321,0.0174731,0.0175145,0.0175562
512,0.0245043,0.0245323,0.0245606,0.0245892,0.024618,0.0246471,0.0246765,0.0247061,0.024736,0.0247662,0.0247967
513,0.017153,0.0171909,0.0172292,0.0172676,0.0173064,0.0173455,0.0173849,0.0174246,0.0174646,0.0175049,0.0175455
514,0.0245043,0.0245321,0.0245602,0.0245885,0.024617,0.0246459,0.024675,0.0247043,0.0247339,0.0247638,0.024794
515,0.017153,0.0171909,0.0172291,0.0172676,0.0173064,0.0173455,0.0173849,0.0174246,0.0174646,0.0175049,0.0175455
516,0.0245043,0.0245321,0.0245602,0.0245885,0.024617,0.0246458,0.024675,0.0247043,0.0247339,0.0247638,0.024794
517,0.017153,0.0171909,0.0172291,0.0172677,0.0173064,0.0173455,0.0173849,0.0174246,0.0174646,0.0175049,0.0175455
518,0.0245043,0.0245321,0.0245601,0.0245885,0.024617,0.0246458,0.0246749,0.0247043,0.0247339,0.0247638,0.024794
519,0.017153,0.0171909,0.0172292,0.0172677,0.0173064,0.0173455,0.0173849,0.0174246,0.0174646,0.0175049,0.0175455
520,0.0245043,0.0245321,0.0245602,0.0245885,0.024617,0.0246458,0.024675,0.0247043,0.0247339,0.0247638,0.024794
521,0.017153,0.0171909,0.0172291,0.0172676,0.0173064,0.0173455,0.0173849,0.0174246,0.0174646,0.0175049,0.0175455
522,0.0245043,0.0245321,0.0245602,0.0245885,0.024617,0.0246459,0.024675,0.0247043,0.0247339,0.0247638,0.024794
523,0.017153,0.0171909,0.0172291,0.0172676,0.0173064,0.0173455,0.0173849,0.0174246,0.0174646,0.0175049,0.0175455
524,0.0245043,0.0245321,0.0245602,0.0245885,0.024617,0.0246459,0.024675,0.0247043,0.0247339,0.0247638,0.024794
525,0.017153,0.0171909,0.0172291,0.0172677,0.0173064,0.0173455,0.0173849,0.0174246,0.0174646,0.0175049,0.0175455
526,0.0245043,0.0245321,0.0245602,0.0245885,0.024617,0.0246459,0.024675,0.0247043,0.0247339,0.0247638,0.024794
527,0.017153,0.0171909,0.0172291,0.0172677,0.0173064,0.0173455,0.0173849,0.0174246,0.0174646,0.0175049,0.0175455
528,0.0245043,0.0245321,0.0245602,0.0245885,0.024617,0.0246458,0.024675,0.0247043,0.0247339,0.0247638,0.024794
529,0.017153,0.0171889,0.0172251,0.0172615,0.0172982,0.0173352,0.0173725,0.0174101,0.017448,0.0174862,0.0175247
530,0.0107909,0.0108031,0.0108154,0.0108277,0.0108402,0.0108527,0.0108653,0.0108781,0.0108909,0.0109037,0.0109167
531,0.0118883,0.0119002,0.0119122,0.0119243,0.0119365,0.0119488,0.0119612,0.0119736,0.0119862,0.0119988,0.0120116
532,0.0129857,0.012998,0.0130103,0.0130228,0.0130353,0.0130479,0.0130607,0.0130735,0.0130865,0.0130995,0.0131126
533,0.0245043,0.0245315,0.0245589,0.0245866,0.0246146,0.0246428,0.0246712,0.0246999,0.0247289,0.0247582,0.0247877
534,0.0140831,0.0140953,0.0141077,0.0141201,0.0141327,0.0141453,0.014158,0.0141709,0.0141838,0.0141969,0.01421
535,0.017153,0.0171889,0.017225,0.0172615,0.0172982,0.0173352,0.0173725,0.0174101,0.017448,0.0174862,0.0175247
536,0.0107909,0.0108031,0.0108154,0.0108278,0.0108402,0.0108527,0.0108654,0.0108781,0.0108909,0.0109037,0.0109167
537,0.0118883,0.0119002,0.0119123,0.0119243,0.0119365,0.0119488,0.0119612,0.0119736,0.0119862,0.0119988,0.0120116
538,0.0129857,0.012998,0.0130103,0.0130228,0.0130353,0.013048,0.0130607,0.0130735,0.0130865,0.0130995,0.0131127
539,0.0245043,0.0245315,0.0245589,0.0245866,0.0246146,0.0246428,0.0246712,0.0246999,0.0247289,0.0247582,0.0247877
540,0.0140831,0.0140953,0.0141077,0.0141201,0.0141326,0.0141453,0.014158,0.0141709,0.0141838,0.0141968,0.01421
541,0.017153,0.0171889,0.017225,0.0172615,0.0172982,0.0173352,0.0173725,0.0174101,0.017448,0.0174862,0.0175247
542,0.0107909,0.0108031,0.0108154,0.0108278,0.0108402,0.0108527,0.0108653,0.0108781,0.0108909,0.0109037,0.0109167
543,0.0118883,0.0119002,0.0119123,0.0119243,0.0119365,0.0119488,0.0119612,0.0119736,0.0119862,0.0119988,0.0120115
544,0.0129857,0.012998,0.0130103,0.0130228,0.0130353,0.013048,0.0130607,0.0130735,0.0130865,0.0130995,0.0131127
545,0.0245043,0.0245315,0.0245589,0.0245866,0.0246146,0.0246428,0.0246712,0.0246999,0.0247289,0.0247582,0.0247877
546,0.0140831,0.0140953,0.0141077,0.0141201,0.0141326,0.0141453,0.014158,0.0141708,0.0141838,0.0141968,0.01421
547,0.017153,0.0171889,0.0172251,0.0172615,0.0172982,0.0173352,0.0173725,0.0174101,0.017448,0.0174862,0.0175247
548,0.0107909,0.0108031,0.0108154,0.0108277,0.0108402,0.0108527,0.0108653,0.0108781,0.0108908,0.0109037,0.0109167
549,0.0118883,0.0119002,0.0119123,0.0119243,0.0119365,0.0119488,0.0119612,0.0119736,0.0119862,0.0119988,0.0120115
550,0.0129857,0.012998,0.0130103,0.0130228,0.0130353,0.0130479,0.0130607,0.0130735,0.0130865,0.0130995,0.0131127
551,0.0245043,0.0245315,0.0245589,0.0245866,0.0246146,0.0246428,0.0246712,0.0246999,0.0247289,0.0247582,0.0247877
552,0.0140831,0.0140953,0.0141077,0.0141201,0.0141326,0.0141453,0.014158,0.0141709,0.0141838,0.0141969,0.01421
553,0.017153,0.0171889,0.0172251,0.0172615,0.0172982,0.0173352,0.0173725,0.0174101,0.017448,0.0174862,0.0175247
554,0.0107909,0.0108031,0.0108154,0.0108278,0.0108402,0.0108527,0.0108653,0.0108781,0.0108909,0.0109037,0.0109167
555,0.0118883,0.0119002,0.0119122,0.0119243,0.0119365,0.0119488,0.0119612,0.0119736,0.0119862,0.0119988,0.0120115
556,0.0129857,0.012998,0.0130103,0.0130228,0.0130353,0.0130479,0.0130607,0.0130735,0.0130865,0.0130995,0.0131127
557,0.0245043,0.0245315,0.0245589,0.0245866,0.0246146,0.0246428,0.0246712,0.0246999,0.0247289,0.0247582,0.0247877
558,0.0140831,0.0140953,0.0141077,0.0141201,0.0141326,0.0141453,0.014158,0.0141709,0.0141838,0.0141969,0.01421
559,0.017153,0.0171889,0.017225,0.0172615,0.0172982,0.0173352,0.0173725,0.0174101,0.017448,0.0174862,0.0175247
560,0.0107909,0.0108031,0.0108154,0.0108278,0.0108402,0.0108527,0.0108653,0.0108781,0.0108909,0.0109037,0.0109167
561,0.0118883,0.0119002,0.0119122,0.0119243,0.0119365,0.0119488,0.0119612,0.0119736,0.0119862,0.0119988,0.0120115
562,0.0129857,0.012998,0.0130103,0.0130228,0.0130353,0.013048,0.0130607,0.0130735,0.0130865,0.0130995,0.0131127
563,0.0245043,0.0245315,0.0245589,0.0245866,0.0246146,0.0246428,0.0246712,0.0246999,0.0247289,0.0247582,0.0247877
564,0.0140831,0.0140953,0.0141077,0.0141201,0.0141326,0.0141453,0.014158,0.0141709,0.0141838,0.0141969,0.01421
565,0.017153,0.0171889,0.017225,0.0172615,0.0172982,0.0173352,0.0173725,0.0174101,0.017448,0.0174862,0.0175247
566,0.0107909,0.0108031,0.0108154,0.0108278,0.0108402,0.0108527,0.0108654,0.0108781,0.0108909,0.0109037,0.0109167
567,0.0118883,0.0119002,0.0119122,0.0119243,0.0119365,0.0119488,0.0119612,0.0119736,0.0119862,0.0119988,0.0120115
568,0.0129857,0.012998,0.0130103,0.0130228,0.0130353,0.013048,0.0130607,0.0130735,0.0130865,0.0130995,0.0131127
569,0.0245043,0.0245315,0.0245589,0.0245866,0.0246146,0.0246428,0.0246712,0.0246999,0.0247289,0.0247582,0.0247877
570,0.0140831,0.0140953,0.0141077,0.0141201,0.0141326,0.0141453,0.014158,0.0141709,0.0141838,0.0141969,0.01421
571,0.017153,0.0171889,0.0172251,0.0172615,0.0172982,0.0173352,0.0173725,0.0174101,0.017448,0.0174862,0.0175247
572,0.0107909,0.0108031,0.0108154,0.0108278,0.0108402,0.0108527,0.0108654,0.0108781,0.0108909,0.0109037,0.0109167
573,0.0118883,0.0119002,0.0119122,0.0119243,0.0119365,0.0119488,0.0119612,0.0119736,0.0119862,0.0119988,0.0120115
574,0.0129857,0.012998,0.0130103,0.0130228,0.0130353,0.013048,0.0130607,0.0130735,0.0130865,0.0130995,0.0131127
575,0.0245043,0.0245315,0.0245589,0.0245866,0.0246146,0.0246428,0.0246712,0.0246999,0.0247289,0.0247582,0.0247877
576,0.0140831,0.0140953,0.0141077,0.0141201,0.0141326,0.0141453,0.014158,0.0141709,0.0141838,0.0141969,0.01421
577,0.017153,0.0171889,0.017225,0.0172615,0.0172982,0.0173352,0.0173725,0.0174101,0.017448,0.0174862,0.0175247
578,0.0107909,0.0108031,0.0108154,0.0108278,0.0108402,0.0108527,0.0108653,0.0108781,0.0108909,0.0109037,0.0109167
579,0.0118883,0.0119002,0.0119122,0.0119243,0.0119365,0.0119488,0.0119612,0.0119736,0.0119862,0.0119988,0.0120115
580,0.0129857,0.012998,0.0130103,0.0130228,0.0130353,0.013048,0.0130607,0.0130735,0.0130865,0.0130995,0.0131127
581,0.0245043,0.0245315,0.0245589,0.0245866,0.0246146,0.0246428,0.0246712,0.0246999,0.0247289,0.0247582,0.0247877
582,0.0140831,0.0140953,0.0141077,0.0141201,0.0141326,0.0141453,0.014158,0.0141709,0.0141838,0.0141969,0.01421
583,0.017153,0.0171889,0.0172251,0.0172615,0.0172982,0.0173352,0.0173725,0.0174101,0.017448,0.0174862,0.0175247
584,0.0107909,0.0108031,0.0108154,0.0108278,0.0108402,0.0108527,0.0108654,0.0108781,0.0108909,0.0109037,0.0109167
585,0.0118883,0.0119002,0.0119122,0.0119243,0.0119365,0.0119488,0.0119612,0.0119736,0.0119862,0.0119988,0.0120115
586,0.0129857,0.012998,0.0130103,0.0130228,0.0130353,0.013048,0.0130607,0.0130735,0.0130865,0.0130995,0.0131127
587,0.0245043,0.0245315,0.0245589,0.0245866,0.0246146,0.0246428,0.0246712,0.0246999,0.0247289,0.0247582,0.0247877
588,0.0140831,0.0140953,0.0141077,0.0141201,0.0141326,0.0141453,0.014158,0.0141709,0.0141838,0.0141969,0.01421
589,0.017153,0.0171889,0.0172251,0.0172615,0.0172982,0.0173352,0.0173725,0.0174101,0.017448,0.0174862,0.0175247
590,0.0107909,0.0108031,0.0108154,0.0108278,0.0108402,0.0108527,0.0108654,0.0108781,0.0108909,0.0109037,0.0109167
591,0.0118883,0.0119002,0.0119122,0.0119243,0.0119365,0.0119488,0.0119612,0.0119736,0.0119862,0.0119988,0.0120115
592,0.0129857,0.012998,0.0130103,0.0130228,0.0130353,0.013048,0.0130607,0.0130735,0.0130865,0.0130995,0.0131127
593,0.0245043,0.0245315,0.0245589,0.0245866,0.0246146,0.0246428,0.0246712,0.0246999,0.0247289,0.0247582,0.0247877
594,0.0140831,0.0140953,0.0141077,0.0141201,0.0141326,0.0141453,0.014158,0.0141709,0.0141838,0.0141969,0.01421
595,0.017153,0.0171889,0.0172251,0.0172615,0.0172982,0.0173352,0.0173725,0.0174101,0.017448,0.0174862,0.0175247
596,0.0107909,0.0108031,0.0108154,0.0108278,0.0108402,0.0108527,0.0108654,0.0108781,0.0108909,0.0109037,0.0109167
597,0.0118883,0.0119002,0.0119122,0.0119243,0.0119365,0.0119488,0.0119612,0.0119736,0.0119862,0.0119988,0.0120115
598,0.0129857,0.012998,0.0130103,0.0130228,0.0130353,0.013048,0.0130607,0.0130735,0.0130865,0.0130995,0.0131127
599,0.0245043,0.0245315,0.0245589,0.0245866,0.0246146,0.0246428,0.0246712,0.0246999,0.0247289,0.0247582,0.0247877
600,0.0140831,0.0140953,0.0141077,0.0141201,0.0141326,0.0141453,0.014158,0.0141709,0.0141838,0.0141969,0.01421
601,0.017153,0.0171889,0.0172251,0.0172615,0.0172982,0.0173352,0.0173725,0.0174101,0.017448,0.0174862,0.0175247
602,0.0107909,0.0108031,0.0108154,0.0108278,0.0108402,0.0108527,0.0108653,0.0108781,0.0108909,0.0109037,0.0109167
603,0.0118883,0.0119002,0.0119122,0.0119243,0.0119365,0.0119488,0.0119612,0.0119736,0.0119862,0.0119988,0.0120115
604,0.0129857,0.012998,0.0130103,0.0130228,0.0130353,0.013048,0.0130607,0.0130735,0.0130865,0.0130995,0.0131127
605,0.0245043,0.0245315,0.0245589,0.0245866,0.0246146,0.0246428,0.0246712,0.0246999,0.0247289,0.0247582,0.0247877
606,0.0140831,0.0140953,0.0141077,0.0141201,0.0141326,0.0141453,0.014158,0.0141709,0.0141838,0.0141969,0.01421
607,0.017153,0.0171889,0.0172251,0.0172615,0.0172982,0.0173352,0.0173725,0.0174101,0.017448,0.0174862,0.0175247
608,0.0107909,0.0108031,0.0108154,0.0108278,0.0108402,0.0108527,0.0108653,0.0108781,0.0108909,0.0109037,0.0109167
609,0.0118883,0.0119002,0.0119122,0.0119243,0.0119365,0.0119488,0.0119612,0.0119736,0.0119862,0.0119988,0.0120115
610,0.0129857,0.012998,0.0130103,0.0130228,0.0130353,0.013048,0.0130607,0.0130735,0.0130865,0.0130995,0.0131127
611,0.0245043,0.0245315,0.0245589,0.0245866,0.0246146,0.0246428,0.0246712,0.0246999,0.0247289,0.0247582,0.0247877
612,0.0140831,0.0140953,0.0141077,0.0141201,0.0141326,0.0141453,0.014158,0.0141709,0.0141838,0.0141969,0.01421
613,0.017153,0.0171889,0.0172251,0.0172615,0.0172982,0.0173352,0.0173725,0.0174101,0.017448,0.0174862,0.0175247
614,0.0107909,0.0108031,0.0108154,0.0108278,0.0108402,0.0108527,0.0108654,0.0108781,0.0108909,0.0109037,0.0109167
615,0.0118883,0.0119002,0.0119122,0.0119243,0.0119365,0.0119488,0.0119612,0.0119736,0.0119862,0.0119988,0.0120115
616,0.0129857,0.012998,0.0130103,0.0130228,0.0130353,0.013048,0.0130607,0.0130735,0.0130865,0.0130995,0.0131127
617,0.0245043,0.0245315,0.0245589,0.0245866,0.0246146,0.0246428,0.0246712,0.0246999,0.0247289,0.0247582,0.0247877
618,0.0140831,0.0140953,0.0141077,0.0141201,0.0141326,0.0141453,0.014158,0.0141709,0.0141838,0.0141969,0.01421
619,0.017153,0.0171889,0.0172251,0.0172615,0.0172982,0.0173352,0.0173725,0.0174101,0.017448,0.0174862,0.0175247
620,0.0107909,0.0108031,0.0108154,0.0108278,0.0108402,0.0108527,0.0108654,0.0108781,0.0108909,0.0109037,0.0109167
621,0.0118883,0.0119002,0.0119122,0.0119243,0.0119365,0.0119488,0.0119612,0.0119736,0.0119862,0.0119988,0.0120115
622,0.0129857,0.012998,0.0130103,0.0130228,0.0130353,0.013048,0.0130607,0.0130735,0.0130865,0.0130995,0.0131127
623,0.0245043,0.0245315,0.0245589,0.0245866,0.0246146,0.0246428,0.0246712,0.0246999,0.0247289,0.0247582,0.0247877
624,0.0140831,0.0140953,0.0141077,0.0141201,0.0141326,0.0141453,0.014158,0.0141709,0.0141838,0.0141969,0.01421
625,0.017153,0.0171909,0.0172291,0.0172676,0.0173064,0.0173455,0.0173849,0.0174246,0.0174646,0.0175049,0.0175455
626,0.0245043,0.0245321,0.0245602,0.0245885,0.024617,0.0246459,0.0246749,0.0247043,0.0247339,0.0247638,0.024794
627,0.017153,0.0171909,0.0172292,0.0172677,0.0173064,0.0173455,0.0173849,0.0174246,0.0174646,0.0175049,0.0175455
628,0.0245043,0.0245321,0.0245602,0.0245885,0.024617,0.0246459,0.0246749,0.0247043,0.0247339,0.0247638,0.024794
629,0.017153,0.0171909,0.0172292,0.0172676,0.0173064,0.0173455,0.0173849,0.0174246,0.0174646,0.0175049,0.0175455
630,0.0245043,0.0245321,0.0245602,0.0245885,0.024617,0.0246459,0.0246749,0.0247043,0.0247339,0.0247638,0.024794
631,0.017153,0.0171909,0.0172292,0.0172676,0.0173064,0.0173455,0.0173849,0.0174246,0.0174646,0.0175049,0.0175455
632,0.0245043,0.0245321,0.0245602,0.0245885,0.024617,0.0246459,0.0246749,0.0247043,0.0247339,0.0247638,0.024794
633,0.017153,0.0171909,0.0172291,0.0172676,0.0173064,0.0173455,0.0173849,0.0174246,0.0174646,0.0175049,0.0175455
634,0.0245043,0.0245321,0.0245602,0.0245885,0.024617,0.0246459,0.0246749,0.0247043,0.0247339,0.0247638,0.024794
635,0.017153,0.0171909,0.0172292,0.0172677,0.0173064,0.0173455,0.0173849,0.0174246,0.0174646,0.0175049,0.0175455
636,0.0245043,0.0245321,0.0245602,0.0245885,0.024617,0.0246459,0.0246749,0.0247043,0.0247339,0.0247638,0.024794
637,0.017153,0.0171909,0.0172291,0.0172676,0.0173064,0.0173455,0.0173849,0.0174246,0.0174646,0.0175049,0.0175455
638,0.0245043,0.0245321,0.0245602,0.0245885,0.024617,0.0246459,0.0246749,0.0247043,0.0247339,0.0247638,0.024794
639,0.017153,0.0171909,0.0172292,0.0172676,0.0173064,0.0173455,0.0173849,0.0174246,0.0174646,0.0175049,0.0175455
640,0.0245043,0.0245321,0.0245602,0.0245885,0.024617,0.0246459,0.0246749,0.0247043,0.0247339,0.0247638,0.024794
641,0.017153,0.017192,0.0172313,0.0172708,0.0173107,0.0173508,0.0173913,0.0174321,0.0174731,0.0175145,0.0175562
642,0.0245043,0.0245323,0.0245607,0.0245892,0.024618,0.0246471,0.0246765,0.0247061,0.024736,0.0247662,0.0247967
643,0.017153,0.017192,0.0172313,0.0172708,0.0173107,0.0173508,0.0173913,0.0174321,0.0174731,0.0175145,0.0175562
644,0.0245043,0.0245323,0.0245607,0.0245892,0.024618,0.0246471,0.0246765,0.0247061,0.024736,0.0247662,0.0247967
645,0.017153,0.017192,0.0172313,0.0172708,0.0173107,0.0173508,0.0173913,0.0174321,0.0174731,0.0175145,0.0175562
646,0.0245043,0.0245323,0.0245607,0.0245892,0.024618,0.0246471,0.0246765,0.0247061,0.024736,0.0247662,0.0247967
647,0.017153,0.017192,0.0172313,0.0172708,0.0173107,0.0173508,0.0173913,0.0174321,0.0174731,0.0175145,0.0175562
648,0.0245043,0.0245323,0.0245607,0.0245892,0.024618,0.0246471,0.0246765,0.0247061,0.024736,0.0247662,0.0247967
649,0.017153,0.017192,0.0172313,0.0172708,0.0173107,0.0173508,0.0173913,0.0174321,0.0174731,0.0175145,0.0175562
650,0.0245043,0.0245323,0.0245607,0.0245892,0.024618,0.0246471,0.0246765,0.0247061,0.024736,0.0247662,0.0247967
651,0.017153,0.017192,0.0172313,0.0172708,0.0173107,0.0173508,0.0173913,0.0174321,0.0174731,0.0175145,0.0175562
652,0.0245043,0.0245323,0.0245607,0.0245892,0.024618,0.0246471,0.0246765,0.0247061,0.024736,0.0247662,0.0247967
653,0.017153,0.017192,0.0172313,0.0172708,0.0173107,0.0173508,0.0173913,0.0174321,0.0174731,0.0175145,0.0175562
654,0.0245043,0.0245323,0.0245606,0.0245892,0.024618,0.0246471,0.0246765,0.0247061,0.024736,0.0247662,0.0247967
655,0.017153,0.017192,0.0172313,0.0172708,0.0173107,0.0173508,0.0173913,0.0174321,0.0174731,0.0175145,0.0175562
656,0.0245043,0.0245323,0.0245607,0.0245892,0.024618,0.0246471,0.0246765,0.0247061,0.024736,0.0247662,0.0247967
657,0.017153,0.0171924,0.0172322,0.0172722,0.0173125,0.0173531,0.0173941,0.0174353,0.0174768,0.0175187,0.0175609
658,0.0245043,0.0245324,0.0245608,0.0245894,0.0246183,0.0246474,0.0246769,0.0247066,0.0247365,0.0247668,0.0247974
659,0.017153,0.0171924,0.0172322,0.0172722,0.0173125,0.0173531,0.0173941,0.0174353,0.0174768,0.0175187,0.0175609
660,0.0245043,0.0245324,0.0245608,0.0245894,0.0246183,0.0246474,0.0246769,0.0247066,0.0247365,0.0247668,0.0247974
661,0.017153,0.0171924,0.0172322,0.0172722,0.0173125,0.0173531,0.0173941,0.0174353,0.0174768,0.0175187,0.0175609
662,0.0245043,0.0245324,0.0245608,0.0245894,0.0246183,0.0246474,0.0246769,0.0247066,0.0247365,0.0247668,0.0247974
663,0.017153,0.0171924,0.0172322,0.0172722,0.0173125,0.0173531,0.0173941,0.0174353,0.0174768,0.0175187,0.0175609
664,0.0245043,0.0245324,0.0245608,0.0245894,0.0246183,0.0246474,0.0246769,0.0247066,0.0247366,0.0247668,0.0247974
665,0.017153,0.0171924,0.0172322,0.0172722,0.0173125,0.0173531,0.0173941,0.0174353,0.0174768,0.0175187,0.0175609
666,0.0245043,0.0245324,0.0245608,0.0245894,0.0246183,0.0246474,0.0246769,0.0247066,0.0247366,0.0247668,0.0247974
667,0.017153,0.0171924,0.0172322,0.0172722,0.0173125,0.0173531,0.0173941,0.0174353,0.0174768,0.0175187,0.0175609
668,0.0245043,0.0245324,0.0245608,0.0245894,0.0246183,0.0246474,0.0246769,0.0247066,0.0247365,0.0247668,0.0247974
669,0.017153,0.0171924,0.0172322,0.0172722,0.0173125,0.0173531,0.0173941,0.0174353,0.0174768,0.0175187,0.0175609
670,0.0245043,0.0245324,0.0245608,0.0245894,0.0246183,0.0246474,0.0246769,0.0247066,0.0247365,0.0247668,0.0247974
671,0.017153,0.0171924,0.0172322,0.0172722,0.0173125,0.0173531,0.0173941,0.0174353,0.0174768,0.0175187,0.0175609
672,0.0245043,0.0245324,0.0245608,0.0245894,0.0246183,0.0246474,0.0246769,0.0247066,0.0247366,0.0247668,0.0247974
673,0.017153,0.0171924,0.0172322,0.0172722,0.0173125,0.0173531,0.0173941,0.0174353,0.0174768,0.0175187,0.0175609
674,0.0245043,0.0245324,0.0245608,0.0245894,0.0246183,0.0246474,0.0246769,0.0247066,0.0247366,0.0247668,0.0247974
675,0.017153,0.0171924,0.0172322,0.0172722,0.0173125,0.0173531,0.0173941,0.0174353,0.0174768,0.0175187,0.0175609
676,0.0245043,0.0245324,0.0245608,0.0245894,0.0246183,0.0246474,0.0246769,0.0247066,0.0247366,0.0247668,0.0247974
677,0.017153,0.0171924,0.0172322,0.0172722,0.0173125,0.0173531,0.0173941,0.0174353,0.0174768,0.0175187,0.0175609
678,0.0245043,0.0245324,0.0245608,0.0245894,0.0246183,0.0246474,0.0246769,0.0247066,0.0247366,0.0247668,0.0247974
679,0.017153,0.0171924,0.0172322,0.0172722,0.0173125,0.0173531,0.0173941,0.0174353,0.0174768,0.0175187,0.0175609
680,0.0245043,0.0245324,0.0245608,0.0245894,0.0246183,0.0246474,0.0246769,0.0247066,0.0247366,0.0247668,0.0247974
681,0.017153,0.0171924,0.0172322,0.0172722,0.0173125,0.0173531,0.0173941,0.0174353,0.0174768,0.0175187,0.0175609
682,0.0245043,0.0245324,0.0245608,0.0245894,0.0246183,0.0246474,0.0246769,0.0247066,0.0247366,0.0247668,0.0247974
683,0.017153,0.0171924,0.0172322,0.0172722,0.0173125,0.0173531,0.0173941,0.0174353,0.0174768,0.0175187,0.0175609
684,0.0245043,0.0245324,0.0245608,0.0245894,0.0246183,0.0246474,0.0246769,0.0247066,0.0247366,0.0247668,0.0247974
685,0.017153,0.0171924,0.0172322,0.0172722,0.0173125,0.0173531,0.0173941,0.0174353,0.0174768,0.0175187,0.0175609
686,0.0245043,0.0245324,0.0245608,0.0245894,0.0246183,0.0246474,0.0246769,0.0247066,0.0247366,0.0247668,0.0247974
687,0.017153,0.0171924,0.0172322,0.0172722,0.0173125,0.0173531,0.0173941,0.0174353,0.0174768,0.0175187,0.0175609
688,0.0245043,0.0245324,0.0245608,0.0245894,0.0246183,0.0246474,0.0246769,0.0247066,0.0247366,0.0247668,0.0247974
689,0.017153,0.017192,0.0172313,0.0172708,0.0173107,0.0173508,0.0173913,0.0174321,0.0174731,0.0175145,0.0175562
690,0.0245043,0.0245323,0.0245606,0.0245892,0.024618,0.0246471,0.0246765,0.0247061,0.024736,0.0247662,0.0247967
691,0.017153,0.017192,0.0172313,0.0172708,0.0173107,0.0173508,0.0173913,0.0174321,0.0174731,0.0175145,0.0175562
692,0.0245043,0.0245323,0.0245606,0.0245892,0.024618,0.0246471,0.0246765,0.0247061,0.024736,0.0247662,0.0247967
693,0.017153,0.017192,0.0172313,0.0172708,0.0173107,0.0173508,0.0173913,0.0174321,0.0174731,0.0175145,0.0175562
694,0.0245043,0.0245323,0.0245606,0.0245892,0.024618,0.0246471,0.0246765,0.0247061,0.024736,0.0247662,0.0247967
695,0.017153,0.017192,0.0172313,0.0172708,0.0173107,0.0173508,0.0173913,0.0174321,0.0174731,0.0175145,0.0175562
696,0.0245043,0.0245323,0.0245606,0.0245892,0.024618,0.0246471,0.0246765,0.0247061,0.024736,0.0247662,0.0247967
697,0.017153,0.017192,0.0172313,0.0172708,0.0173107,0.0173508,0.0173913,0.0174321,0.0174731,0.0175145,0.0175562
698,0.0245043,0.0245323,0.0245606,0.0245892,0.024618,0.0246471,0.0246765,0.0247061,0.024736,0.0247662,0.0247967
699,0.017153,0.017192,0.0172313,0.0172708,0.0173107,0.0173508,0.0173913,0.0174321,0.0174731,0.0175145,0.0175562
700,0.0245043,0.0245323,0.0245606,0.0245892,0.024618,0.0246471,0.0246765,0.0247061,0.024736,0.0247662,0.0247967
701,0.017153,0.017192,0.0172313,0.0172708,0.0173107,0.0173508,0.0173913,0.0174321,0.0174731,0.0175145,0.0175562
702,0.0245043,0.0245323,0.0245606,0.0245892,0.024618,0.0246471,0.0246765,0.0247061,0.024736,0.0247662,0.0247967
703,0.017153,0.017192,0.0172313,0.0172708,0.0173107,0.0173508,0.0173913,0.0174321,0.0174731,0.0175145,0.0175562
704,0.0245043,0.0245324,0.0245606,0.0245892,0.024618,0.0246471,0.0246765,0.0247061,0.024736,0.0247662,0.0247967
705,0.017153,0.0171909,0.0172291,0.0172676,0.0173064,0.0173455,0.0173849,0.0174246,0.0174646,0.0175049,0.0175455
706,0.0245043,0.0245321,0.0245602,0.0245885,0.024617,0.0246458,0.024675,0.0247043,0.0247339,0.0247638,0.024794
707,0.017153,0.0171909,0.0172291,0.0172677,0.0173064,0.0173455,0.0173849,0.0174246,0.0174646,0.0175049,0.0175455
708,0.0245043,0.0245321,0.0245602,0.0245885,0.024617,0.0246458,0.024675,0.0247043,0.0247339,0.0247638,0.024794
709,0.017153,0.0171909,0.0172291,0.0172676,0.0173064,0.0173455,0.0173849,0.0174246,0.0174646,0.0175049,0.0175455
710,0.0245043,0.0245321,0.0245602,0.0245885,0.024617,0.0246459,0.024675,0.0247043,0.0247339,0.0247638,0.024794
711,0.017153,0.0171909,0.0172291,0.0172676,0.0173064,0.0173455,0.0173849,0.0174246,0.0174646,0.0175049,0.0175455
712,0.0245043,0.0245321,0.0245602,0.0245885,0.024617,0.0246459,0.024675,0.0247043,0.0247339,0.0247638,0.024794
713,0.017153,0.0171909,0.0172291,0.0172676,0.0173064,0.0173455,0.0173849,0.0174246,0.0174646,0.0175049,0.0175455
714,0.0245043,0.0245321,0.0245602,0.0245885,0.024617,0.0246459,0.024675,0.0247043,0.0247339,0.0247638,0.024794
715,0.017153,0.0171909,0.0172292,0.0172677,0.0173064,0.0173455,0.0173849,0.0174246,0.0174646,0.0175049,0.0175455
716,0.0245043,0.0245321,0.0245602,0.0245885,0.024617,0.0246458,0.024675,0.0247043,0.0247339,0.0247638,0.024794
717,0.017153,0.0171909,0.0172291,0.0172676,0.0173064,0.0173455,0.0173849,0.0174246,0.0174646,0.0175049,0.0175455
718,0.0245043,0.0245321,0.0245602,0.0245885,0.024617,0.0246458,0.024675,0.0247043,0.0247339,0.0247638,0.024794
719,0.017153,0.0171909,0.0172291,0.0172676,0.0173064,0.0173455,0.0173849,0.0174246,0.0174646,0.0175049,0.0175455
720,0.0245043,0.0245321,0.0245602,0.0245885,0.024617,0.0246459,0.024675,0.0247043,0.0247339,0.0247638,0.024794
721,0.017153,0.0171889,0.017225,0.0172615,0.0172982,0.0173352,0.0173725,0.0174101,0.017448,0.0174862,0.0175247
722,0.0107909,0.0108031,0.0108154,0.0108278,0.0108402,0.0108527,0.0108653,0.0108781,0.0108909,0.0109037,0.0109167
723,0.0118883,0.0119002,0.0119122,0.0119243,0.0119365,0.0119488,0.0119612,0.0119736,0.0119862,0.0119988,0.0120115
724,0.0129857,0.012998,0.0130103,0.0130228,0.0130353,0.013048,0.0130607,0.0130735,0.0130865,0.0130995,0.0131127
725,0.0245043,0.0245315,0.0245589,0.0245866,0.0246146,0.0246428,0.0246712,0.0246999,0.0247289,0.0247582,0.0247877
726,0.0140831,0.0140953,0.0141077,0.0141201,0.0141326,0.0141453,0.014158,0.0141709,0.0141838,0.0141969,0.01421
727,0.017153,0.0171889,0.0172251,0.0172615,0.0172982,0.0173352,0.0173725,0.0174101,0.017448,0.0174862,0.0175247
728,0.0107909,0.0108031,0.0108154,0.0108278,0.0108402,0.0108527,0.0108654,0.0108781,0.0108909,0.0109037,0.0109167
729,0.0118883,0.0119002,0.0119122,0.0119243,0.0119365,0.0119488,0.0119612,0.0119736,0.0119862,0.0119988,0.0120115
730,0.0129857,0.012998,0.0130103,0.0130228,0.0130353,0.013048,0.0130607,0.0130735,0.0130865,0.0130995,0.0131127
731,0.0245043,0.0245315,0.0245589,0.0245866,0.0246146,0.0246428,0.0246712,0.0246999,0.0247289,0.0247582,0.0247877
732,0.0140831,0.0140953,0.0141077,0.0141201,0.0141326,0.0141453,0.014158,0.0141709,0.0141838,0.0141969,0.01421
733,0.017153,0.0171889,0.017225,0.0172615,0.0172982,0.0173352,0.0173725,0.0174101,0.017448,0.0174862,0.0175247
734,0.0107909,0.0108031,0.0108154,0.0108278,0.0108402,0.0108527,0.0108654,0.0108781,0.0108909,0.0109037,0.0109167
735,0.0118883,0.0119002,0.0119122,0.0119243,0.0119365,0.0119488,0.0119612,0.0119736,0.0119862,0.0119988,0.0120115
736,0.0129857,0.012998,0.0130103,0.0130228,0.0130353,0.013048,0.0130607,0.0130735,0.0130865,0.0130995,0.0131127
737,0.0245043,0.0245315,0.0245589,0.0245866,0.0246146,0.0246428,0.0246712,0.0246999,0.0247289,0.0247582,0.0247877
738,0.0140831,0.0140953,0.0141077,0.0141201,0.0141326,0.0141453,0.014158,0.0141709,0.0141838,0.0141969,0.01421
739,0.017153,0.0171889,0.017225,0.0172615,0.0172982,0.0173352,0.0173725,0.0174101,0.017448,0.0174862,0.0175247
740,0.0107909,0.0108031,0.0108154,0.0108278,0.0108402,0.0108527,0.0108654,0.0108781,0.0108909,0.0109037,0.0109167
741,0.0118883,0.0119002,0.0119122,0.0119243,0.0119365,0.0119488,0.0119612,0.0119736,0.0119862,0.0119988,0.0120115
742,0.0129857,0.012998,0.0130103,0.0130228,0.0130353,0.013048,0.0130607,0.0130735,0.0130865,0.0130995,0.0131127
743,0.0245043,0.0245315,0.0245589,0.0245866,0.0246146,0.0246428,0.0246712,0.0246999,0.0247289,0.0247582,0.0247877
744,0.0140831,0.0140953,0.0141077,0.0141201,0.0141326,0.0141453,0.014158,0.0141709,0.0141838,0.0141969,0.01421
745,0.017153,0.0171889,0.017225,0.0172615,0.0172982,0.0173352,0.0173725,0.0174101,0.017448,0.0174862,0.0175247
746,0.0107909,0.0108031,0.0108154,0.0108278,0.0108402,0.0108527,0.0108653,0.0108781,0.0108909,0.0109037,0.0109167
747,0.0118883,0.0119002,0.0119122,0.0119243,0.0119365,0.0119488,0.0119612,0.0119736,0.0119862,0.0119988,0.0120115
748,0.0129857,0.012998,0.0130103,0.0130228,0.0130353,0.013048,0.0130607,0.0130735,0.0130865,0.0130995,0.0131127
749,0.0245043,0.0245315,0.0245589,0.0245866,0.0246146,0.0246428,0.0246712,0.0246999,0.0247289,0.0247582,0.0247877
750,0.0140831,0.0140953,0.0141077,0.0141201,0.0141326,0.0141453,0.014158,0.0141709,0.0141838,0.0141969,0.01421
751,0.017153,0.0171889,0.0172251,0.0172615,0.0172982,0.0173352,0.0173725,0.0174101,0.017448,0.0174862,0.0175247
752,0.0107909,0.0108031,0.0108154,0.0108278,0.0108402,0.0108527,0.0108654,0.0108781,0.0108909,0.0109037,0.0109167
753,0.0118883,0.0119002,0.0119122,0.0119243,0.0119365,0.0119488,0.0119612,0.0119736,0.0119862,0.0119988,0.0120115
754,0.0129857,0.012998,0.0130103,0.0130228,0.0130353,0.013048,0.0130607,0.0130735,0.0130865,0.0130995,0.0131127
755,0.0245043,0.0245315,0.0245589,0.0245866,0.0246146,0.0246428,0.0246712,0.0246999,0.0247289,0.0247582,0.0247877
756,0.0140831,0.0140953,0.0141077,0.0141201,0.0141326,0.0141453,0.014158,0.0141709,0.0141838,0.0141969,0.01421
757,0.017153,0.0171889,0.017225,0.0172615,0.0172982,0.0173352,0.0173725,0.0174101,0.017448,0.0174862,0.0175247
758,0.0107909,0.0108031,0.0108154,0.0108278,0.0108402,0.0108527,0.0108654,0.0108781,0.0108909,0.0109037,0.0109167
759,0.0118883,0.0119002,0.0119122,0.0119243,0.0119365,0.0119488,0.0119612,0.0119736,0.0119862,0.0119988,0.0120115
760,0.0129857,0.012998,0.0130103,0.0130228,0.0130353,0.013048,0.0130607,0.0130735,0.0130865,0.0130995,0.0131127
761,0.0245043,0.0245315,0.0245589,0.0245866,0.0246146,0.0246428,0.0246712,0.0246999,0.0247289,0.0247582,0.0247877
762,0.0140831,0.0140953,0.0141077,0.0141201,0.0141326,0.0141453,0.014158,0.0141709,0.0141838,0.0141969,0.01421
763,0.017153,0.0171889,0.0172251,0.0172615,0.0172982,0.0173352,0.0173725,0.0174101,0.017448,0.0174862,0.0175247
764,0.0107909,0.0108031,0.0108154,0.0108278,0.0108402,0.0108527,0.0108654,0.0108781,0.0108909,0.0109037,0.0109167
765,0.0118883,0.0119002,0.0119122,0.0119243,0.0119365,0.0119488,0.0119612,0.0119736,0.0119862,0.0119988,0.0120115
766,0.0129857,0.012998,0.0130103,0.0130228,0.0130353,0.013048,0.0130607,0.0130735,0.0130865,0.0130995,0.0131127
767,0.0245043,0.0245315,0.0245589,0.0245866,0.0246146,0.0246428,0.0246712,0.0246999,0.0247289,0.0247582,0.0247877
768,0.0140831,0.0140953,0.0141077,0.0141201,0.0141326,0.0141453,0.014158,0.0141709,0.0141838,0.0141969,0.01421
