1,-0.179266557097435,-0.10705963522195816,0.4181966781616211
2,-0.21338176727294922,-0.15198981761932373,0.3332884907722473
3,-0.23701462149620056,-0.1952323615550995,0.25021275877952576
4,-0.2502294182777405,-0.23684842884540558,0.16891907155513763
5,-0.2530316114425659,-0.27684250473976135,0.08940055221319199
6,-0.2454267144203186,-0.31521841883659363,0.011655466631054878
7,-0.227414071559906,-0.35197713971138,-0.06431635469198227
8,-0.19898657500743866,-0.38711872696876526,-0.13851551711559296
9,-0.16013620793819427,-0.42064622044563293,-0.210946187376976
10,-0.11079864203929901,-0.4526154696941376,-0.2816517651081085
11,-0.12437288463115692,-0.08378012478351593,0.33363988995552063
12,-0.15761440992355347,-0.11694235354661942,0.2679056227207184
13,-0.18038642406463623,-0.14842724800109863,0.20398446917533875
14,-0.19274461269378662,-0.17828993499279022,0.14184492826461792
15,-0.19469353556632996,-0.20653320848941803,0.08148078620433807
16,-0.1862371563911438,-0.23315995931625366,0.0228902455419302
17,-0.16737475991249084,-0.2581711709499359,-0.03392697870731354
18,-0.138100728392601,-0.28156787157058716,-0.08897159993648529
19,-0.09840848296880722,-0.3033551275730133,-0.14224733412265778
20,-0.04824075475335121,-0.3235708177089691,-0.19378037750720978
21,-0.06871860474348068,-0.05824100226163864,0.25107359886169434
22,-0.10109376907348633,-0.0796528309583664,0.20449389517307281
23,-0.12301108986139297,-0.09939661622047424,0.15971699357032776
24,-0.13451486825942993,-0.11751954257488251,0.11672081798315048
25,-0.1356111615896225,-0.13402515649795532,0.07550010830163956
26,-0.12630346417427063,-0.14891588687896729,0.03605322912335396
27,-0.10659100115299225,-0.16219280660152435,-0.0016202472615987062
28,-0.07646846771240234,-0.1738574057817459,-0.0375208780169487
29,-0.03592768311500549,-0.18391385674476624,-0.07165136188268661
30,0.015078719705343246,-0.19239383935928345,-0.1040283739566803
31,-0.012379763647913933,-0.030514750629663467,0.1704474240541458
32,-0.043884918093681335,-0.04017563536763191,0.14302180707454681
33,-0.06494586169719696,-0.04817928373813629,0.11738824844360352
34,-0.075594961643219,-0.054564911872148514,0.09353310614824295
35,-0.07583856582641602,-0.05933544039726257,0.07145283371210098
36,-0.06567975878715515,-0.06249305605888367,0.05114629492163658
37,-0.04511767253279686,-0.06403864175081253,0.0326133593916893
38,-0.014147400856018066,-0.06397358328104019,0.015853995457291603
39,0.027239758521318436,-0.062300462275743484,0.0008672936237417161
40,0.07907996326684952,-0.05904816463589668,-0.012355275452136993
41,0.0446469709277153,-0.0005968217737972736,0.09175436198711395
42,0.014013263396918774,0.0014921496622264385,0.08348306268453598
43,-0.006190415471792221,0.005227560177445412,0.07699297368526459
44,-0.015984278172254562,0.010577954351902008,0.07227826118469238
45,-0.01537502184510231,0.01754092425107956,0.06933736056089401
46,-0.004365305881947279,0.02611473947763443,0.06816991418600082
47,0.0170457661151886,0.036298759281635284,0.06877623498439789
48,0.048862747848033905,0.0480920672416687,0.07115709036588669
49,0.09109486639499664,0.061493970453739166,0.07531363517045975
50,0.14376680552959442,0.07647735625505447,0.08124507963657379
51,0.10236154496669769,0.03151432052254677,0.014992787502706051
52,0.07260061800479889,0.04535269737243652,0.025875959545373917
53,0.053255099803209305,0.0608266219496727,0.03852954879403114
54,0.04431706666946411,0.07791238278150558,0.05295521020889282
55,0.04577937349677086,0.09660803526639938,0.06915340572595596
56,0.05763976648449898,0.11691232770681381,0.08712459355592728
57,0.07989920675754547,0.13882490992546082,0.106869637966156
58,0.11256182938814163,0.16234545409679413,0.1283901482820511
59,0.15563757717609406,0.18747542798519135,0.15168949961662292
60,0.20913948118686676,0.21418923139572144,0.17677457630634308
61,0.1607649177312851,0.06582241505384445,-0.059837423264980316
62,0.13187812268733978,0.09140993654727936,-0.029799731448292732
63,0.11339186131954193,0.11862226575613022,0.00199765432626009
64,0.10531026124954224,0.14744307100772858,0.035563886165618896
65,0.1076257973909378,0.17787091434001923,0.07090137898921967
66,0.12033668160438538,0.2099050134420395,0.10801129043102264
67,0.14344385266304016,0.24354536831378937,0.1468949317932129
68,0.17695112526416779,0.278792142868042,0.18755477666854858
69,0.22086890041828156,0.3156489133834839,0.22999632358551025
70,0.27519893646240234,0.3540920615196228,0.27423450350761414
71,0.21985691785812378,0.1023329645395279,-0.13273672759532928
72,0.1918460577726364,0.13966895639896393,-0.0835445448756218
73,0.17422020435333252,0.17861957848072052,-0.03260313719511032
74,0.16699552536010742,0.2191753089427948,0.020104430615901947
75,0.17016437649726868,0.2613351345062256,0.07458216696977615
76,0.18372564017772675,0.3050987124443054,0.1308317631483078
77,0.20768016576766968,0.3504662811756134,0.18885473906993866
78,0.2420312464237213,0.3974382281303406,0.2486540973186493
79,0.2867894172668457,0.44601988792419434,0.3102371096611023
80,0.3419451415538788,0.49619048833847046,0.37362760305404663
81,0.2796421945095062,0.14105266332626343,-0.20370899140834808
82,0.2525079846382141,0.1901349127292633,-0.13536201417446136
83,0.23574213683605194,0.24082468450069427,-0.06527522206306458
84,0.22937461733818054,0.2931162714958191,0.006576193496584892
85,0.23339685797691345,0.3470090925693512,0.08019722998142242
86,0.247808575630188,0.40250319242477417,0.15558965504169464
87,0.2726105749607086,0.4595988094806671,0.23275482654571533
88,0.3078051209449768,0.5182960033416748,0.3116956651210785
89,0.353403776884079,0.5786021947860718,0.39242056012153625
90,0.4093833565711975,0.6405007243156433,0.4749632179737091
91,0.3400695323944092,0.18196800351142883,-0.2727966010570526
92,0.31380608677864075,0.2427988052368164,-0.18527726829051971
93,0.2979014813899994,0.3052310049533844,-0.09603438526391983
94,0.2923910617828369,0.3692588806152344,-0.00502847321331501
95,0.2972666323184967,0.43488451838493347,0.0877465233206749
96,0.312529593706131,0.5021093487739563,0.18229255080223083
97,0.3381807208061218,0.5709332823753357,0.2786107361316681
98,0.37422046065330505,0.6413550972938538,0.376703679561615
99,0.42066067457199097,0.713381290435791,0.47658053040504456
100,0.47747454047203064,0.7870160937309265,0.5782964825630188
101,-0.37041521072387695,-0.2723971903324127,0.41371816396713257
102,-0.40461981296539307,-0.29844599962234497,0.3294431269168854
103,-0.4282260537147522,-0.32272636890411377,0.2470274120569229
104,-0.441343754529953,-0.34534943103790283,0.16641148924827576
105,-0.44398337602615356,-0.3663243055343628,0.0875777080655098
106,-0.43615585565567017,-0.3856580853462219,0.010522965341806412
107,-0.41785961389541626,-0.4033525884151459,-0.06475280225276947
108,-0.38908058404922485,-0.41940897703170776,-0.138250470161438
109,-0.3498048186302185,-0.43384629487991333,-0.2099827229976654
110,-0.29992344975471497,-0.44674253463745117,-0.2800002098083496
111,-0.2714264392852783,-0.2299456000328064,0.32965654134750366
112,-0.30471545457839966,-0.24414518475532532,0.2646294832229614
113,-0.3274364769458771,-0.2565971612930298,0.20144091546535492
114,-0.3396797478199005,-0.26739978790283203,0.14004948735237122
115,-0.3414566218852997,-0.27656182646751404,0.08044081926345825
116,-0.33277425169944763,-0.2840880751609802,0.0226115919649601
117,-0.3136310279369354,-0.28998029232025146,-0.03343866765499115
118,-0.2840164005756378,-0.2942417860031128,-0.08771120011806488
119,-0.24391569197177887,-0.29688966274261475,-0.14021584391593933
120,-0.1932382732629776,-0.2979898452758789,-0.1909869760274887
121,-0.17159436643123627,-0.18516099452972412,0.2476128339767456
122,-0.2039785385131836,-0.18753919005393982,0.20181284844875336
123,-0.2258252203464508,-0.18819132447242737,0.157836452126503
124,-0.23719912767410278,-0.187197744846344,0.11565380543470383
125,-0.2381143867969513,-0.18456950783729553,0.07525387406349182
126,-0.22857733070850372,-0.1803109347820282,0.03663358837366104
127,-0.208586186170578,-0.1744239628314972,-0.00020750705152750015
128,-0.17813114821910858,-0.1669124960899353,-0.03527034446597099
129,-0.13719439506530762,-0.1577906757593155,-0.06856149435043335
130,-0.08570946007966995,-0.14711974561214447,-0.10010453313589096
131,-0.07106757909059525,-0.1381688117980957,0.16752739250659943
132,-0.10254466533660889,-0.12873093783855438,0.14095179736614227
133,-0.1235126256942749,-0.11758679151535034,0.11618417501449585
134,-0.1340165138244629,-0.10480430722236633,0.09320537745952606
135,-0.13406988978385925,-0.09039342403411865,0.07200809568166733
136,-0.12367845326662064,-0.0743582546710968,0.05259028449654579
137,-0.10284041613340378,-0.05670056864619255,0.034951940178871155
138,-0.07154633104801178,-0.03742384538054466,0.019093135371804237
139,-0.029778584837913513,-0.016538772732019424,0.005011220462620258
140,0.02251044660806656,0.005896523594856262,-0.0073072416707873344
141,0.030146002769470215,-0.0889713391661644,0.08938252925872803
142,-0.0004224032163619995,-0.06772246956825256,0.08203192800283432
143,-0.0205092616379261,-0.044785622507333755,0.07647299766540527
144,-0.03014160320162773,-0.020218363031744957,0.07269687205553055
145,-0.029332518577575684,0.005970400758087635,0.0707002505660057
146,-0.018087200820446014,0.033777009695768356,0.07048249989748001
147,0.0035962313413619995,0.06320007145404816,0.07204436510801315
148,0.03572680428624153,0.09423717111349106,0.07538744807243347
149,0.07832205295562744,0.12688148021697998,0.08051332831382751
150,0.1314122974872589,0.1610775738954544,0.08741877973079681
151,0.1320449411869049,-0.03756576031446457,0.013175229541957378
152,0.10238765180110931,-0.00450889952480793,0.025049954652786255
153,0.08318404853343964,0.03021789714694023,0.03869998827576637
154,0.0744246169924736,0.06656679511070251,0.05412633717060089
155,0.07609662413597107,0.10452988743782043,0.07132977992296219
156,0.0881953090429306,0.1441040188074112,0.09031110256910324
157,0.110722616314888,0.18528832495212555,0.11107199639081955
158,0.14368723332881927,0.2280818521976471,0.13361570239067078
159,0.18710672855377197,0.27248191833496094,0.15794822573661804
160,0.2409948706626892,0.3184359073638916,0.18407681584358215
161,0.23463059961795807,0.016055986285209656,-0.06109442934393883
162,0.20588788390159607,0.060918714851140976,-0.029994402080774307
163,0.18756984174251556,0.10743331909179688,0.002864798530936241
164,0.179684579372406,0.15556123852729797,0.03749395161867142
165,0.18221977353096008,0.2052956223487854,0.07389765977859497
166,0.19517135620117188,0.2566339075565338,0.11207802593708038
167,0.2185412496328354,0.3095758557319641,0.15203756093978882
168,0.25233763456344604,0.36412179470062256,0.19378094375133514
169,0.2965780198574066,0.42027339339256287,0.23731882870197296
170,0.35125958919525146,0.4779808223247528,0.28266918659210205
171,0.33790239691734314,0.07190476357936859,-0.13342700898647308
172,0.3100791573524475,0.12857049703598022,-0.08310204744338989
173,0.2926482856273651,0.18687057495117188,-0.03103313408792019
174,0.2856377065181732,0.24677518010139465,0.02280014008283615
175,0.28903618454933167,0.30827826261520386,0.07840577512979507
176,0.30284035205841064,0.37137797474861145,0.135786771774292
177,0.32705214619636536,0.43607449531555176,0.1949460357427597
178,0.36167895793914795,0.5023691058158875,0.25588923692703247
179,0.40673747658729553,0.5702676177024841,0.31863129138946533
180,0.4622062146663666,0.639721155166626,0.3832012414932251
181,0.441862016916275,0.1299859583377838,-0.203834667801857
182,0.4149590730667114,0.19845184683799744,-0.13428235054016113
183,0.3984116315841675,0.26853612065315247,-0.06299980729818344
184,0.39227551221847534,0.3402167558670044,0.01004277914762497
185,0.3965369760990143,0.4134877920150757,0.08485625684261322
186,0.41119396686553955,0.48834842443466187,0.16144388914108276
187,0.4362483024597168,0.5647987127304077,0.23980842530727386
188,0.47170591354370117,0.6428400874137878,0.3199557960033417
189,0.5175864100456238,0.7224855422973633,0.4019048810005188
190,0.5738406181335449,0.803682267665863,0.485696017742157
191,0.5463836193084717,0.19026798009872437,-0.272366464138031
192,0.5203979015350342,0.27053117752075195,-0.1835681051015854
193,0.5047382116317749,0.352398157119751,-0.09305747598409653
194,0.4994778633117676,0.4358519911766052,-0.0007903408259153366
195,0.5046020746231079,0.5208877325057983,0.0932469516992569
196,0.5201132297515869,0.6075066924095154,0.1890575885772705
197,0.5460129976272583,0.6957083940505981,0.2866436541080475
198,0.5823025703430176,0.7854906916618347,0.38601022958755493
199,0.6290034055709839,0.8768714070320129,0.487180233001709
200,0.6860505938529968,0.9698103070259094,0.5902142524719238
201,-0.5600249767303467,-0.43667733669281006,0.40899235010147095
202,-0.5941590666770935,-0.44367873668670654,0.3255694508552551
203,-0.617679238319397,-0.44890886545181274,0.24394990503787994
204,-0.6306709051132202,-0.45245981216430664,0.16412769258022308
205,-0.6331387758255005,-0.4543454349040985,0.08608953654766083
206,-0.6250877380371094,-0.4545726180076599,0.009833847172558308
207,-0.6065166592597961,-0.45314621925354004,-0.06463801115751266
208,-0.57741779088974,-0.4500751793384552,-0.1373259723186493
209,-0.5377856492996216,-0.4453926384449005,-0.20824070274829865
210,-0.4875372350215912,-0.4391295313835144,-0.2773852050304413
211,-0.4169811010360718,-0.3749871551990509,0.32564491033554077
212,-0.4501733183860779,-0.37010759115219116,0.26147326827049255
213,-0.4727966785430908,-0.3634811043739319,0.19910943508148193
214,-0.484902560710907,-0.3551829755306244,0.13854160904884338
215,-0.48650020360946655,-0.34522879123687744,0.07975900173187256
216,-0.47759297490119934,-0.3336240351200104,0.022759346291422844
217,-0.4581793546676636,-0.3203730881214142,-0.03245673328638077
218,-0.4282531142234802,-0.3054852783679962,-0.08588987588882446
219,-0.38780346512794495,-0.28898754715919495,-0.13754814863204956
220,-0.33678218722343445,-0.2709326446056366,-0.18744154274463654
221,-0.27305322885513306,-0.3109511435031891,0.24425970017910004
222,-0.30531197786331177,-0.2942126393318176,0.1993437111377716
223,-0.32704079151153564,-0.2757476270198822,0.15623146295547485
224,-0.3382640480995178,-0.25561627745628357,0.11491227149963379
225,-0.3389919102191925,-0.23383617401123047,0.07537815719842911
226,-0.32922816276550293,-0.21041372418403625,0.037627242505550385
227,-0.3089711368083954,-0.18535366654396057,0.001659886445850134
228,-0.2782142162322998,-0.15866529941558838,-0.0325242355465889
229,-0.2369455248117447,-0.13037331402301788,-0.06493054330348969
230,-0.18514449894428253,-0.10053858906030655,-0.09556955844163895
231,-0.12838032841682434,-0.24466797709465027,0.16483069956302643
232,-0.15971264243125916,-0.21608194708824158,0.13916897773742676
233,-0.18054185807704926,-0.18578365445137024,0.11530531942844391
234,-0.1908806413412094,-0.15382719039916992,0.0932314395904541
235,-0.1907380223274231,-0.12022999674081802,0.07294201105833054
236,-0.1801179200410843,-0.08499935269355774,0.05443563312292099
237,-0.15901866555213928,-0.04814036190509796,0.03771277517080307
238,-0.12743335962295532,-0.00966179370880127,0.02277371846139431
239,-0.08535110205411911,0.030414342880249023,0.00961565412580967
240,-0.032763123512268066,0.07202742248773575,-0.001770006027072668
241,0.01699751988053322,-0.1761564016342163,0.08734460175037384
242,-0.01341019943356514,-0.13573163747787476,0.08093825727701187
243,-0.03333672881126404,-0.09360525757074356,0.07632305473089218
244,-0.04278852790594101,-0.04982946813106537,0.0734938308596611
245,-0.04177439212799072,-0.004421986639499664,0.0724477618932724
246,-0.03029841184616089,0.04260936379432678,0.07318425178527832
247,-0.0083589106798172,0.09125939756631851,0.07570403814315796
248,0.024051286280155182,0.14152047038078308,0.08000831305980682
249,0.06694303452968597,0.19337402284145355,0.08609712868928909
250,0.12031899392604828,0.24676227569580078,0.09396515041589737
251,0.1630658507347107,-0.10541801154613495,0.011799901723861694
252,0.13358421623706818,-0.05316062271595001,0.024649377912282944
253,0.11456280201673508,0.0007886122912168503,0.039282843470573425
254,0.10599970817565918,0.05637800693511963,0.05569814145565033
255,0.10788597166538239,0.11358941346406937,0.07389494776725769
256,0.1202172338962555,0.17241457104682922,0.09387342631816864
257,0.1429951786994934,0.23284852504730225,0.11563470959663391
258,0.17622733116149902,0.29488521814346313,0.1391810029745102
259,0.2199249416589737,0.3585098385810852,0.16451546549797058
260,0.27408650517463684,0.42366838455200195,0.1916365623474121
261,0.3098161220550537,-0.03244896978139877,-0.06180185079574585
262,0.28126490116119385,0.03163670003414154,-0.029696861281991005
263,0.26315081119537354,0.0974036380648613,0.004185255616903305
264,0.25547733902931213,0.16480086743831635,0.0398450568318367
265,0.2582358419895172,0.23380982875823975,0.07728450745344162
266,0.2714218199253082,0.30442216992378235,0.1165044829249382
267,0.2950369119644165,0.37663325667381287,0.15750639140605927
268,0.32908889651298523,0.4504387676715851,0.20029348134994507
269,0.37358903884887695,0.5258277654647827,0.24487200379371643
270,0.42853090167045593,0.6027487516403198,0.29124441742897034
271,0.4572368860244751,0.042753495275974274,-0.13346029818058014
272,0.42962297797203064,0.11866404116153717,-0.0821007490158081
273,0.41241639852523804,0.1962433010339737,-0.028969695791602135
274,0.4056319296360016,0.27544236183166504,0.025935156270861626
275,0.40926215052604675,0.3562427759170532,0.08261793851852417
276,0.42330241203308105,0.43863606452941895,0.14107993245124817
277,0.447754442691803,0.5226182341575623,0.20132258534431458
278,0.4826261103153229,0.6081866025924683,0.2633499801158905
279,0.527927577495575,0.6953338384628296,0.3271714746952057
280,0.5836416482925415,0.7840054035186768,0.39279231429100037
281,0.6052993535995483,0.1201760470867157,-0.20318566262722015
282,0.5786287188529968,0.20791201293468475,-0.13256990909576416
283,0.5623241662979126,0.29729750752449036,-0.060186967253685
284,0.5564267039299011,0.38829275965690613,0.013966118916869164
285,0.5609277486801147,0.4808793067932129,0.08989572525024414
286,0.5758225321769714,0.5750489234924316,0.1676032692193985
287,0.6011125445365906,0.6707974076271057,0.2470899373292923
288,0.6368058919906616,0.7681237459182739,0.3283601999282837
289,0.6829143762588501,0.8670275211334229,0.4114272892475128
290,0.7393951416015625,0.9674386978149414,0.4962965250015259
291,0.7538599967956543,0.1997871994972229,-0.2709801495075226
292,0.7281434535980225,0.29933249950408936,-0.1811136156320572
293,0.7127413749694824,0.4005082845687866,-0.08947648853063583
294,0.7077315449714661,0.5032904148101807,0.0039298213087022305
295,0.7131026983261108,0.6076563596725464,0.09911296516656876
296,0.7288528680801392,0.7135968208312988,0.19607339799404144
297,0.7549833655357361,0.8211063146591187,0.29481109976768494
298,0.7914988994598389,0.9301812648773193,0.3953295052051544
299,0.8384137749671936,1.0408267974853516,0.4976448714733124
300,0.8956480622291565,1.1529467105865479,0.6017541289329529
301,-0.7481957077980042,-0.5999182462692261,0.40433448553085327
302,-0.7821334600448608,-0.5877639055252075,0.32182180881500244
303,-0.8055034875869751,-0.5738770365715027,0.24108420312404633
304,-0.8183263540267944,-0.5582987070083618,0.16212940216064453
305,-0.8206024169921875,-0.5410451889038086,0.08495673537254333
306,-0.8123291730880737,-0.5221244096755981,0.009567977860569954
307,-0.7935057282447815,-0.5015451312065125,-0.06403332203626633
308,-0.7641335725784302,-0.47932344675064087,-0.13584482669830322
309,-0.7242128252983093,-0.45548635721206665,-0.2058667093515396
310,-0.6737250089645386,-0.43005844950675964,-0.2740917205810547
311,-0.561055064201355,-0.5189111828804016,0.3217596113681793
312,-0.5940502882003784,-0.49487224221229553,0.2584999203681946
313,-0.616515576839447,-0.46911901235580444,0.19702841341495514
314,-0.6284494400024414,-0.44168394804000854,0.13734318315982819
315,-0.6298519372940063,-0.4125824272632599,0.07944197952747345
316,-0.620721697807312,-0.3818221092224121,0.023325344547629356
317,-0.6010576486587524,-0.3494111895561218,-0.031004425138235092
318,-0.5708597898483276,-0.31536442041397095,-0.08354610204696655
319,-0.5301280617713928,-0.2797085642814636,-0.13430117070674896
320,-0.4788672924041748,-0.2424892634153366,-0.18327279388904572
321,-0.3730407953262329,-0.4355849623680115,0.24111872911453247
322,-0.4050999879837036,-0.39967554807662964,0.19712509214878082
323,-0.42665785551071167,-0.36206328868865967,0.15492238104343414
324,-0.4377017617225647,-0.3227766454219818,0.11450672149658203
325,-0.43823009729385376,-0.2818315327167511,0.0758759081363678
326,-0.42824238538742065,-0.23923684656620026,0.03903006389737129
327,-0.40773752331733704,-0.19500130414962769,0.0039707086980342865
328,-0.37671443819999695,-0.14913931488990784,-0.029301322996616364
329,-0.3351750075817108,-0.10167856514453888,-0.06078769266605377
330,-0.28313618898391724,-0.052671343088150024,-0.09049472957849503
331,-0.18424385786056519,-0.34998810291290283,0.16241967678070068
332,-0.21537700295448303,-0.3022207021713257,0.1376955658197403
333,-0.23602494597434998,-0.2527558505535126,0.11476237326860428
334,-0.24617578089237213,-0.20162338018417358,0.09361650049686432
335,-0.245828315615654,-0.1488407701253891,0.07425582408905029
336,-0.2349831461906433,-0.09441877156496048,0.05668021738529205
337,-0.2136392444372177,-0.03836687654256821,0.0408906452357769
338,-0.1817944198846817,0.019300684332847595,0.026887724176049232
339,-0.1394502818584442,0.07855741679668427,0.014669888652861118
340,-0.086623415350914,0.13935412466526031,0.004230838268995285
341,0.005282565951347351,-0.26214292645454407,0.08566190302371979
342,-0.024929262697696686,-0.20252743363380432,0.0802091509103775
343,-0.044665612280368805,-0.14121651649475098,0.07654628902673721
344,-0.053920548409223557,-0.07824450731277466,0.07467050105333328
345,-0.052696000784635544,-0.013631641864776611,0.07458002865314484
346,-0.04099377617239952,0.052609626203775406,0.07627440989017487
347,-0.0188128761947155,0.12046915292739868,0.07975415140390396
348,0.013850077986717224,0.18993359804153442,0.08501971513032913
349,0.05699654668569565,0.2609795033931732,0.09207022190093994
350,0.11061582714319229,0.3335641622543335,0.10090068727731705
351,0.19550803303718567,-0.1720569133758545,0.01084730215370655
352,0.1662176251411438,-0.10060101747512817,0.024666476994752884
353,0.14739464223384857,-0.027451030910015106,0.040274299681186676
354,0.13903725147247314,0.04735323414206505,0.057668715715408325
355,0.14113958179950714,0.12378832697868347,0.07684820890426636
356,0.15369829535484314,0.20184023678302765,0.09781205654144287
357,0.17671442031860352,0.2814985513687134,0.12056028097867966
358,0.2101927399635315,0.362751305103302,0.1450933814048767
359,0.2541388273239136,0.44557902216911316,0.171411395072937
360,0.30854979157447815,0.529945969581604,0.19951118528842926
361,0.38640910387039185,-0.07973431050777435,-0.062020447105169296
362,0.35804450511932373,0.00355646014213562,-0.02892998978495598
363,0.34013691544532776,0.08853867650032043,0.005948123522102833
364,0.3326776623725891,0.17516721785068512,0.04261227324604988
365,0.33565765619277954,0.2634158730506897,0.08106103539466858
366,0.34907227754592896,0.3532695472240448,0.12129335105419159
367,0.3729225993156433,0.4447178542613983,0.16330882906913757
368,0.40721458196640015,0.5377503633499146,0.20710793137550354
369,0.45195722579956055,0.632351279258728,0.25269168615341187
370,0.507154643535614,0.728490948677063,0.30005890130996704
371,0.5779585242271423,0.01481609046459198,-0.13293878734111786
372,0.5505276918411255,0.1099386215209961,-0.0805787742137909
373,0.5335363745689392,0.20674628019332886,-0.026431135833263397
374,0.5269739627838135,0.3051905035972595,0.029502023011446
375,0.5308306217193604,0.40524399280548096,0.0872192308306694
376,0.545100748538971,0.5068908929824829,0.1467190533876419
377,0.5697853565216064,0.6101210117340088,0.20800046622753143
378,0.6048914790153503,0.7149256467819214,0.27106407284736633
379,0.6504288911819458,0.8212910294532776,0.33591151237487793
380,0.7064042091369629,0.929189920425415,0.4025425910949707
381,0.7701077461242676,0.11157304048538208,-0.201907679438591
382,0.7436219453811646,0.21852563321590424,-0.13028109073638916
383,0.7275453209877014,0.3271496891975403,-0.05686493217945099
384,0.7218767404556274,0.437400221824646,0.01833667978644371
385,0.726608395576477,0.5492506623268127,0.09532211720943451
386,0.7417340278625488,0.6626840233802795,0.17408932745456696
387,0.7672544717788696,0.7776895761489868,0.25463637709617615
388,0.8031773567199707,0.8942597508430481,0.33696362376213074
389,0.8495104312896729,1.0123814344406128,0.42107298970222473
390,0.9062517285346985,1.1320207118988037,0.506962239742279
391,0.9627631902694702,0.2105046659708023,-0.2689196765422821
392,0.9372349977493286,0.3292701244354248,-0.17803993821144104
393,0.9220699667930603,0.4496934413909912,-0.08535940200090408
394,0.9172923564910889,0.5717403888702393,0.009110021404922009
395,0.9228975772857666,0.6953822374343872,0.10536479204893112
396,0.9388793706893921,0.820598840713501,0.20340114831924438
397,0.9652381539344788,0.9473768472671509,0.3032154440879822
398,1.0019810199737549,1.075707197189331,0.4048064053058624
399,1.0491118431091309,1.2055734395980835,0.5081738829612732
400,1.1066025495529175,1.3369187116622925,0.6133038997650146
401,-0.9348554015159607,-0.7620248794555664,0.3998973071575165
402,-0.9685408473014832,-0.7306709289550781,0.3183128833770752
403,-0.991707444190979,-0.6976230144500732,0.23849624395370483
404,-1.0043296813964844,-0.6628850102424622,0.16045412421226501
405,-1.006397008895874,-0.6264675259590149,0.08419155329465866
406,-0.9979028105735779,-0.5883803963661194,0.009713422507047653
407,-0.978847086429596,-0.5486360192298889,-0.06297508627176285
408,-0.9492358565330505,-0.50725257396698,-0.1338692605495453
409,-0.9090807437896729,-0.46425414085388184,-0.2029646933078766
410,-0.8584089279174805,-0.4196678400039673,-0.27025675773620605
411,-0.7036021947860718,-0.6616666913032532,0.3181130886077881
412,-0.7363564968109131,-0.6184353232383728,0.2557881772518158
413,-0.7586170434951782,-0.5735214948654175,0.1952437162399292
414,-0.77034991979599,-0.5269268751144409,0.136479452252388
415,-0.7715432643890381,-0.4786612093448639,0.0794973224401474
416,-0.7621917724609375,-0.4287339746952057,0.024300359189510345
417,-0.7422950863838196,-0.3771570324897766,-0.02910779044032097
418,-0.7118579745292664,-0.3239476680755615,-0.08072404563426971
419,-0.6708930730819702,-0.2691318988800049,-0.1305469125509262
420,-0.6194369196891785,-0.21274888515472412,-0.17857913672924042
421,-0.47150129079818726,-0.5590197443962097,0.23825569450855255
422,-0.5033302903175354,-0.5039194226264954,0.19520293176174164
423,-0.5246807932853699,-0.4471401572227478,0.15393544733524323
424,-0.5355212092399597,-0.3886876702308655,0.11445139348506927
425,-0.535838782787323,-0.32857194542884827,0.076751209795475
426,-0.5256294012069702,-0.26680392026901245,0.040836770087480545
427,-0.5048927068710327,-0.20339587330818176,0.006710457615554333
428,-0.47363218665122986,-0.13836516439914703,-0.02562573365867138
429,-0.43186160922050476,-0.07173915207386017,-0.05617199465632439
430,-0.37961605191230774,-0.003558531403541565,-0.08493314683437347
431,-0.2386023998260498,-0.45409679412841797,0.16033193469047546
432,-0.2695153057575226,-0.3871381878852844,0.1365569829940796
433,-0.28995564579963684,-0.3184996247291565,0.11456969380378723
434,-0.2999003529548645,-0.2481924593448639,0.09436806291341782
435,-0.29934027791023254,-0.1762300729751587,0.0759517028927803
436,-0.2882729768753052,-0.10262545943260193,0.05932140722870827
437,-0.2666980028152466,-0.027392059564590454,0.04447846859693527
438,-0.23461754620075226,0.049452632665634155,0.031423844397068024
439,-0.19204187393188477,0.12788283824920654,0.020156601443886757
440,-0.1389978528022766,0.20786325633525848,0.010671839118003845
441,-0.0049562230706214905,-0.3469141125679016,0.08434700220823288
442,-0.034958407282829285,-0.2681066691875458,0.0798524022102356
443,-0.05448804795742035,-0.18761572241783142,0.0771469920873642
444,-0.06353460997343063,-0.10545997321605682,0.07622916251420975
445,-0.06209547072649002,-0.021657418459653854,0.0770978033542633
446,-0.05017050355672836,0.06377637386322021,0.07975262403488159
447,-0.0277593731880188,0.15082694590091705,0.08419377356767654
448,0.00513804703950882,0.23947739601135254,0.09042126685380936
449,0.04851776361465454,0.32970568537712097,0.09843391180038452
450,0.1023654043674469,0.42148473858833313,0.10822784155607224
451,0.2293965369462967,-0.2374834418296814,0.010305947624146938
452,0.20030446350574493,-0.14683498442173004,0.02509235218167305
453,0.18168655037879944,-0.05449918657541275,0.04166935011744499
454,0.1735394299030304,0.03949731960892677,0.060035593807697296
455,0.1758582890033722,0.13513153791427612,0.08018934726715088
456,0.18864041566848755,0.23238544166088104,0.10212910175323486
457,0.2118861973285675,0.33124396204948425,0.12585391104221344
458,0.24559834599494934,0.43169134855270386,0.15136295557022095
459,0.2897803485393524,0.5337101221084595,0.17865505814552307
460,0.3444318175315857,0.6372822523117065,0.2077278345823288
461,0.4644196033477783,-0.1258162409067154,-0.061785973608493805
462,0.4362415075302124,-0.023332610726356506,-0.02771940268576145
463,0.4185372292995453,0.0808405727148056,0.008139318786561489
464,0.4112899899482727,0.1866690218448639,0.04578884690999985
465,0.414488285779953,0.29412534832954407,0.08522659540176392
466,0.42812711000442505,0.40318965911865234,0.12645000219345093
467,0.45220670104026794,0.5138465166091919,0.16945698857307434
468,0.4867321848869324,0.6260815858840942,0.21424593031406403
469,0.5317137241363525,0.7398816347122192,0.2608156204223633
470,0.587164580821991,0.8552372455596924,0.30916541814804077
471,0.700074315071106,-0.011928722262382507,-0.1319238543510437
472,0.6728181838989258,0.10238635540008545,-0.07857959717512131
473,0.656029224395752,0.21838949620723724,-0.023441003635525703
474,0.6496807932853699,0.3360403776168823,0.03348998352885246
475,0.6537573337554932,0.45530909299850464,0.09220977127552032
476,0.6682523488998413,0.5761745572090149,0.15271466970443726
477,0.693166196346283,0.6986209154129028,0.21500149369239807
478,0.7285051941871643,0.8226350545883179,0.2790677845478058
479,0.7742837071418762,0.9482062458992004,0.3449121415615082
480,0.8305251598358154,1.075331449508667,0.41253480315208435
481,0.936312735080719,0.10415513813495636,-0.2001032680273056
482,0.9099902510643005,0.23029790818691254,-0.12748666107654572
483,0.894118070602417,0.3581219017505646,-0.05307164043188095
484,0.8886654376983643,0.4875856637954712,0.023138221353292465
485,0.8936183452606201,0.6186587810516357,0.10113777220249176
486,0.908969521522522,0.7513187527656555,0.1809220016002655
487,0.9347190856933594,0.8855487704277039,0.26248636841773987
488,0.9708739519119263,1.0213353633880615,0.34582728147506714
489,1.0174469947814941,1.1586663722991943,0.43094173073768616
490,1.074466347694397,1.2975413799285889,0.5178292393684387
491,1.173088788986206,0.22240422666072845,-0.26631960272789
492,1.1477104425430298,0.36036208271980286,-0.17444339394569397
493,1.1327505111694336,0.4999940097332001,-0.08075748383998871
494,1.128188967704773,0.6412633061408997,0.014728561043739319
495,1.1340157985687256,0.7841379046440125,0.11200665682554245
496,1.1502236127853394,0.9285919666290283,0.21106958389282227
497,1.1768120527267456,1.0746058225631714,0.31191083788871765
498,1.2137876749038696,1.2221633195877075,0.4145244359970093
499,1.26115882396698,1.3712472915649414,0.5189037919044495
500,1.3189423084259033,1.5218453407287598,0.6250403523445129
501,-1.1199581623077393,-0.9229418039321899,0.3957560062408447
502,-1.1533757448196411,-0.8723771572113037,0.3151092827320099
503,-1.1763068437576294,-0.8201459646224976,0.23623210191726685
504,-1.188706398010254,-0.7662332653999329,0.15912777185440063
505,-1.1905536651611328,-0.7106426954269409,0.08380226790904999
506,-1.181839942932129,-0.6533843874931335,0.010261518880724907
507,-1.162564992904663,-0.5944728851318359,-0.061488740146160126
508,-1.1327383518218994,-0.5339271426200867,-0.13144302368164062
509,-1.092381477355957,-0.47176995873451233,-0.19959649443626404
510,-1.041540503501892,-0.40802714228630066,-0.2659480571746826
511,-0.844595193862915,-0.8032234907150269,0.3147720694541931
512,-0.8770959377288818,-0.740791380405426,0.2533927857875824
513,-0.8991250991821289,-0.6766994595527649,0.19379280507564545
514,-0.910636842250824,-0.6109336614608765,0.13597126305103302
515,-0.911611020565033,-0.5434975624084473,0.07993121445178986
516,-0.9020397067070007,-0.4744012951850891,0.02567664533853531
517,-0.8819228410720825,-0.40365874767303467,-0.026788298040628433
518,-0.8512685894966125,-0.33128851652145386,-0.0774599090218544
519,-0.8100979924201965,-0.25731462240219116,-0.12633614242076874
520,-0.7584585547447205,-0.18176817893981934,-0.17342019081115723
521,-0.5684133768081665,-0.6812411546707153,0.23571670055389404
522,-0.600002646446228,-0.6069464087486267,0.1936146318912506
523,-0.6211262941360474,-0.5309910774230957,0.1532963514328003
524,-0.6317468285560608,-0.45336782932281494,0.11476040631532669
525,-0.6318457722663879,-0.3740815818309784,0.07800807058811188
526,-0.621416449546814,-0.2931435704231262,0.043041810393333435
527,-0.6004588007926941,-0.21056845784187317,0.00986436940729618
528,-0.568979799747467,-0.126374751329422,-0.021522020921111107
529,-0.5269989371299744,-0.040586918592453,-0.05111699178814888
530,-0.474556028842926,0.0467657744884491,-0.07892461866140366
531,-0.2914339303970337,-0.556987464427948,0.15859337151050568
532,-0.32211947441101074,-0.4708383083343506,0.13577407598495483
533,-0.3423383831977844,-0.3830243945121765,0.11474136263132095
534,-0.3520650863647461,-0.2935452461242676,0.09549389034509659
535,-0.3512870669364929,-0.2024102509021759,0.07803185284137726
536,-0.33999964594841003,-0.10963283479213715,0.0623563677072525
537,-0.3182028532028198,-0.015228688716888428,0.04846874997019768
538,-0.2859017550945282,0.08078351616859436,0.036369938403367996
539,-0.24311009049415588,0.17838160693645477,0.02605939656496048
540,-0.18985603749752045,0.27754276990890503,0.017533447593450546
541,-0.013699173927307129,-0.4304712414741516,0.08340823650360107
542,-0.04348583519458771,-0.3324759602546692,0.07987431436777115
543,-0.06280019134283066,-0.2328098565340042,0.07812927663326263
544,-0.07163140922784805,-0.13148047029972076,0.07817205786705017
545,-0.06997501105070114,-0.028502207249403,0.08000200986862183
546,-0.05782969295978546,0.07610839605331421,0.08361877501010895
547,-0.03519558161497116,0.1823345273733139,0.08902227133512497
548,-0.0020744726061820984,0.2901581823825836,0.09621219336986542
549,0.04152771830558777,0.39956134557724,0.10518752038478851
550,0.09559758007526398,0.5105295777320862,0.11594565212726593
551,0.26474660634994507,-0.301705539226532,0.010167302563786507
552,0.23585805296897888,-0.19187147915363312,0.025919469073414803
553,0.2174488604068756,-0.08036047220230103,0.04346263408660889
554,0.20951411128044128,0.03281165659427643,0.06279612332582474
555,0.21204936504364014,0.14762507379055023,0.08391830325126648
556,0.22505219280719757,0.264060378074646,0.10682739317417145
557,0.24852243065834045,0.3820997476577759,0.13152186572551727
558,0.28246185183525085,0.5017266869544983,0.15800027549266815
559,0.32687345147132874,0.6229276061058044,0.18626132607460022
560,0.3817596137523651,0.7456977367401123,0.21630381047725677
561,0.5438602566719055,-0.17070618271827698,-0.061123497784137726
562,0.5158730745315552,-0.0490390807390213,-0.026086188852787018
563,0.49837058782577515,0.07430940866470337,0.010744329541921616
564,0.49133262038230896,0.19931575655937195,0.049367550760507584
565,0.49474650621414185,0.32595503330230713,0.0897807627916336
566,0.5086063742637634,0.45420557260513306,0.1319807767868042
567,0.5329120755195618,0.5840489864349365,0.17596471309661865
568,0.5676686763763428,0.7154701948165894,0.22172996401786804
569,0.6128873825073242,0.8484601378440857,0.2692749798297882
570,0.6685861945152283,0.9830229878425598,0.3186001479625702
571,0.823599100112915,-0.03749290108680725,-0.13045863807201385
572,0.7965202331542969,0.09600302577018738,-0.07613887637853622
573,0.7799265384674072,0.2311817854642868,-0.02002328261733055
574,0.7737848162651062,0.3680133819580078,0.03788738697767258
575,0.778076171875,0.5064693093299866,0.09758923947811127
576,0.7927927374839783,0.6465263962745667,0.1590776890516281
577,0.8179343342781067,0.7881656885147095,0.2223484069108963
578,0.8535078763961792,0.9313724040985107,0.28739768266677856
579,0.8995307683944702,1.076141357421875,0.354223370552063
580,0.9560345411300659,1.2224844694137573,0.42282724380493164
581,1.103924036026001,0.09790998697280884,-0.19783329963684082
582,1.077763557434082,0.2432309240102768,-0.12423652410507202
583,1.0620808601379395,0.39023229479789734,-0.04883984476327896
584,1.056833028793335,0.5388810634613037,0.02835509553551674
585,1.0619999170303345,0.6891470551490784,0.10734270513057709
586,1.0775730609893799,0.8410051465034485,0.18811677396297455
587,1.103551983833313,0.99443519115448,0.27067139744758606
588,1.139944314956665,1.1494221687316895,0.3550013303756714
589,1.1867684125900269,1.3059593439102173,0.4411027729511261
590,1.244065761566162,1.4640657901763916,0.5289778113365173
591,1.384820818901062,0.23547641932964325,-0.2632465958595276
592,1.3595867156982422,0.39261433482170105,-0.17038246989250183
593,1.3448107242584229,0.551430344581604,-0.07570955902338028
594,1.3404520750045776,0.7118919491767883,0.020766885951161385
595,1.3464922904968262,0.873967170715332,0.11903844773769379
596,1.3629223108291626,1.037627935409546,0.21909675002098083
597,1.3897415399551392,1.2028512954711914,0.320933997631073
598,1.426957368850708,1.3696194887161255,0.42454251646995544
599,1.4745861291885376,1.5379220247268677,0.5299150943756104
600,1.5326670408248901,1.7077730894088745,0.6370494365692139
601,-1.3034919500350952,-1.0826494693756104,0.3919526934623718
602,-1.336643934249878,-1.0128772258758545,0.3122500479221344
603,-1.3593254089355469,-0.9414554834365845,0.2343214601278305
604,-1.371489405632019,-0.868362545967102,0.1581679880619049
605,-1.3731101751327515,-0.7935971617698669,0.08379438519477844
606,-1.3641774654388428,-0.717168927192688,0.011205997318029404
607,-1.3446913957595825,-0.639093279838562,-0.05959200859069824
608,-1.314663052558899,-0.5593886375427246,-0.1285948008298874
609,-1.2741186618804932,-0.4780760705471039,-0.19579866528511047
610,-1.223106026649475,-0.3951765298843384,-0.26120442152023315
611,-0.9840309619903564,-0.9435744285583496,0.31177547574043274
612,-1.016279697418213,-0.8619445562362671,0.2513478398323059
613,-1.0380659103393555,-0.7786685228347778,0.19270087778568268
614,-1.0493450164794922,-0.6937268972396851,0.13583338260650635
615,-1.0500940084457397,-0.6071195006370544,0.08074800670146942
616,-1.0403037071228027,-0.5188559293746948,0.027448467910289764
617,-1.0199742317199707,-0.42895108461380005,-0.02406148612499237
618,-0.9891154170036316,-0.3374232351779938,-0.07377856224775314
619,-0.9477509260177612,-0.2442932277917862,-0.12170103192329407
620,-0.8959264159202576,-0.1495833694934845,-0.1678318977355957
621,-0.6637774705886841,-0.8022528886795044,0.2335313856601715
622,-0.6951276063919067,-0.7087675929069519,0.19238536059856415
623,-0.7160159945487976,-0.613633930683136,0.15302343666553497
624,-0.7264077663421631,-0.5168388485908508,0.11544439941644669
625,-0.7262834906578064,-0.4183841347694397,0.0796494111418724
626,-0.7156352400779724,-0.3182806670665741,0.04564080759882927
627,-0.6944631934165955,-0.21654382348060608,0.013420967385172844
628,-0.6627758741378784,-0.11319184303283691,-0.017008118331432343
629,-0.6205936074256897,-0.008244812488555908,-0.04564609006047249
630,-0.5679525136947632,0.09827828407287598,-0.07249593734741211
631,-0.34273582696914673,-0.6586686372756958,0.15722158551216125
632,-0.3731933832168579,-0.5533339381217957,0.13536155223846436
633,-0.3931848406791687,-0.4463460147380829,0.11528806388378143
634,-0.40268734097480774,-0.33769816160202026,0.0970001146197319
635,-0.4016880989074707,-0.22739657759666443,0.08049800992012024
636,-0.3901817798614502,-0.11545427143573761,0.06578269600868225
637,-0.3681687116622925,-0.0018876343965530396,0.05285525321960449
638,-0.33565476536750793,0.11328542232513428,0.041716430336236954
639,-0.2926539182662964,0.23004725575447083,0.032365892082452774
640,-0.23919042944908142,0.34838518500328064,0.02480119653046131
641,-0.020938687026500702,-0.5128248929977417,0.08285102248191833
642,-0.050507403910160065,-0.39564764499664307,0.08027921617031097
643,-0.0696023479104042,-0.2768109440803528,0.07949606329202652
644,-0.07821455597877502,-0.15631510317325592,0.08050093799829483
645,-0.07633934915065765,-0.03417119383811951,0.08329334110021591
646,-0.06397514045238495,0.08960485458374023,0.08787284046411514
647,-0.04112224280834198,0.2149956226348877,0.09423913806676865
648,-0.007783070206642151,0.3419840335845947,0.10239184647798538
649,0.036036550998687744,0.47055619955062866,0.11233015358448029
650,0.09032605588436127,0.6007073521614075,0.12405271828174591
651,0.301571249961853,-0.36473411321640015,0.010425213724374771
652,0.272890567779541,-0.23572085797786713,0.027142157778143883
653,0.254692405462265,-0.1050419732928276,0.045649848878383636
654,0.2469712346792221,0.027295134961605072,0.06594797223806381
655,0.24972271919250488,0.1612742394208908,0.08803512901067734
656,0.2629445493221283,0.29687654972076416,0.11190957576036453
657,0.2866363823413849,0.43408381938934326,0.1375696361064911
658,0.3207995891571045,0.5728803277015686,0.16501379013061523
659,0.36543720960617065,0.7132565379142761,0.19424094259738922
660,0.4205533266067505,0.8552159070968628,0.2252510040998459
661,0.6247493624687195,-0.21441376209259033,-0.0600506067276001
662,0.5969592928886414,-0.07356998324394226,-0.024045754224061966
663,0.5796592235565186,0.06894448399543762,0.01375193614512682
664,0.5728291869163513,0.2131151258945465,0.05334235727787018
665,0.5764567852020264,0.3589211702346802,0.09472319483757019
666,0.5905359387397766,0.5063414573669434,0.13789135217666626
667,0.6150661706924438,0.6553570628166199,0.18284383416175842
668,0.650052547454834,0.8059536218643188,0.22957800328731537
669,0.6955063939094543,0.9581260681152344,0.27809256315231323
670,0.7514462471008301,1.1118855476379395,0.32838860154151917
671,0.9485546350479126,-0.06188434362411499,-0.128571555018425
672,0.9216606020927429,0.09078578650951385,-0.07328115403652191
673,0.9052603244781494,0.24512942135334015,-0.016195617616176605
674,0.8993212580680847,0.4011259078979492,0.042684927582740784
675,0.9038240313529968,0.5587511658668518,0.10335720330476761
676,0.9187601208686829,0.7179819345474243,0.16581673920154572
677,0.9441291093826294,0.8787987232208252,0.2300592064857483
678,0.9799383282661438,1.0411880016326904,0.2960807979106903
679,1.0262060165405273,1.2051479816436768,0.3638797998428345
680,1.082963466644287,1.370697021484375,0.43345868587493896
681,1.2729582786560059,0.09283196926116943,-0.1951339840888977
682,1.2469677925109863,0.25732526183128357,-0.12056233733892441
683,1.2314691543579102,0.4234922230243683,-0.044192470610141754
684,1.2264193296432495,0.59130859375,0.03397536277770996
685,1.2317956686019897,0.7607477903366089,0.11393637955188751
686,1.2475886344909668,0.9317848682403564,0.19568465650081635
687,1.2737977504730225,1.10439932346344,0.27921444177627563
688,1.3104310035705566,1.2785766124725342,0.36452051997184753
689,1.357509732246399,1.4543157815933228,0.4515998065471649
690,1.415076494216919,1.6316421031951904,0.5404556393623352
691,1.5979632139205933,0.24971547722816467,-0.25973889231681824
692,1.5728824138641357,0.42602768540382385,-0.16589254140853882
693,1.558282494544983,0.6040136218070984,-0.07024181634187698
694,1.5541186332702637,0.7836481332778931,0.027211051434278488
695,1.5603668689727783,0.9649019241333008,0.12645918130874634
696,1.5770169496536255,1.1477478742599487,0.22749489545822144
697,1.6040680408477783,1.3321629762649536,0.3303106427192688
698,1.641528844833374,1.5181307792663574,0.4348994195461273
699,1.6894214153289795,1.7056479454040527,0.5412556529045105
700,1.7477900981903076,1.894740104675293,0.6493806838989258
701,-1.485466718673706,-1.2411507368087769,0.3885127305984497
702,-1.5183619260787964,-1.1521799564361572,0.3097585141658783
703,-1.540791392326355,-1.061568260192871,0.23278307914733887
704,-1.55271315574646,-0.9692941904067993,0.1575862467288971
705,-1.554103970527649,-0.8753550052642822,0.08417139202356339
706,-1.5449527502059937,-0.7797596454620361,0.012542398646473885
707,-1.5252597332000732,-0.682523250579834,-0.05729692429304123
708,-1.4950367212295532,-0.5836635231971741,-0.12534309923648834
709,-1.4543074369430542,-0.4831975996494293,-0.19159355759620667
710,-1.4031141996383667,-0.3811406195163727,-0.2560497522354126
711,-1.121922492980957,-1.0827276706695557,0.30914658308029175
712,-1.1539260149002075,-0.9819072484970093,0.24967393279075623
713,-1.1754670143127441,-0.8794474601745605,0.1919838935136795
714,-1.1865081787109375,-0.7753292322158813,0.13607540726661682
715,-1.1870290040969849,-0.6695512533187866,0.08195044100284576
716,-1.1770201921463013,-0.5621227025985718,0.029611706733703613
717,-1.1564818620681763,-0.4530584216117859,-0.02093794383108616
718,-1.1254242658615112,-0.34237563610076904,-0.06969614326953888
719,-1.083868384361267,-0.23009073734283447,-0.11666156351566315
720,-1.0318516492843628,-0.11621776223182678,-0.16183647513389587
721,-0.7576071619987488,-0.9220689535140991,0.23171833157539368
722,-0.7887227535247803,-0.8093997836112976,0.19153110682964325
723,-0.8093740940093994,-0.6950889825820923,0.15312877297401428
724,-0.8195332288742065,-0.5791225433349609,0.11651048064231873
725,-0.8191832304000854,-0.46150124073028564,0.0816771537065506
726,-0.8083165287971497,-0.34223538637161255,0.0486304834485054
727,-0.7869335412979126,-0.22134029865264893,0.01737215369939804
728,-0.755042314529419,-0.09883278608322144,-0.012096328660845757
729,-0.7126604914665222,0.025271862745285034,-0.03977464884519577
730,-0.6598168015480042,0.1509632170200348,-0.0656646341085434
731,-0.39251595735549927,-0.7591559886932373,0.1562279313802719
732,-0.42274749279022217,-0.6346421837806702,0.13532903790473938
733,-0.44251006841659546,-0.5084826946258545,0.11621689051389694
734,-0.45178577303886414,-0.3806685507297516,0.09889084845781326
735,-0.4505637586116791,-0.2512040138244629,0.08335120230913162
736,-0.4388391673564911,-0.12010142207145691,0.06959851831197739
737,-0.41661232709884644,0.01262308657169342,0.057633452117443085
738,-0.3838889002799988,0.14695322513580322,0.04745645821094513
739,-0.3406805098056793,0.2828761339187622,0.039067454636096954
740,-0.28700578212738037,0.42038673162460327,0.03246517851948738
741,-0.02667337656021118,-0.5939894914627075,0.08267886191606522
742,-0.05602346360683441,-0.45763635635375977,0.08106982707977295
743,-0.07489755004644394,-0.3196326196193695,0.08124928921461105
744,-0.08328915387392044,-0.1799745112657547,0.08321689069271088
745,-0.0811944454908371,-0.03867040574550629,0.08697221428155899
746,-0.0686119943857193,0.10426486283540726,0.0925147756934166
747,-0.045542240142822266,0.2488144040107727,0.0998440682888031
748,-0.011987447738647461,0.39496272802352905,0.10895967483520508
749,0.03204764425754547,0.5427001118659973,0.11986109614372253
750,0.08655588328838348,0.6920278072357178,0.13254791498184204
751,0.3398820459842682,-0.42658066749572754,0.011075159534811974
752,0.3114127516746521,-0.27839380502700806,0.028756320476531982
753,0.29342734813690186,-0.12855122983455658,0.04822775721549988
754,0.28592029213905334,0.02294515073299408,0.06948929280042648
755,0.2888878583908081,0.1760828197002411,0.09253982454538345
756,0.3023279309272766,0.33084461092948914,0.11737775057554245
757,0.3262401223182678,0.4872129261493683,0.14400148391723633
758,0.3606254458427429,0.6451734900474548,0.17240965366363525
759,0.4054868221282959,0.8047199845314026,0.20260153710842133
760,0.4608290195465088,0.96586012840271,0.23457758128643036
761,0.7071077823638916,-0.2569468021392822,-0.05857926979660988
762,0.6795210838317871,-0.09693123400211334,-0.021608568727970123
763,0.6624250411987305,0.06474444270133972,0.017154112458229065
764,0.6558026075363159,0.22807267308235168,0.05770880728960037
765,0.6596429347991943,0.3930371403694153,0.10005363076925278
766,0.6739404201507568,0.5596186518669128,0.14418594539165497
767,0.6986945867538452,0.7277989387512207,0.19010303914546967
768,0.7339100241661072,0.8975651264190674,0.23780275881290436
769,0.7795965671539307,1.0689142942428589,0.2872839570045471
770,0.8357707262039185,1.2418601512908936,0.3385481834411621
771,1.0749670267105103,-0.0851077139377594,-0.12628093361854553
772,1.0482665300369263,0.08673277497291565,-0.07002238184213638
773,1.0320611000061035,0.26023629307746887,-0.01197013445198536
774,1.0263230800628662,0.4353902339935303,0.04787593334913254
775,1.0310354232788086,0.6121753454208374,0.10951327532529831
776,1.0461901426315308,0.7905704975128174,0.17293810844421387
777,1.071786642074585,0.9705572128295898,0.23814667761325836
778,1.1078318357467651,1.1521230936050415,0.3051358759403229
779,1.1543418169021606,1.335268259048462,0.3739043176174164
780,1.2113440036773682,1.5200121402740479,0.4444543719291687
781,1.44343900680542,0.08891826868057251,-0.19202733039855957
782,1.4176297187805176,0.27258116006851196,-0.1164838969707489
783,1.4023162126541138,0.4579082727432251,-0.03914470225572586
784,1.3974614143371582,0.6448835730552673,0.03999058157205582
785,1.4030448198318481,0.83348548412323,0.12091824412345886
786,1.4190565347671509,1.0236914157867432,0.20363348722457886
787,1.4454960823059082,1.2154815196990967,0.28813132643699646
788,1.4823720455169678,1.408843994140625,0.37440770864486694
789,1.5297036170959473,1.6037790775299072,0.46246030926704407
790,1.5875282287597656,1.8003122806549072,0.5522925853729248
791,1.812535285949707,0.2651178240776062,-0.25582000613212585
792,1.7876214981079102,0.4606013894081116,-0.1609955132007599
793,1.7731987237930298,0.6577503681182861,-0.0643715038895607
794,1.7692253589630127,0.8565468192100525,0.03405134752392769
795,1.7756788730621338,1.056966781616211,0.13426800072193146
796,1.7925478219985962,1.2589856386184692,0.236272394657135
797,1.8198316097259521,1.4625821113586426,0.34005841612815857
798,1.8575400114059448,1.6677427291870117,0.44562065601348877
799,1.9056944847106934,1.8744677305221558,0.5529553294181824
800,1.9643363952636719,2.0827841758728027,0.6620652079582214
801,-1.665906548500061,-1.3984625339508057,0.3854525685310364
802,-1.6985552310943604,-1.2903032302856445,0.30764979124069214
803,-1.7207342386245728,-1.1805051565170288,0.23162902891635895
804,-1.7324124574661255,-1.069050669670105,0.15739022195339203
805,-1.7335710525512695,-0.9559379816055298,0.08493555337190628
806,-1.7242013216018677,-0.8411765694618225,0.014267433434724808
807,-1.7043037414550781,-0.7247815132141113,-0.05461191013455391
808,-1.6738874912261963,-0.6067686080932617,-0.12170033156871796
809,-1.632972002029419,-0.4871506094932556,-0.18699611723423004
810,-1.5815881490707397,-0.3659360408782959,-0.250499963760376
811,-1.2582939863204956,-1.220701813697815,0.3069005310535431
812,-1.2900607585906982,-1.1006996631622314,0.2483845204114914
813,-1.311357855796814,-0.9790585041046143,0.1916523575782776
814,-1.3221596479415894,-0.8557636141777039,0.13670381903648376
815,-1.3224507570266724,-0.7308145761489868,0.0835401862859726
816,-1.3122234344482422,-0.6042212843894958,0.03216327726840973
817,-1.291478157043457,-0.47599858045578003,-0.01742521859705448
818,-1.260223150253296,-0.34616169333457947,-0.06522376835346222
819,-1.2184745073318481,-0.21472281217575073,-0.11123140901327133
820,-1.166257619857788,-0.08168771862983704,-0.15544891357421875
821,-0.8499243259429932,-1.0407094955444336,0.23028971254825592
822,-0.8808112740516663,-0.9088640213012695,0.1910623013973236
823,-0.901226818561554,-0.7753785848617554,0.15362025797367096
824,-0.9111523032188416,-0.6402408480644226,0.11796334385871887
825,-0.9105756282806396,-0.503452718257904,0.08409234881401062
826,-0.8994905948638916,-0.3650246262550354,0.052008256316185
827,-0.8778976202011108,-0.22497180104255676,0.021712113171815872
828,-0.8458035588264465,-0.08330941200256348,-0.006795281544327736
829,-0.8032211661338806,0.059951722621917725,-0.0335133858025074
830,-0.7501691579818726,0.20480918884277344,-0.05844273418188095
831,-0.4407888650894165,-0.8584691882133484,0.15562006831169128
832,-0.47079741954803467,-0.7147828340530396,0.13568291068077087
833,-0.4903317391872406,-0.5694543123245239,0.11753252148628235
834,-0.49938029050827026,-0.4224745035171509,0.10116879642009735
835,-0.497935026884079,-0.2738472521305084,0.08659195154905319
836,-0.4859921932220459,-0.1235847994685173,0.07380224019289017
837,-0.4635522663593292,0.02829708158969879,0.06279990077018738
838,-0.4306197762489319,0.18178358674049377,0.05358508229255676
839,-0.3872033357620239,0.3368656635284424,0.04615786671638489
840,-0.3333146572113037,0.49354493618011475,0.04051821678876877
841,-0.03090578317642212,-0.6739808320999146,0.08289393037557602
842,-0.06003761291503906,-0.5184577107429504,0.082247793674469
843,-0.0786907747387886,-0.36128947138786316,0.08338998258113861
844,-0.08686154335737228,-0.20247015357017517,0.08632040023803711
845,-0.08454723656177521,-0.04200660437345505,0.09103871881961823
846,-0.07174664735794067,0.1200871542096138,0.09754437208175659
847,-0.04846028983592987,0.28379470109939575,0.10583672672510147
848,-0.014690205454826355,0.4491019546985626,0.11591526865959167
849,0.029560193419456482,0.6160017251968384,0.12777970731258392
850,0.08428710699081421,0.7845003604888916,0.14143042266368866
851,0.3796897828578949,-0.4872559607028961,0.012113816104829311
852,0.35143446922302246,-0.31990039348602295,0.030758829787373543
853,0.3336625397205353,-0.15089654922485352,0.051193781197071075
854,0.3263697028160095,0.01975788176059723,0.07341853529214859
855,0.3295532464981079,0.1920531839132309,0.09743218123912811
856,0.34321150183677673,0.3659735321998596,0.12323331832885742
857,0.3673439025878906,0.5415019989013672,0.15082046389579773
858,0.4019511938095093,0.7186253070831299,0.18019241094589233
859,0.44703543186187744,0.8973388075828552,0.21134857833385468
860,0.5026006698608398,1.0776523351669312,0.2442896068096161
861,0.7909582257270813,-0.2983115315437317,-0.056717969477176666
862,0.7635802030563354,-0.1191277951002121,-0.018782183527946472
863,0.7466896772384644,0.06170721352100372,0.020945023745298386
864,0.7402747869491577,0.24419176578521729,0.06246350705623627
865,0.7443273663520813,0.42831358313560486,0.10577178746461868
866,0.7588431239128113,0.6140552759170532,0.15086768567562103
867,0.7838215231895447,0.8013995885848999,0.19774891436100006
868,0.8192657828330994,0.9903340339660645,0.24641352891921997
869,0.8651833534240723,1.180856466293335,0.2968606948852539
870,0.9215861558914185,1.3729798793792725,0.349091500043869
871,1.2028659582138062,-0.10716551542282104,-0.12359921634197235
872,1.1763672828674316,0.08384290337562561,-0.06637366116046906
873,1.1603586673736572,0.27650484442710876,-0.007355412468314171
874,1.1548211574554443,0.47081488370895386,0.05345552787184715
875,1.1597422361373901,0.6667584180831909,0.11605709791183472
876,1.1751153469085693,0.8643170595169067,0.1804463416337967
877,1.2009398937225342,1.063472867012024,0.24662020802497864
878,1.237221598625183,1.2642143964767456,0.3145761489868164
879,1.2839717864990234,1.466540813446045,0.3843129873275757
880,1.3412097692489624,1.6704685688018799,0.45583224296569824
881,1.6153978109359741,0.08616787195205688,-0.18852826952934265
882,1.5897808074951172,0.28899866342544556,-0.11201472580432892
883,1.5746548175811768,0.49348440766334534,-0.033707067370414734
884,1.5699940919876099,0.6996167898178101,0.04639464616775513
885,1.5757827758789062,0.907379150390625,0.12828780710697174
886,1.5920132398605347,1.1167521476745605,0.21196870505809784
887,1.6186846494674683,1.3277175426483154,0.2974335551261902
888,1.655803918838501,1.5402634143829346,0.3846791088581085
889,1.703385829925537,1.7543904781341553,0.4737037420272827
890,1.7614563703536987,1.9701175689697266,0.5645093321800232
891,2.0285680294036865,0.2816814184188843,-0.2515060305595398
892,2.0038347244262695,0.4963343143463135,-0.1557062566280365
893,1.9895919561386108,0.7126438021659851,-0.05811057612299919
894,1.9858083724975586,0.930598795413971,0.04128072038292885
895,1.9924650192260742,1.1501809358596802,0.14246414601802826
896,2.0095527172088623,1.3713696002960205,0.24543532729148865
897,2.0370707511901855,1.5941452980041504,0.3501899242401123
898,2.0750272274017334,1.8184958696365356,0.4567239582538605
899,2.1234400272369385,2.0444226264953613,0.5650349259376526
900,2.1823410987854004,2.2719473838806152,0.6751248836517334
901,-1.8448505401611328,-1.5546159744262695,0.38278549909591675
902,-1.8772591352462769,-1.4272773265838623,0.30593574047088623
903,-1.8991867303848267,-1.2982943058013916,0.23086902499198914
904,-1.910617470741272,-1.1676559448242188,0.15758609771728516
905,-1.911541223526001,-1.0353648662567139,0.08608868718147278
906,-1.901952862739563,-0.9014332294464111,0.016378313302993774
907,-1.8818527460098267,-0.7658774852752686,-0.05154387652873993
908,-1.8512470722198486,-0.6287123560905457,-0.11767655611038208
909,-1.8101463317871094,-0.48994535207748413,-0.1820182204246521
910,-1.758565902709961,-0.34957611560821533,-0.2445683628320694
911,-1.3931864500045776,-1.3575279712677002,0.30504921078681946
912,-1.4247201681137085,-1.2183512449264526,0.24748972058296204
913,-1.445773720741272,-1.0775305032730103,0.19171427190303802
914,-1.4563355445861816,-0.935056746006012,0.13772346079349518
915,-1.4563956260681152,-0.7909325361251831,0.08551841974258423
916,-1.445949673652649,-0.6451700329780579,0.03510038182139397
917,-1.4249980449676514,-0.4977855086326599,-0.013529546558856964
918,-1.3935461044311523,-0.3487933278083801,-0.060370367020368576
919,-1.3516044616699219,-0.1982019543647766,-0.10542120784521103
920,-1.2991840839385986,-0.046009063720703125,-0.14868159592151642
921,-0.9407670497894287,-1.1582038402557373,0.22925513982772827
922,-0.971426248550415,-1.0071890354156494,0.19098693132400513
923,-0.9916062355041504,-0.8545302152633667,0.15450377762317657
924,-1.0012989044189453,-0.7002197504043579,0.11980642378330231
925,-1.0004953145980835,-0.5442607998847961,0.08689547330141068
926,-0.9891916513442993,-0.38666588068008423,0.055771686136722565
927,-0.967388391494751,-0.22745126485824585,0.02643566206097603
928,-0.9350904226303101,-0.0666317343711853,-0.0011120550334453583
929,-0.8923072814941406,0.09578430652618408,-0.026871172711253166
930,-0.8390465974807739,0.25980114936828613,-0.050840824842453
931,-0.48758095502853394,-0.9566320180892944,0.15540413558483124
932,-0.5173665285110474,-0.7937809228897095,0.13642798364162445
933,-0.5366727113723755,-0.6292848587036133,0.11923830211162567
934,-0.5454947352409363,-0.4631373882293701,0.10383564978837967
935,-0.5438265204429626,-0.295343279838562,0.09022024273872375
936,-0.5316650867462158,-0.12591588497161865,0.07839219272136688
937,-0.5090110898017883,0.045128047466278076,0.06835145503282547
938,-0.4758685231208801,0.2177734673023224,0.060097940266132355
939,-0.43224406242370605,0.39201268553733826,0.05363165959715843
940,-0.37814226746559143,0.567852258682251,0.04895348846912384
941,-0.033644333481788635,-0.752815306186676,0.08349797129631042
942,-0.06255713105201721,-0.5781301856040955,0.08381418883800507
943,-0.0809897631406784,-0.40179917216300964,0.08591857552528381
944,-0.08894060552120209,-0.22381630539894104,0.08981141448020935
945,-0.08640706539154053,-0.04418846219778061,0.09549248218536377
946,-0.07338792085647583,0.13706959784030914,0.10296113789081573
947,-0.04988378286361694,0.3199405074119568,0.11221659183502197
948,-0.015897095203399658,0.5044094324111938,0.12325811386108398
949,0.028568923473358154,0.6904699206352234,0.13608525693416595
950,0.08351285755634308,0.8781301379203796,0.15069884061813354
951,0.42100733518600464,-0.5467674732208252,0.013538293540477753
952,0.39296671748161316,-0.3602512776851654,0.03314684331417084
953,0.37540721893310547,-0.17208784818649292,0.05454540625214577
954,0.36832770705223083,0.017727553844451904,0.07773394882678986
955,0.3717268705368042,0.2091861367225647,0.10271170735359192
956,0.38560372591018677,0.40227168798446655,0.12947730720043182
957,0.4099576473236084,0.5969663262367249,0.15802912414073944
958,0.4447883367538452,0.7932559251785278,0.18836581707000732
959,0.49009639024734497,0.9911351799964905,0.2204865962266922
960,0.5458831191062927,1.1906133890151978,0.2543918788433075
961,0.8763319253921509,-0.3385079503059387,-0.054473623633384705
962,0.8491637110710144,-0.14016324281692505,-0.015572895295917988
963,0.8324775695800781,0.059829965233802795,0.02511950396001339
964,0.8262690901756287,0.261474609375,0.06760328263044357
965,0.830533504486084,0.4647601842880249,0.11187717318534851
966,0.8452680110931396,0.669669508934021,0.1579391211271286
967,0.8704720139503479,0.8761845231056213,0.2057868242263794
968,0.9061468839645386,1.0842914581298828,0.25541824102401733
969,0.952296793460846,1.2939866781234741,0.30683231353759766
970,1.0089261531829834,1.505279302597046,0.3600291907787323
971,1.3322947025299072,-0.12805449962615967,-0.12053646892309189
972,1.3059998750686646,0.0821165144443512,-0.06234395503997803
973,1.290187120437622,0.2939366400241852,-0.0023585595190525055
974,1.2848492860794067,0.5074070692062378,0.05941934511065483
975,1.289978265762329,0.7225160598754883,0.12298817932605743
976,1.305570363998413,0.9392460584640503,0.1883452832698822
977,1.331624984741211,1.1575785875320435,0.25548768043518066
978,1.3681442737579346,1.377500057220459,0.3244127631187439
979,1.4151358604431152,1.5990080833435059,0.3951193392276764
980,1.472607135772705,1.8221124410629272,0.467607319355011
981,1.7888820171356201,0.0845831036567688,-0.1846487671136856
982,1.7634614706039429,0.30657801032066345,-0.10716555267572403
983,1.748522400856018,0.5302222967147827,-0.02788851037621498
984,1.744053602218628,0.755515456199646,0.05318213999271393
985,1.7500461339950562,0.9824454188346863,0.13604432344436646
986,1.7664958238601685,1.2109942436218262,0.22069497406482697
987,1.793401837348938,1.4411430358886719,0.3071306347846985
988,1.8307669162750244,1.6728777885437012,0.3953481912612915
989,1.8785998821258545,1.9061959981918335,0.4853457808494568
990,1.9369115829467773,2.141108989715576,0.5771238207817078
991,2.246107578277588,0.2994053363800049,-0.24681006371974945
992,2.221562623977661,0.5332231521606445,-0.1500372290611267
993,2.20749831199646,0.7686909437179565,-0.051469627767801285
994,2.2038991451263428,1.0058059692382812,0.04889238625764847
995,2.2107555866241455,1.2445563077926636,0.1510462462902069
996,2.228062629699707,1.4849231243133545,0.25498858094215393
997,2.255819320678711,1.7268874645233154,0.3607158064842224
998,2.294029712677002,1.9704347848892212,0.46822455525398254
999,2.342702865600586,2.215562105178833,0.577512264251709
1000,2.4018537998199463,2.462282419204712,0.6885792016983032
