1,-0.013942355290055275,-0.01015576533973217,0.004072823096066713
2,-0.01161030400544405,-0.010942390188574791,0.0037632598541677
3,-0.009132838808000088,-0.01169811375439167,0.0035280727315694094
4,-0.0065094465389847755,-0.012424658052623272,0.0033671366982162
5,-0.0037398478016257286,-0.013122031465172768,0.0032803944777697325
6,-0.0008238616865128279,-0.013790379278361797,0.0032678365241736174
7,0.0022387043572962284,-0.014429702423512936,0.0033294684253633022
8,0.005448132287710905,-0.015039881691336632,0.003465313697233796
9,0.008804929442703724,-0.015620999038219452,0.003675440326333046
10,0.012309850193560123,-0.01617220602929592,0.0039597791619598866
11,-0.013333217240869999,-0.007578215561807156,0.003922007512301207
12,-0.010988961905241013,-0.008197484537959099,0.0036487234756350517
13,-0.008499203249812126,-0.008786262944340706,0.003449755720794201
14,-0.005863509140908718,-0.009346071630716324,0.0033250383567065
15,-0.003081636969000101,-0.009876864962279797,0.003274518996477127
16,-0.00015339623496402055,-0.010378720238804817,0.0032981866970658302
17,0.002921418519690633,-0.01085164025425911,0.0033960475120693445
18,0.006143087986856699,-0.011295572854578495,0.003568126354366541
19,0.009512033313512802,-0.011710649356245995,0.003814481431618333
20,0.01302905660122633,-0.012095901183784008,0.004135054536163807
21,-0.012705491855740547,-0.0049547976814210415,0.0038243012968450785
22,-0.010348742827773094,-0.005406857468187809,0.003587215906009078
23,-0.007846564054489136,-0.005828943103551865,0.0034244353882968426
24,-0.005198481492698193,-0.006222140975296497,0.00333590735681355
25,-0.0024042492732405663,-0.006586448289453983,0.0033215840812772512
26,0.0005363376694731414,-0.006921911146491766,0.0033814532216638327
27,0.0036235058214515448,-0.00722853560000658,0.003515522228553891
28,0.0068575493060052395,-0.007506293244659901,0.0037238167133182287
29,0.01023891381919384,-0.007755261845886707,0.00400639558210969
30,0.013768525794148445,-0.007974736392498016,0.0043632336892187595
31,-0.012058324180543423,-0.0022879187017679214,0.003779568476602435
32,-0.009689182043075562,-0.0025726989842951298,0.003578692674636841
33,-0.0071746283210814,-0.0028280720580369234,0.0034521007910370827
34,-0.00451418524608016,-0.0030546796042472124,0.003399762324988842
35,-0.0017076090443879366,-0.003252520225942135,0.0034216304775327444
36,0.0012453116942197084,-0.0034216204658150673,0.0035176926758140326
37,0.004344811197370291,-0.003561983350664377,0.0036879591643810272
38,0.0075911954045295715,-0.0036735928151756525,0.00393245555460453
39,0.010984914377331734,-0.0037564928643405437,0.004251249600201845
40,0.014526904560625553,-0.003810279769822955,0.004644320346415043
41,-0.011391636915504932,0.0004226500750519335,0.0037877773866057396
42,-0.00901015941053629,0.0003051422245334834,0.0036231214180588722
43,-0.006483285687863827,0.00021647103130817413,0.0035327260848134756
44,-0.0038105249404907227,0.00015644915401935577,0.0035165795125067234
45,-0.000991644337773323,0.00012506789062172174,0.0035746367648243904
46,0.0019735684618353844,0.00012231816072016954,0.003706888295710087
47,0.005085351876914501,0.00014820246724411845,0.003913343418389559
48,0.008344014175236225,0.00020272994879633188,0.004194031469523907
49,0.011750009842216969,0.0002859040105249733,0.00454901996999979
50,0.015304277651011944,0.00039780832594260573,0.004978307522833347
51,-0.010705399326980114,0.0031769813504070044,0.003848931286484003
52,-0.008311622776091099,0.0032267447095364332,0.0037205019034445286
53,-0.005772468633949757,0.0033047725446522236,0.003666310803964734
54,-0.0030874377116560936,0.0034113347064703703,0.0036863600835204124
55,-0.0002563019224908203,0.0035464109387248755,0.0037806075997650623
56,0.0027211494743824005,0.0037100075278431177,0.003949044272303581
57,0.0058451564982533455,0.0039021314587444067,0.00419168034568429
58,0.009116026572883129,0.004122791811823845,0.004508546087890863
59,0.012534228153526783,0.004372040741145611,0.004899718798696995
60,0.016100693494081497,0.004649634473025799,0.005365205928683281
61,-0.009999570436775684,0.0059751844964921474,0.00396304065361619
62,-0.007593528367578983,0.006192224565893412,0.0038708460051566362
63,-0.005042129661887884,0.006436960306018591,0.0038528682198375463
64,-0.002344873733818531,0.006710114423185587,0.003909120336174965
65,0.0004984692204743624,0.007011650130152702,0.004039558582007885
66,0.003488107118755579,0.007341593503952026,0.004244176670908928
67,0.006624275352805853,0.007699955720454454,0.004522985778748989
68,0.009907283820211887,0.008086739107966423,0.00487601850181818
69,0.01333761028945446,0.008502045646309853,0.005303357727825642
70,0.016916194930672646,0.008945319801568985,0.005805031396448612
71,-0.009274091571569443,0.008817349560558796,0.004130127839744091
72,-0.006855834275484085,0.00920167937874794,0.004074177239090204
73,-0.004292236175388098,0.009613145142793655,0.004092424176633358
74,-0.001582792610861361,0.010052897967398167,0.004184883087873459
75,0.0012727197026833892,0.01052090059965849,0.0043515171855688095
76,0.004274503793567419,0.011017197743058205,0.004592315759509802
77,0.007422787137329578,0.011541804298758507,0.004907292779535055
78,0.01071786880493164,0.0120947090908885,0.005296481307595968
79,0.01416023075580597,0.012676049023866653,0.005759967491030693
80,0.017750822007656097,0.01328497938811779,0.0062978072091937065
81,-0.008528864942491055,0.011703778058290482,0.004350252449512482
82,-0.006098522804677486,0.01225532777607441,0.0043305521830916405
83,-0.0035227579064667225,0.012833510525524616,0.004385032691061497
84,-0.0008011463796719909,0.013439889997243881,0.0045137107372283936
85,0.0020665221381932497,0.014074379578232765,0.004716544412076473
86,0.00508044334128499,0.01473705843091011,0.00499352952465415
87,0.008240822702646255,0.015427935868501663,0.005344674922525883
88,0.011547941714525223,0.01614697277545929,0.005770012736320496
89,0.01500227116048336,0.016894375905394554,0.006269635632634163
90,0.018604690209031105,0.017669033259153366,0.00684362044557929
91,-0.007764824666082859,0.014632079750299454,0.004623387008905411
92,-0.005322115961462259,0.0153509471565485,0.004639917053282261
93,-0.0027339854277670383,0.016096103936433792,0.00473065534606576
94,-9.730865713208914e-08,0.01686922460794449,0.004895565565675497
95,0.002879827283322811,0.01767028495669365,0.0051346137188375
96,0.005905991420149803,0.018499433994293213,0.005447800736874342
97,0.009078586474061012,0.019356677308678627,0.005835135001689196
98,0.012397883459925652,0.020241905003786087,0.006296643055975437
99,0.015864398330450058,0.021155279129743576,0.006832417566329241
100,0.019479185342788696,0.02209588885307312,0.007442659232765436
101,-0.01428069919347763,-0.0172121524810791,0.004301530309021473
102,-0.011944018304347992,-0.01798395812511444,0.0040145558305084705
103,-0.00946181919425726,-0.018722111359238625,0.003802140709012747
104,-0.00683367345482111,-0.019429778680205345,0.0036642157938331366
105,-0.004059071186929941,-0.020106887444853783,0.0036006842274218798
106,-0.001137640094384551,-0.020753690972924232,0.0036115285474807024
107,0.0019310333300381899,-0.021370191127061844,0.0036967634223401546
108,0.005147507414221764,-0.021956175565719604,0.003856432158499956
109,0.008512567728757858,-0.022511985152959824,0.0040906150825321674
110,0.01202709972858429,-0.02303551882505417,0.004399090074002743
111,-0.013568302616477013,-0.013009047135710716,0.004175517708063126
112,-0.011219163425266743,-0.01361129991710186,0.003924980293959379
113,-0.008724481798708439,-0.014181017875671387,0.003748937975615263
114,-0.006083891727030277,-0.014720725826919079,0.0036473781801760197
115,-0.0032969301100820303,-0.015230374410748482,0.003620219649747014
116,-0.00036319298669695854,-0.015710055828094482,0.0036674414295703173
117,0.002717771101742983,-0.016159776598215103,0.003789059817790985
118,0.005946530029177666,-0.016579486429691315,0.003985121846199036
119,0.00932383630424738,-0.016969459131360054,0.004255699925124645
120,0.012850567698478699,-0.017327919602394104,0.004600579384714365
121,-0.01283741369843483,-0.00875716470181942,0.004102697595953941
122,-0.010475576855242252,-0.00919015146791935,0.0038885087706148624
123,-0.007968269288539886,-0.009591847658157349,0.0037487982772290707
124,-0.0053150951862335205,-0.00996383186429739,0.003683564718812704
125,-0.002515600062906742,-0.010306157171726227,0.0036927375476807356
126,0.0004306343907956034,-0.010618872940540314,0.0037762995343655348
127,0.0035240903962403536,-0.01090198289602995,0.0039342669770121574
128,0.006765355356037617,-0.011155478656291962,0.004166686441749334
129,0.010155216790735722,-0.011379474774003029,0.0044736298732459545
130,0.01369461603462696,-0.011572944931685925,0.004854924976825714
131,-0.012087184935808182,-0.00446157343685627,0.0040829917415976524
132,-0.009712728671729565,-0.004725288134068251,0.0039051526691764593
133,-0.007192831952124834,-0.004958858713507652,0.0038017649203538895
134,-0.00452709523960948,-0.005163148976862431,0.0037728496827185154
135,-0.0017150786006823182,-0.005338185466825962,0.0038183419965207577
136,0.0012436453253030777,-0.005483993329107761,0.0039382269605994225
137,0.0043495758436620235,-0.005600574426352978,0.004132520407438278
138,0.007603317499160767,-0.005687925964593887,0.0044012730941176414
139,0.011005685664713383,-0.00574612058699131,0.004744566045701504
140,0.01455760933458805,-0.0057746656239032745,0.005162247456610203
141,-0.011317244730889797,-0.00012228533159941435,0.004116334021091461
142,-0.008930285461246967,-0.00021679443307220936,0.00397486099973321
143,-0.006397896911948919,-0.0002822370734065771,0.003907805308699608
144,-0.0037196888588368893,-0.0003188296686857939,0.00391521118581295
145,-0.000895236968062818,-0.0003265857812948525,0.003997019026428461
146,0.002075886121019721,-0.000305510766338557,0.0041532134637236595
147,0.005194183439016342,-0.0002555997925810516,0.004383813124150038
148,0.008460273034870625,-0.00017684453632682562,0.004688872490078211
149,0.01187498401850462,-6.925908382982016e-05,0.005068484228104353
150,0.015439228154718876,6.718002259731293e-05,0.005522509571164846
151,-0.01052748505026102,0.0042608208023011684,0.004202726762741804
152,-0.008128100074827671,0.0043354942463338375,0.00409763352945447
153,-0.005583315622061491,0.0044381748884916306,0.004066923633217812
154,-0.0028927414678037167,0.004569279495626688,0.004110658075660467
155,-5.596525443252176e-05,0.004728800617158413,0.00422877911478281
156,0.002927435329183936,0.0049167475663125515,0.0044212727807462215
157,0.006057964637875557,0.005133132915943861,0.004688159562647343
158,0.009336247108876705,0.005377978086471558,0.005029498599469662
159,0.012763126753270626,0.0056513347662985325,0.005445394199341536
160,0.016339533030986786,0.005952771753072739,0.005935732740908861
161,-0.009717823937535286,0.008687958121299744,0.004342195112258196
162,-0.007306075654923916,0.008931843563914299,0.004273498896509409
163,-0.004748987499624491,0.00920266192406416,0.004279150161892176
164,-0.0020461473613977432,0.009501466527581215,0.004359221551567316
165,0.0008028430747799575,0.009828264825046062,0.004513655323535204
166,0.0037984002847224474,0.010183080099523067,0.004742438904941082
167,0.0069410246796905994,0.010565932840108871,0.005045595113188028
168,0.010231340304017067,0.010976852849125862,0.00542318494990468
169,0.01367021445184946,0.011415953747928143,0.005875331349670887
170,0.01725861057639122,0.011882344260811806,0.006401947233825922
171,-0.008888183161616325,0.013159279711544514,0.004534782841801643
172,-0.006464166101068258,0.0135724525898695,0.004502503667026758
173,-0.0038948615547269583,0.014011412858963013,0.004544531926512718
174,-0.001179839251562953,0.014477919787168503,0.0046609495766460896
175,0.0016812833491712809,0.01497199758887291,0.004851699341088533
176,0.0046889097429811954,0.015493691898882389,0.005116767715662718
177,0.007843523286283016,0.016043029725551605,0.005456177517771721
178,0.011145737022161484,0.016620028764009476,0.005869995802640915
179,0.014596433378756046,0.017224857583642006,0.0063583566807210445
180,0.01819658651947975,0.017856094986200333,0.006921201013028622
181,-0.008038703352212906,0.017674878239631653,0.004780575167387724
182,-0.005602499004453421,0.018257327377796173,0.004784721881151199
183,-0.0030210083350539207,0.01886432059109211,0.004863131791353226
184,-0.000293813762255013,0.019498560577630997,0.005015910137444735
185,0.00257943500764668,0.020159948617219925,0.005242985673248768
186,0.005599129945039749,0.020848572254180908,0.005544344894587994
187,0.008765725418925285,0.021564453840255737,0.005920011084526777
188,0.012079808861017227,0.02230757847428322,0.006370047107338905
189,0.015542280860245228,0.023078300058841705,0.006894621066749096
190,0.019154056906700134,0.023874422535300255,0.007493675220757723
191,-0.007170649245381355,0.022229518741369247,0.0050793783739209175
192,-0.00472199497744441,0.02298148348927498,0.00511993607506156
193,-0.002128093270584941,0.023756928741931915,0.005234758369624615
194,0.0006114509887993336,0.024559130892157555,0.005423920229077339
195,0.003497013356536627,0.025387940928339958,0.005687340162694454
196,0.006528990808874369,0.026243625208735466,0.006025014910846949
197,0.009707793593406677,0.027126194909214973,0.006436964962631464
198,0.013033973053097725,0.02803545817732811,0.006923239678144455
199,0.01650848239660263,0.028971876949071884,0.007484033238142729
200,0.020132379606366158,0.02993297018110752,0.008119383826851845
201,-0.014582785777747631,-0.024214569479227066,0.004605406895279884
202,-0.012244625017046928,-0.024967031553387642,0.004341789521276951
203,-0.009759529493749142,-0.025685414671897888,0.004152651876211166
204,-0.00712781585752964,-0.02637258730828762,0.0040380582213401794
205,-0.004349191207438707,-0.027028322219848633,0.003997970372438431
206,-0.0014233412221074104,-0.027652639895677567,0.004032375290989876
207,0.0016501018544659019,-0.028245529159903526,0.004141281824558973
208,0.004871546756476164,-0.02880699932575226,0.004324715584516525
209,0.008241314440965652,-0.02933751419186592,0.004582657478749752
210,0.011759460903704166,-0.029834380373358727,0.004914876073598862
211,-0.013768184930086136,-0.018387794494628906,0.0045046694576740265
212,-0.011417184956371784,-0.01896940916776657,0.004277483094483614
213,-0.008919449523091316,-0.019518744200468063,0.004124781582504511
214,-0.006275211926549673,-0.020037340000271797,0.004046623129397631
215,-0.0034841815941035748,-0.0205251295119524,0.004042974207550287
216,-0.0005459982203319669,-0.020982054993510246,0.004113819915801287
217,0.0025397613644599915,-0.021408114582300186,0.004259174689650536
218,0.005773564334958792,-0.02180340141057968,0.004479066468775272
219,0.009155831299722195,-0.022168172523379326,0.004773485939949751
220,0.012686477974057198,-0.022501176223158836,0.005142186768352985
221,-0.012934046797454357,-0.012510241940617561,0.004457027185708284
222,-0.010570411570370197,-0.012921364046633244,0.004266278352588415
223,-0.008060039021074772,-0.013301695697009563,0.0041500115767121315
224,-0.00540318014100194,-0.013651805929839611,0.004108276218175888
225,-0.002599582774564624,-0.01397168543189764,0.0041410489939153194
226,0.0003511206596158445,-0.014261290431022644,0.0042483205907046795
227,0.0034493738785386086,-0.014520620927214622,0.0044301035813987255
228,0.006695661228150129,-0.014749754220247269,0.004686422646045685
229,0.010090409778058529,-0.01494884304702282,0.005017264746129513
230,0.01363337691873312,-0.015117593109607697,0.005422391463071108
231,-0.012080563232302666,-0.006587053649127483,0.004462549462914467
232,-0.009704293683171272,-0.0068279835395514965,0.004308224190026522
233,-0.007181275635957718,-0.0070391492918133736,0.004228377249091864
234,-0.004511795938014984,-0.007220734376460314,0.004223056603223085
235,-0.0016956215258687735,-0.007372705265879631,0.00429224269464612
236,0.0012676130281761289,-0.007495032623410225,0.004435923416167498
237,0.004378362558782101,-0.007587716914713383,0.004654112737625837
238,0.00763712590560317,-0.007650809362530708,0.004946837667375803
239,0.011044343933463097,-0.007684445008635521,0.005314090754836798
240,0.014599723741412163,-0.007688672747462988,0.005755645222961903
241,-0.011207351461052895,-0.0006194568704813719,0.004521192517131567
242,-0.008818533271551132,-0.0006903756875544786,0.004403301049023867
243,-0.006282950285822153,-0.0007323366589844227,0.004359877202659845
244,-0.0036009312607347965,-0.0007453515427187085,0.004390970338135958
245,-0.0007722630980424583,-0.0007293997332453728,0.004496559966355562
246,0.002203411189839244,-0.0006844692397862673,0.004676636308431625
247,0.005326550453901291,-0.0006105586653575301,0.00493121100589633
248,0.008597662672400475,-0.0005076879169791937,0.0052603161893785
249,0.012017209082841873,-0.00037593068554997444,0.005663951393216848
250,0.015584880486130714,-0.00021545239724218845,0.0061419024132192135
251,-0.010314267128705978,0.005392204504460096,0.004632954485714436
252,-0.007912969216704369,0.005491235293447971,0.0045515079982578754
253,-0.005364920478314161,0.005618481896817684,0.004544516559690237
254,-0.002670472487807274,0.005774046294391155,0.004612026270478964
255,0.00017056656361091882,0.005957921035587788,0.004754014313220978
256,0.003158545820042491,0.0061700958758592606,0.004970469977706671
257,0.006293924525380135,0.006410576403141022,0.005261408630758524
258,0.009577220305800438,0.006679379381239414,0.005626861471682787
259,0.01300891675055027,0.006976509466767311,0.006066845264285803
260,0.016588732600212097,0.007301744073629379,0.006581158842891455
261,-0.009401258081197739,0.011447773315012455,0.004797854460775852
262,-0.006987531669437885,0.011716816574335098,0.004752869717776775
263,-0.004427109844982624,0.012013265863060951,0.004782319534569979
264,-0.0017203448805958033,0.012337395921349525,0.004886247683316469
265,0.0011329429689794779,0.012689178809523582,0.0050646294839680195
266,0.004133092705160379,0.013068588450551033,0.005317451898008585
267,0.007280560210347176,0.013475634157657623,0.005644728895276785
268,0.010575871914625168,0.013910364359617233,0.006046501453965902
269,0.014019537717103958,0.014372846111655235,0.006522796582430601
270,0.017611335963010788,0.014862746931612492,0.007073430344462395
271,-0.008468382991850376,0.017546921968460083,0.005015922244638205
272,-0.0060422602109611034,0.01798616535961628,0.005007416941225529
273,-0.0034695472568273544,0.01845177635550499,0.005073312669992447
274,-0.0007505465182475746,0.01894441433250904,0.005213661585003138
275,0.0021149057429283857,0.019464079290628433,0.0054284329526126385
276,0.005127136595547199,0.020010722801089287,0.005717610474675894
277,0.008286588825285435,0.020584354177117348,0.006081210449337959
278,0.011593795381486416,0.02118505723774433,0.006519278045743704
279,0.015049287118017673,0.02181291952729225,0.00703185610473156
280,0.018652889877557755,0.02246725559234619,0.007618760224431753
281,-0.007516066078096628,0.02368842624127865,0.005287155043333769
282,-0.005077468231320381,0.02429817244410515,0.0053151450119912624
283,-0.0024924734607338905,0.02493276074528694,0.005417478736490011
284,0.00023875996703281999,0.025593861937522888,0.005594248883426189
285,0.003116385079920292,0.02628140151500702,0.005845412611961365
286,0.006140712648630142,0.026995304971933365,0.00617094524204731
287,0.009312164038419724,0.027735579758882523,0.006570861674845219
288,0.012631264515221119,0.028502337634563446,0.007045216858386993
289,0.016098598018288612,0.029295802116394043,0.007594082970172167
290,0.01971402019262314,0.030114274471998215,0.008217236027121544
291,-0.006544828414916992,0.029866904020309448,0.005611301399767399
292,-0.004093877039849758,0.030647508800029755,0.00567579735070467
293,-0.0014966289745643735,0.031451113522052765,0.005814570002257824
294,0.0012469334760680795,0.03228076919913292,0.006027769297361374
295,0.00413688737899065,0.03313620388507843,0.006315329112112522
296,0.007173507008701563,0.034017421305179596,0.006677227560430765
297,0.010357157327234745,0.03492441773414612,0.0071134730242192745
298,0.013688297010958195,0.03585721552371979,0.007624107412993908
299,0.017167482525110245,0.03681625425815582,0.008209229446947575
300,0.020794453099370003,0.037798356264829636,0.008868535049259663
301,-0.014853870496153831,-0.031168797984719276,0.004985968116670847
302,-0.012514480389654636,-0.03189769387245178,0.0047458200715482235
303,-0.010027474723756313,-0.032594263553619385,0.0045801978558301926
304,-0.007393146865069866,-0.03325924277305603,0.004489135462790728
305,-0.004611472133547068,-0.03389246389269829,0.0044726296328008175
306,-0.001682279515080154,-0.03449370339512825,0.004530675243586302
307,0.001394631457515061,-0.035062938928604126,0.004663273226469755
308,0.004619418643414974,-0.03560037910938263,0.004870420787483454
309,0.007992061786353588,-0.03610624000430107,0.005152068566530943
310,0.011512262746691704,-0.036579713225364685,0.0055080982856452465
311,-0.013936815783381462,-0.023716602474451065,0.0049105058424174786
312,-0.01158450823277235,-0.02427452616393566,0.0047067878767848015
313,-0.0090847909450531,-0.024801673367619514,0.004577622748911381
314,-0.006437915842980146,-0.025297880172729492,0.004523026756942272
315,-0.003643812146037817,-0.025762934237718582,0.004542990121990442
316,-0.0007022664649412036,-0.026196641847491264,0.004637505859136581
317,0.00238698604516685,-0.02659899741411209,0.004806578159332275
318,0.005624182056635618,-0.026970189064741135,0.005050207953900099
319,0.00900938455015421,-0.027310499921441078,0.00536835752427578
320,0.012542178854346275,-0.02762020006775856,0.005760884378105402
321,-0.012999868020415306,-0.016213785856962204,0.004888198804110289
322,-0.01063491404056549,-0.016601044684648514,0.004720943048596382
323,-0.008122537285089493,-0.016958601772785187,0.0046282485127449036
324,-0.005463032051920891,-0.01728593371808529,0.004610124509781599
325,-0.0026563594583421946,-0.017582770437002182,0.004666558466851711
326,0.0002977015101350844,-0.017848964780569077,0.004797544330358505
327,0.0033994391560554504,-0.018084514886140823,0.00500308396294713
328,0.006649114657193422,-0.018289577215909958,0.005283179227262735
329,0.010046776384115219,-0.01846448704600334,0.005637791007757187
330,0.013591848313808441,-0.018609918653964996,0.006066765170544386
331,-0.012043257243931293,-0.008663749322295189,0.004919067490845919
332,-0.00966572668403387,-0.008880767039954662,0.004788274876773357
333,-0.007140717934817076,-0.009068659506738186,0.004732052329927683
334,-0.004468591883778572,-0.009226998314261436,0.004750399850308895
335,-0.0016493413131684065,-0.009355559013783932,0.004843302071094513
336,0.0013172454200685024,-0.00945425033569336,0.005010748282074928
337,0.004431461915373802,-0.009523073211312294,0.005252741742879152
338,0.007693579886108637,-0.009562135674059391,0.00556928152218461
339,0.011103632859885693,-0.009571726433932781,0.005960332229733467
340,0.014661007560789585,-0.0095524238422513,0.006425748113542795
341,-0.011066896840929985,-0.0010683431755751371,0.0050030965358018875
342,-0.008676841855049133,-0.0011153746163472533,0.004908771254122257
343,-0.006139262113720179,-0.0011335999006405473,0.0048890202306210995
344,-0.0034545809030532837,-0.0011228745570406318,0.004943838343024254
345,-0.0006228240090422332,-0.0010831248946487904,0.005073200445622206
346,0.0023562076967209578,-0.0010143215768039227,0.0052770948968827724
347,0.005482808221131563,-0.0009164692601189017,0.005555521696805954
348,0.008757257834076881,-0.0007896178867667913,0.005908485036343336
349,0.012179603800177574,-0.000633900286629796,0.006335953250527382
350,0.015749244019389153,-0.00044958898797631264,0.006837790831923485
351,-0.01007070392370224,0.006571455858647823,0.005140282213687897
352,-0.007668169215321541,0.006694321520626545,0.005082429852336645
353,-0.005118097644299269,0.0068457527086138725,0.0050991554744541645
354,-0.002420957200229168,0.007025554776191711,0.005190441384911537
355,0.00042319641215726733,0.007233622018247843,0.005356255453079939
356,0.0034145505633205175,0.0074699087999761105,0.005596581380814314
357,0.006553399842232466,0.0077344076707959175,0.005911421030759811
358,0.009840035811066628,0.008027139119803905,0.006300777662545443
359,0.013274531811475754,0.008348159492015839,0.0067646317183971405
360,0.016856340691447258,0.008697561919689178,0.007302864454686642
361,-0.009054693393409252,0.014254889450967312,0.005330628249794245
362,-0.006639701779931784,0.014547739177942276,0.005309259984642267
363,-0.004077206831425428,0.014868831261992455,0.0053624664433300495
364,-0.0013677075039595366,0.015217682346701622,0.005490216426551342
365,0.001488730777055025,0.015594038181006908,0.0056924717500805855
366,0.004492285195738077,0.015997793525457382,0.005969214253127575
367,0.007643247954547405,0.016428934410214424,0.0063204411417245865
368,0.010941924527287483,0.016887541860342026,0.006746164057403803
369,0.014388424344360828,0.017373833805322647,0.007246370892971754
370,0.017982274293899536,0.017888206988573074,0.00782096292823553
371,-0.008019009605050087,0.021980978548526764,0.0055741374380886555
372,-0.005591549910604954,0.022444069385528564,0.005589268170297146
373,-0.0030166860669851303,0.02293480932712555,0.005678956396877766
374,-0.0002949004992842674,0.023452624678611755,0.005843163933604956
375,0.002573744859546423,0.023997215554118156,0.00608185026794672
376,0.005589417181909084,0.024568423628807068,0.0063949935138225555
377,0.00875240471214056,0.025166232138872147,0.006782591808587313
378,0.012063018046319485,0.02579076960682869,0.007244657259434462
379,0.015521414577960968,0.026442307978868484,0.007781188003718853
380,0.019127201288938522,0.02712133526802063,0.0083920918405056
381,-0.006963978987187147,0.029747841879725456,0.0058707683347165585
382,-0.004524002783000469,0.03038160502910614,0.005922417156398296
383,-0.001936811488121748,0.031041905283927917,0.006048582959920168
384,0.0007972294697538018,0.031728558242321014,0.0062492405995726585
385,0.0036780782975256443,0.03244131803512573,0.0065243542194366455
386,0.006705881096422672,0.03317997232079506,0.006873889826238155
387,0.009880897589027882,0.033944495022296906,0.007297845557332039
388,0.013203434646129608,0.034735068678855896,0.007796239573508501
389,0.01667366363108158,0.035551898181438446,0.00836907047778368
390,0.020291291177272797,0.03639506548643112,0.009016233496367931
391,-0.00588990468531847,0.03755195811390877,0.006220394745469093
392,-0.0034376103430986404,0.038356713950634,0.006308569107204676
393,-0.0008381908992305398,0.03918640688061714,0.006471197586506605
394,0.0019081473583355546,0.04004179686307907,0.006708302069455385
395,0.004801321309059858,0.04092267528176308,0.0070198397152125835
396,0.007841416634619236,0.041828788816928864,0.00740577420219779
397,0.011028630658984184,0.04276008903980255,0.007866093888878822
398,0.014363196678459644,0.043716780841350555,0.008400809019804
399,0.01784520596265793,0.044698990881443024,0.00900990329682827
400,0.021474242210388184,0.04570567607879639,0.00969319511204958
401,-0.01509624719619751,-0.038073185831308365,0.00544376065954566
402,-0.01275546383112669,-0.03877660632133484,0.005227099172770977
403,-0.010266845114529133,-0.039449576288461685,0.005085056181997061
404,-0.0076305195689201355,-0.04009121656417847,0.005017611663788557
405,-0.004846540279686451,-0.04070108011364937,0.005024754907935858
406,-0.0019148720894008875,-0.04127886891365051,0.005106477066874504
407,0.0011645355261862278,-0.041824549436569214,0.005262771155685186
408,0.004391665570437908,-0.04233837127685547,0.005493625067174435
409,0.007766346447169781,-0.04282072186470032,0.0057990108616650105
410,0.011288190260529518,-0.04327242448925972,0.006178902927786112
411,-0.014076488092541695,-0.02899477444589138,0.005393545608967543
412,-0.011722870171070099,-0.029527656733989716,0.005213325377553701
413,-0.009221567772328854,-0.030031124129891396,0.005107751116156578
414,-0.006572704762220383,-0.030503936111927032,0.005076786503195763
415,-0.0037762965075671673,-0.030945565551519394,0.005120411515235901
416,-0.0008322659996338189,-0.03135574981570244,0.005238614976406097
417,0.002259491477161646,-0.03173447027802467,0.005431391764432192
418,0.005499027669429779,-0.0320819616317749,0.005698734428733587
419,0.008886223658919334,-0.03239875286817551,0.006040618289262056
420,0.012420618906617165,-0.03268614038825035,0.006457004230469465
421,-0.013036822900176048,-0.01986663043498993,0.005396590568125248
422,-0.01067058090120554,-0.020229222252964973,0.005252841394394636
423,-0.008156625553965569,-0.020562969148159027,0.005183749366551638
424,-0.005495154298841953,-0.020866764709353447,0.005189276300370693
425,-0.0026861976366490126,-0.02114005759358406,0.005269394721835852
426,0.00027032766956835985,-0.02138262614607811,0.005424088798463345
427,0.0033745495602488518,-0.021594464778900146,0.005653351079672575
428,0.006626542191952467,-0.021775782108306885,0.005957175511866808
429,0.010026170872151852,-0.021927159279584885,0.00633554020896554
430,0.01357288844883442,-0.0220497976988554,0.006788390688598156
431,-0.011977322399616241,-0.01069058757275343,0.0054528494365513325
432,-0.009598550386726856,-0.010883280076086521,0.005345578771084547
433,-0.007071993313729763,-0.011047312058508396,0.005312979221343994
434,-0.004397924058139324,-0.011181953363120556,0.00535500468686223
435,-0.001576411770656705,-0.011286819353699684,0.005471617914736271
436,0.0013926166575402021,-0.011361763812601566,0.005662798881530762
437,0.004509294405579567,-0.011406786739826202,0.005928537342697382
438,0.007773695047944784,-0.011422047391533852,0.006268827710300684
439,0.011185678653419018,-0.011407971382141113,0.0066836499609053135
440,0.014744682237505913,-0.011365385726094246,0.007172953803092241
441,-0.010898024775087833,-0.001468460075557232,0.005562296602874994
442,-0.008506765589118004,-0.0014915145002305508,0.005491505842655897
443,-0.005967660341411829,-0.0014858569484204054,0.005495402496308088
444,-0.0032810501288622618,-0.0014512764755636454,0.0055739255622029305
445,-0.0004470421699807048,-0.0013876634184271097,0.0057270280085504055
446,0.0025344209279865026,-0.0012949809897691011,0.005954685155302286
447,0.005663469899445772,-0.0011732394341379404,0.00625688536092639
448,0.008940187282860279,-0.0010225055739283562,0.006633620243519545
449,0.012364447116851807,-0.0008429416920989752,0.00708487955853343
450,0.015935705974698067,-0.0006348404567688704,0.007610624190419912
451,-0.009798948653042316,0.007798331324011087,0.005724916700273752
452,-0.007395231164991856,0.007944824174046516,0.005690611433237791
453,-0.004843635018914938,0.008120151236653328,0.005731002893298864
454,-0.002144560916349292,0.008323962800204754,0.005846019368618727
455,0.0007018523756414652,0.00855606235563755,0.006035601254552603
456,0.003695647930726409,0.008816363289952278,0.006299719680100679
457,0.006836954969912767,0.009104845114052296,0.006638361141085625
458,0.010125870816409588,0.009421546012163162,0.007051518652588129
459,0.01356230117380619,0.00976660754531622,0.007539189886301756
460,0.017145758494734764,0.010140310972929,0.008101354353129864
461,-0.00868016667664051,0.017108511179685593,0.005940704140812159
462,-0.006263995077461004,0.01742463745176792,0.005942890420556068
463,-0.003699962981045246,0.017769642174243927,0.006019778549671173
464,-0.0009885026374831796,0.018142659217119217,0.006171279586851597
465,0.0018702223896980286,0.018543211743235588,0.006397330202162266
466,0.004876247141510248,0.018971111625432968,0.006697893142700195
467,0.008029703050851822,0.01942632906138897,0.007072952575981617
468,0.011330698616802692,0.01990899071097374,0.0075225066393613815
469,0.014779184944927692,0.02041950449347496,0.008046560920774937
470,0.018374759703874588,0.020958688110113144,0.008645111694931984
471,-0.007541833445429802,0.026460658758878708,0.006209649611264467
472,-0.005113193765282631,0.02694667875766754,0.006248336751013994
473,-0.002536762971431017,0.027461376041173935,0.006361719686537981
474,0.00018701533554121852,0.0280035138130188,0.0065496983006596565
475,0.0030579818412661552,0.02857244946062565,0.00681220181286335
476,0.0060761673375964165,0.02916792407631874,0.007149193435907364
477,0.00924169272184372,0.029789894819259644,0.007560652680695057
478,0.012554683722555637,0.03043854981660843,0.008046581409871578
479,0.016015127301216125,0.031114447861909866,0.008606985211372375
480,0.01962272636592388,0.03181878477334976,0.009241882711648941
481,-0.006384184584021568,0.03585294634103775,0.006531728897243738
482,-0.003943071234971285,0.036509253084659576,0.006606930401176214
483,-0.001354290870949626,0.0371936559677124,0.006756810005754232
484,0.0013817697763442993,0.0379047691822052,0.006981256417930126
485,0.0042649684473872185,0.038641996681690216,0.007280205376446247
486,0.007295317016541958,0.03940501809120178,0.0076536135748028755
487,0.010472917929291725,0.040193792432546616,0.00810146052390337
488,0.013797874562442303,0.04100852459669113,0.008623742498457432
489,0.01727018877863884,0.04184971749782562,0.009220458567142487
490,0.020889662206172943,0.04271867871284485,0.009891638532280922
491,-0.005207463167607784,0.04528354853391647,0.0069069270975887775
492,-0.0027540249284356833,0.04611040651798248,0.007018646690994501
493,-0.00015297741629183292,0.046964291483163834,0.007205004338175058
494,0.0025953869335353374,0.04784419760107994,0.007465908769518137
495,0.005490910727530718,0.04874961078166962,0.007801301311701536
496,0.008533556014299393,0.049680180847644806,0.008211133070290089
497,0.011723367497324944,0.05063583701848984,0.008695371448993683
498,0.015060382895171642,0.051616787910461426,0.00925400573760271
499,0.018544523045420647,0.05262339115142822,0.009887010790407658
500,0.022175543010234833,0.053656451404094696,0.010594374500215054
501,-0.015311041846871376,-0.04492654278874397,0.005978971719741821
502,-0.012968759983778,-0.04560400918126106,0.005785821005702019
503,-0.010478622280061245,-0.046252284198999405,0.005667376797646284
504,-0.007840631529688835,-0.04686979949474335,0.005623578559607267
505,-0.005054843612015247,-0.047455791383981705,0.005654393695294857
506,-0.0021212890278548002,-0.04800990968942642,0.005759804509580135
507,0.0009599893819540739,-0.048532113432884216,0.005939797032624483
508,0.004188890103250742,-0.04902268946170807,0.006194365676492453
509,0.007565192878246307,-0.04948233813047409,0.006523510441184044
510,0.011088568717241287,-0.04991259425878525,0.006927270442247391
511,-0.014188505709171295,-0.034221895039081573,0.005954011343419552
512,-0.011833512224256992,-0.03472939133644104,0.0057973130606114864
513,-0.009330756030976772,-0.0352083221077919,0.005715342704206705
514,-0.0066802604123950005,-0.035657044500112534,0.005708028562366962
515,-0.0038820533081889153,-0.03607480973005295,0.005775329656898975
516,-0.0009361366974189878,-0.03646128252148628,0.005917225498706102
517,0.0021574879065155983,-0.036816440522670746,0.006133703514933586
518,0.005398767068982124,-0.037140581756830215,0.006424758117645979
519,0.008787519298493862,-0.03743443265557289,0.006790395360440016
520,0.012323373928666115,-0.037699684500694275,0.007230643182992935
521,-0.013046132400631905,-0.02346857450902462,0.005982398986816406
522,-0.010678566060960293,-0.02380630373954773,0.005862175486981869
523,-0.008163202553987503,-0.024115685373544693,0.005816693417727947
524,-0.00550013966858387,-0.024395430460572243,0.005845877341926098
525,-0.0026894197799265385,-0.024644844233989716,0.005949679296463728
526,0.00026896095369011164,-0.024863652884960175,0.006128071341663599
527,0.003375019645318389,-0.025051848962903023,0.006381039507687092
528,0.006628718227148056,-0.025209687650203705,0.006708580069243908
529,0.010029877535998821,-0.025337878614664078,0.007110702805221081
530,0.013578075915575027,-0.025437772274017334,0.0075874244794249535
531,-0.01188389491289854,-0.012667322531342506,0.00606404896825552
532,-0.009503836743533611,-0.012835608795285225,0.005980309098958969
533,-0.006975912488996983,-0.012975474819540977,0.005971325561404228
534,-0.004300291184335947,-0.01308611873537302,0.006037016399204731
535,-0.001477050594985485,-0.013167096301913261,0.006177322473376989
536,0.0014938015956431627,-0.013218224048614502,0.006392211187630892
537,0.00461228471249342,-0.013239503838121891,0.006681665778160095
538,0.00787836778908968,-0.013231128454208374,0.0070456815883517265
539,0.011291866190731525,-0.01319357380270958,0.0074842702597379684
540,0.014852361753582954,-0.013127699494361877,0.007997456938028336
541,-0.01070184726268053,-0.0018196653109043837,0.006198913790285587
542,-0.008309338241815567,-0.001818731427192688,0.0061516594141721725
543,-0.005768900737166405,-0.0017891193274408579,0.006179178599268198
544,-0.0030807661823928356,-0.0017306162044405937,0.006281375419348478
545,-0.00024505224428139627,-0.0016431035473942757,0.006458183750510216
546,0.0027382171247154474,-0.0015265417750924826,0.006709560286253691
547,0.005869059823453426,-0.0013809469528496265,0.0070354873314499855
548,0.009147451259195805,-0.0012063910253345966,0.007435962092131376
549,0.012573225423693657,-0.001003033947199583,0.007911000400781631
550,0.016145993024110794,-0.0007711362559348345,0.008460642769932747
551,-0.009500074200332165,0.009072809480130672,0.006386965978890657
552,-0.007095131557434797,0.009242882952094078,0.006376199424266815
553,-0.004542223177850246,0.009441948495805264,0.006440219935029745
554,-0.0018416346283629537,0.009669607505202293,0.0065789176151156425
555,0.0010064818197861314,0.009925617836415768,0.006792216561734676
556,0.00400208868086338,0.010209862142801285,0.007080069277435541
557,0.007145201787352562,0.010522310622036457,0.0074424524791538715
558,0.01043581124395132,0.010863028466701508,0.007879367098212242
559,0.013873780146241188,0.011232202872633934,0.008390835486352444
560,0.017458779737353325,0.01163020171225071,0.008976912125945091
561,-0.0082786800339818,0.02000853605568409,0.006628191098570824
562,-0.005861304700374603,0.020347824320197105,0.0066539146937429905
563,-0.0032959626987576485,0.020716354250907898,0.006754433736205101
564,-0.0005829816218465567,0.021113142371177673,0.006929625757038593
565,0.002277463674545288,0.021537620574235916,0.0071794032119214535
566,0.005285326857119799,0.021989528089761734,0.00750371441245079
567,0.008440623059868813,0.022468823939561844,0.007902535609900951
568,0.01174335740506649,0.02297569066286087,0.008375866338610649
569,0.015193439088761806,0.023510638624429703,0.008923739194869995
570,0.018790610134601593,0.024074632674455643,0.009546227753162384
571,-0.007037806790322065,0.030985940247774124,0.006922580301761627
572,-0.004607991315424442,0.031494662165641785,0.006984802428632975
573,-0.002030249685049057,0.03203268721699715,0.007121819071471691
574,0.0006950704264454544,0.03259854391217232,0.00733349472284317
575,0.003567788749933243,0.033191416412591934,0.007619737647473812
576,0.006587850395590067,0.03381095826625824,0.00798049382865429
577,0.009755271486938,0.034457117319107056,0.008415734395384789
578,0.01307005900889635,0.03513014316558838,0.00892545934766531
579,0.016532165929675102,0.035830769687891006,0.009509706869721413
580,0.02014142833650112,0.03656046837568283,0.010168568231165409
581,-0.0057776374742388725,0.04200351610779762,0.007270145695656538
582,-0.0033353865146636963,0.04268199950456619,0.007368871476501226
583,-0.0007452848367393017,0.043389562517404556,0.007542386185377836
584,0.001992344157770276,0.044124361127614975,0.007790538482367992
585,0.004877324216067791,0.0448855385184288,0.008113237097859383
586,0.007909590378403664,0.045672688633203506,0.008510426618158817
587,0.011089134030044079,0.046485744416713715,0.008982077240943909
588,0.014415953308343887,0.04732498526573181,0.009528180584311485
589,0.017890004441142082,0.048191167414188385,0.010148763656616211
590,0.021511221304535866,0.04908611625432968,0.010843944735825062
591,-0.004498344846069813,0.053060613572597504,0.007670938037335873
592,-0.0020437517669051886,0.053909074515104294,0.007806171663105488
593,0.0005586598999798298,0.05478595942258835,0.008016170002520084
594,0.0033086142502725124,0.05568952485918999,0.008300792425870895
595,0.0062059261836111546,0.05661889910697937,0.008659948594868183
596,0.00925049465149641,0.05757364630699158,0.009093577042222023
597,0.012442270293831825,0.05855368450284004,0.00960164051502943
598,0.01578119955956936,0.059559278190135956,0.010184119455516338
599,0.019267180934548378,0.060591138899326324,0.010841027833521366
600,0.02290014550089836,0.061650924384593964,0.011572461575269699
601,-0.015498940832912922,-0.05172870308160782,0.0065916660241782665
602,-0.013155128806829453,-0.052380360662937164,0.006422063801437616
603,-0.010663511231541634,-0.05300348997116089,0.006327229551970959
604,-0.008024031296372414,-0.053596410900354385,0.006307084579020739
605,-0.005236717406660318,-0.05415823310613632,0.006361579056829214
606,-0.002301628002896905,-0.054688554257154465,0.006490678992122412
607,0.000781158683821559,-0.055187348276376724,0.006694369483739138
608,0.004011516459286213,-0.05565495043992996,0.006972653791308403
609,0.00738924415782094,-0.05609220266342163,0.007325560320168734
610,0.010914105921983719,-0.05650078505277634,0.0077531603164970875
611,-0.01427364069968462,-0.039398204535245895,0.006591988727450371
612,-0.011917238123714924,-0.03988044336438179,0.006458846386522055
613,-0.009413077495992184,-0.04033447429537773,0.006400490179657936
614,-0.006761128082871437,-0.04075871407985687,0.006416829768568277
615,-0.0039614113047719,-0.041152335703372955,0.006507808342576027
616,-0.001013964181765914,-0.04151499643921852,0.006673392839729786
617,0.0020811615977436304,-0.04184667021036148,0.0069135683588683605
618,0.005323871038854122,-0.0421476773917675,0.007228336296975613
619,0.008713989518582821,-0.04241882264614105,0.0076177287846803665
620,0.012251266278326511,-0.04266172647476196,0.008081815205514431
621,-0.013028576970100403,-0.027020009234547615,0.006645716726779938
622,-0.010659663006663322,-0.027332983911037445,0.006549052428454161
623,-0.008142958395183086,-0.027617773041129112,0.006527184974402189
624,-0.00547849340364337,-0.02787318453192711,0.006580024026334286
625,-0.0026663048192858696,-0.02809852361679077,0.006707501597702503
626,0.0002935725497081876,-0.02829349972307682,0.006909582763910294
627,0.00340109970420599,-0.02845810353755951,0.00718624796718359
628,0.006656191777437925,-0.02859261818230152,0.007537501864135265
629,0.010058687999844551,-0.028697742149233818,0.007963377982378006
630,0.013608302921056747,-0.02877471037209034,0.008463943377137184
631,-0.011763683520257473,-0.014594224281609058,0.0067527517676353455
632,-0.009382316842675209,-0.01473817229270935,0.0066925701685249805
633,-0.006853100843727589,-0.01485375501215458,0.006707202177494764
634,-0.0041761258617043495,-0.014940246008336544,0.006796546746045351
635,-0.0013514593010768294,-0.014997221529483795,0.006960531696677208
636,0.0016208537854254246,-0.01502449531108141,0.00719910953193903
637,0.004740774631500244,-0.01502207014709711,0.007512259762734175
638,0.008008227683603764,-0.014990147203207016,0.007899991236627102
639,0.011423049494624138,-0.014929170720279217,0.00836233887821436
640,0.014984974637627602,-0.0148398969322443,0.008899377658963203
641,-0.010479017160832882,-0.0021220273338258266,0.006913027260452509
642,-0.008085228502750397,-0.0020971233025193214,0.006889329757541418
643,-0.005543535575270653,-0.0020435317419469357,0.006940464023500681
644,-0.002854082267731428,-0.001961070578545332,0.00706631550565362
645,-1.6971054719761014e-05,-0.001849638530984521,0.007266801316291094
646,0.0029677385464310646,-0.001709201605990529,0.0075418706983327866
647,0.006100006401538849,-0.0015397768002003431,0.007891500368714333
648,0.009379762224853039,-0.0013414318673312664,0.008315695449709892
649,0.012806867249310017,-0.0011143009178340435,0.008814501576125622
650,0.016381077468395233,-0.0008585844188928604,0.00938800536096096
651,-0.009174677543342113,0.010395031422376633,0.007126503624022007
652,-0.006768479477614164,0.010588720440864563,0.007139291148632765
653,-0.004214339889585972,0.010811463929712772,0.007226924877613783
654,-0.0015124516794458032,0.011062882840633392,0.007389277685433626
655,0.00133705313783139,0.011342726647853851,0.0076262569054961205
656,0.0043341014534235,0.011650867760181427,0.007937805727124214
657,0.0074786534532904625,0.01198728010058403,0.00832389947026968
658,0.010770649649202824,0.012352031655609608,0.00878454651683569
659,0.014209977351129055,0.012745331972837448,0.009319794364273548
660,0.01779644563794136,0.013167552649974823,0.009929746389389038
661,-0.00785078201442957,0.022955313324928284,0.007393157109618187
662,-0.005432171281427145,0.02331784926354885,0.007442436646670103
663,-0.002865612506866455,0.023709755390882492,0.007566565182060003
664,-0.00015133479610085487,0.02413010783493519,0.007765410467982292
665,0.0027105098124593496,0.024578340351581573,0.008038871921598911
666,0.005719838663935661,0.025054171681404114,0.008386887609958649
667,0.008876610547304153,0.025557557120919228,0.00880943052470684
668,0.012180781923234463,0.026088707149028778,0.009306509047746658
669,0.015632273629307747,0.026648137718439102,0.009878179058432579
670,0.019230958074331284,0.02723677270114422,0.010524556040763855
671,-0.006507457699626684,0.03555729612708092,0.007712997496128082
672,-0.004076430574059486,0.03608884662389755,0.007798769045621157
673,-0.0014974764781072736,0.03664994239807129,0.007959390990436077
674,0.0012291530147194862,0.037239186465740204,0.008194719441235065
675,0.004103296902030706,0.03785574808716774,0.008504651486873627
676,0.007124865427613258,0.038499243557453156,0.008889121934771538
677,0.010293811559677124,0.039169613271951675,0.009348099119961262
678,0.013610104098916054,0.039867155253887177,0.009881590493023396
679,0.017073698341846466,0.040592629462480545,0.010489657521247864
680,0.020684536546468735,0.0413474515080452,0.011172432452440262
681,-0.005144829861819744,0.0481998585164547,0.008086055517196655
682,-0.0027013930957764387,0.04890067130327225,0.0082083223387599
683,-0.00011007278226315975,0.049630988389253616,0.008405438624322414
684,0.002628888003528118,0.05038902908563614,0.008677246049046516
685,0.0055153220891952515,0.05117383599281311,0.009023641236126423
686,0.008549131453037262,0.051984965801239014,0.009444558061659336
687,0.0117302555590868,0.052822358906269073,0.00993996113538742
688,0.015058651566505432,0.05368632450699806,0.010509851388633251
689,0.018534284085035324,0.05457773804664612,0.01115428563207388
690,0.022157179191708565,0.055498410016298294,0.011873417533934116
691,-0.003763003507629037,0.060883019119501114,0.008512424305081367
692,-0.0013072076253592968,0.06175324693322182,0.008671187795698643
693,0.0012964538764208555,0.06265266239643097,0.008904791437089443
694,0.0040477607399225235,0.06357936561107635,0.00921307597309351
695,0.0069465357810258865,0.06453234702348709,0.00959593616425991
696,0.009992655366659164,0.06551109999418259,0.010053301230072975
697,0.013186033815145493,0.06651555746793747,0.01058513205498457
698,0.016526592895388603,0.0675460547208786,0.011191423051059246
699,0.020014271140098572,0.06860347837209702,0.01187221985310316
700,0.023649100214242935,0.06968971341848373,0.012627663090825081
701,-0.015660403296351433,-0.05848021060228348,0.007281863130629063
702,-0.01331508532166481,-0.05910643935203552,0.007135847583413124
703,-0.010822013951838017,-0.05970434844493866,0.007064640522003174
704,-0.008181119337677956,-0.0602724589407444,0.00706815579906106
705,-0.005392418242990971,-0.06080995127558708,0.007146328687667847
706,-0.0024559656158089638,-0.06131642311811447,0.00729911495000124
707,0.0006281535606831312,-0.061791855841875076,0.007526499684900045
708,0.003859821707010269,-0.062236614525318146,0.00782849546521902
709,0.007238887250423431,-0.06265147775411606,0.008205147460103035
710,0.010765200480818748,-0.0630379393696785,0.008656546473503113
711,-0.014332394115626812,-0.04452439770102501,0.007307504303753376
712,-0.011974579654633999,-0.044981662184000015,0.007197956088930368
713,-0.009469037875533104,-0.04541074112057686,0.007163226138800383
714,-0.00681571289896965,-0.04581031948328018,0.007203222252428532
715,-0.00401462335139513,-0.04617968201637268,0.0073178778402507305
716,-0.0010658168466761708,-0.0465184785425663,0.007507148664444685
717,0.0020306373480707407,-0.04682670533657074,0.007771017029881477
718,0.005274636670947075,-0.04710468649864197,0.008109495043754578
719,0.008666050620377064,-0.047353118658065796,0.008522631600499153
720,0.012204722501337528,-0.04757334664463997,0.00901051890105009
721,-0.012984669767320156,-0.030521679669618607,0.0073865847662091255
722,-0.010614405386149883,-0.030810095369815826,0.007313511334359646
723,-0.008096381090581417,-0.031070269644260406,0.007315271534025669
724,-0.005430595017969608,-0.03130123019218445,0.007391764782369137
725,-0.002617075340822339,-0.03150239959359169,0.007542915176600218
726,0.00034412869717925787,-0.031673505902290344,0.00776867987588048
727,0.0034529538825154305,-0.03181455656886101,0.008069033734500408
728,0.006709306035190821,-0.031925804913043976,0.00844399631023407
729,0.010113063268363476,-0.032007843255996704,0.008893614634871483
730,0.013664064928889275,-0.032061655074357986,0.009417985565960407
731,-0.011617169715464115,-0.016471823677420616,0.0075190020725131035
732,-0.009234489873051643,-0.016591552644968033,0.007482410874217749
733,-0.006704004947096109,-0.01668284274637699,0.007520667277276516
734,-0.004025758244097233,-0.01674511842429638,0.007633662316948175
735,-0.0011998048285022378,-0.016778038814663887,0.007821316830813885
736,0.0017737990710884333,-0.016781441867351532,0.00808357261121273
737,0.004894988611340523,-0.01675533503293991,0.008420413359999657
738,0.008163679391145706,-0.0166998952627182,0.008831851184368134
739,0.011579751968383789,-0.016615480184555054,0.009317942894995213
740,0.015143061056733131,-0.01650267280638218,0.00987879280000925
741,-0.01022995263338089,-0.002375722862780094,0.007704681251198053
742,-0.007834875024855137,-0.002326877322047949,0.007704571820795536
743,-0.005291949957609177,-0.002249304670840502,0.007779325824230909
744,-0.0026012645103037357,-0.002142873592674732,0.007928824052214622
745,0.0002371037844568491,-0.0020075133070349693,0.00815297570079565
746,0.0032230832148343325,-0.0018432033248245716,0.00845172256231308
747,0.006356608588248491,-0.001649961806833744,0.00882504228502512
748,0.009637602604925632,-0.0014278418384492397,0.009272949770092964
749,0.013065961189568043,-0.001176936086267233,0.009795504622161388
750,0.016641560941934586,-0.0008973805233836174,0.010392822325229645
751,-0.008823122829198837,0.011765211820602417,0.007943572476506233
752,-0.006415650248527527,0.011982586234807968,0.00797994714230299
753,-0.003860304830595851,0.012229006737470627,0.008091197349131107
754,-0.0011572055518627167,0.012504149228334427,0.008277191780507565
755,0.00169354397803545,0.012807791121304035,0.008537833578884602
756,0.004691862501204014,0.013139810413122177,0.008873062208294868
757,0.007837683893740177,0.01350017823278904,0.009282851591706276
758,0.011130939237773418,0.013888968154788017,0.009767213836312294
759,0.01457155216485262,0.014306370168924332,0.010326222516596317
760,0.018159428611397743,0.014752715826034546,0.010959995910525322
761,-0.007396790198981762,0.02594941109418869,0.00823565386235714
762,-0.0049769203178584576,0.02633535861968994,0.008308516815304756
763,-0.0024091715458780527,0.026750631630420685,0.008456256240606308
764,0.00030631263507530093,0.027194464579224586,0.008678740821778774
765,0.003169409930706024,0.027666369453072548,0.008975864388048649
766,0.006180030293762684,0.02816608175635338,0.009347562678158283
767,0.009338106960058212,0.02869356796145439,0.009793808683753014
768,0.012643585912883282,0.029249019920825958,0.010314617305994034
769,0.016096411272883415,0.02983289211988449,0.010910061188042164
770,0.019696542993187904,0.03044595941901207,0.011580272577702999
771,-0.00595106091350317,0.040175504982471466,0.00858093798160553
772,-0.0035187918692827225,0.04073013365268707,0.008690288290381432
773,-0.0009386528981849551,0.041314270347356796,0.008874517865478992
774,0.0017891908064484596,0.04192676767706871,0.009133483283221722
775,0.004664610140025616,0.04256688803434372,0.009467080235481262
776,0.007687507197260857,0.04323427751660347,0.009875237941741943
777,0.010857812128961086,0.04392888396978378,0.010357930324971676
778,0.014175480231642723,0.04465099051594734,0.010915172286331654
779,0.017640478909015656,0.04540127515792847,0.011547034606337547
780,0.021252822130918503,0.04618091508746147,0.012253660708665848
781,-0.004486012272536755,0.05444268137216568,0.008979477919638157
782,-0.0020413482561707497,0.055166151374578476,0.009125322103500366
783,0.0005511646158993244,0.05591918155550957,0.009346038103103638
784,0.003291355911642313,0.056700266897678375,0.009641480632126331
785,0.006179089657962322,0.05750855430960655,0.010011544451117516
786,0.009214261546730995,0.05834359675645828,0.010456157848238945
787,0.0123967956751585,0.05920534208416939,0.010975288227200508
788,0.015726640820503235,0.06009412556886673,0.011568949557840824
789,0.019203776493668556,0.06101074069738388,0.01223720982670784
790,0.022828271612524986,0.061956729739904404,0.012980225495994091
791,-0.003001682460308075,0.06875129789113998,0.009431377053260803
792,-0.0005446441937237978,0.06964373588562012,0.009613714180886745
793,0.0020602326840162277,0.0705655962228775,0.009870919398963451
794,0.004812783561646938,0.07151520252227783,0.010202844627201557
795,0.00771286292001605,0.0724916085600853,0.010609379969537258
796,0.0107603520154953,0.07349429279565811,0.011090449057519436
797,0.013955159112811089,0.0745232030749321,0.011646018363535404
798,0.01729721948504448,0.0755787193775177,0.012276096269488335
799,0.020786497741937637,0.07666169106960297,0.01298074796795845
800,0.024423087015748024,0.07777382433414459,0.013760130852460861
801,-0.01579577848315239,-0.06518207490444183,0.008049573749303818
802,-0.013449003919959068,-0.06578327715396881,0.007927178405225277
803,-0.01095450296998024,-0.06635604053735733,0.007879613898694515
804,-0.008312210440635681,-0.06689928472042084,0.007906791754066944
805,-0.005522145889699459,-0.067412368953228,0.008008643053472042
806,-0.0025843670591712,-0.06789498031139374,0.00818511564284563
807,0.0005010436289012432,-0.06834711134433746,0.008436192758381367
808,0.0037339874543249607,-0.06876906752586365,0.008761890232563019
809,0.007114362437278032,-0.06916144490242004,0.00916227139532566
810,0.010642092674970627,-0.069525346159935,0.009637425653636456
811,-0.014365122653543949,-0.049601513892412186,0.008100566454231739
812,-0.012005934491753578,-0.050034135580062866,0.00801464170217514
813,-0.009499019011855125,-0.05043832212686539,0.00800355151295662
814,-0.006844332907348871,-0.05081319808959961,0.008067205548286438
815,-0.004041893407702446,-0.051158223301172256,0.008205536752939224
816,-0.0010917594190686941,-0.05147315561771393,0.0084184929728508
817,0.002005988033488393,-0.051757991313934326,0.008706055581569672
818,0.005251254886388779,-0.05201296880841255,0.009068243205547333
819,0.008643945679068565,-0.052238620817661285,0.009505110792815685
820,0.012183991260826588,-0.052435822784900665,0.01001675147563219
821,-0.012914766557514668,-0.033974550664424896,0.00820501334965229
822,-0.010543178766965866,-0.034238651394844055,0.008155561983585358
823,-0.008023844100534916,-0.03447425365447998,0.008180957287549973
824,-0.005356747191399336,-0.03468073531985283,0.008281105197966099
825,-0.0025419180747121572,-0.03485769405961037,0.008455927483737469
826,0.0004205836448818445,-0.035004932433366776,0.008705374784767628
827,0.0035306785721331835,-0.035122450441122055,0.009029421955347061
828,0.006788274273276329,-0.03521045669913292,0.00942808948457241
829,0.010193279013037682,-0.0352693535387516,0.009901437908411026
830,0.013745632953941822,-0.03529975935816765,0.010449566878378391
831,-0.011444679461419582,-0.018300822004675865,0.008362814784049988
832,-0.00906070601195097,-0.018396463245153427,0.00834984052926302
833,-0.006528961472213268,-0.018463486805558205,0.008411730639636517
834,-0.003849454689770937,-0.018501542508602142,0.008548376150429249
835,-0.0010222331620752811,-0.01851038634777069,0.008759696036577225
836,0.0019526360556483269,-0.018489917740225792,0.009045631624758244
837,0.005075071472674608,-0.018440142273902893,0.009406162425875664
838,0.008344985544681549,-0.01836118847131729,0.009841307066380978
839,0.011762292124330997,-0.018253305926918983,0.010351126082241535
840,0.01532694324851036,-0.01811683364212513,0.010935742408037186
841,-0.009954927489161491,-0.002581000793725252,0.008573896251618862
842,-0.007558577693998814,-0.00250824773684144,0.008597401902079582
843,-0.005014429334551096,-0.0024066995829343796,0.008695785887539387
844,-0.0023225198965519667,-0.0022762957960367203,0.00886892806738615
845,0.0005170854274183512,-0.0021170061081647873,0.009116739965975285
846,0.0035043105017393827,-0.001928822137415409,0.009439163841307163
847,0.006639073137193918,-0.0017117662355303764,0.009836174547672272
848,0.00992128811776638,-0.001465874258428812,0.010307789780199528
849,0.013350882567465305,-0.0011911937035620213,0.010854077525436878
850,0.016927821561694145,-0.000887774396687746,0.011475167237222195
851,-0.008445624262094498,0.013183612376451492,0.008838199079036713
852,-0.006036888808012009,0.013424742966890335,0.008898190222680569
853,-0.0034803426824510098,0.01369486004114151,0.009033064357936382
854,-0.0007760422304272652,0.013993721455335617,0.009242698550224304
855,0.0020759322214871645,0.014321153983473778,0.009526999667286873
856,0.0050754970870912075,0.014677046798169613,0.009885905310511589
857,0.008222567848861217,0.015061373822391033,0.01031938660889864
858,0.01151706837117672,0.015474198386073112,0.010827467776834965
859,0.014958937652409077,0.015915673226118088,0.011410215869545937
860,0.01854816824197769,0.01638605073094368,0.012067765928804874
861,-0.006916875950992107,0.028991542756557465,0.009155702777206898
862,-0.004495748318731785,0.02940107136964798,0.009252182208001614
863,-0.0019268078031018376,0.02983975037932396,0.009423541836440563
864,0.0007898716721683741,0.03030705824494362,0.009669664315879345
865,0.0036541996523737907,0.030802613124251366,0.009990445338189602
866,0.006666085682809353,0.03132620453834534,0.010385822504758835
867,0.00982544757425785,0.031877800822257996,0.010855771601200104
868,0.013132214546203613,0.03245755285024643,0.011400307528674603
869,0.01658635027706623,0.033065810799598694,0.012019507586956024
870,0.0201878622174263,0.03370311111211777,0.01271350122988224
871,-0.005368758924305439,0.04484153538942337,0.00952642597258091
872,-0.0029352358542382717,0.04541952908039093,0.009659395553171635
873,-0.0003539088647812605,0.04602677375078201,0.009867239743471146
874,0.0023751372937113047,0.04666248708963394,0.010149839334189892
875,0.0052518052980303764,0.04732613265514374,0.01050709467381239
876,0.008276000618934631,0.048017408698797226,0.010938938707113266
877,0.011447640135884285,0.04873627424240112,0.011445344425737858
878,0.014766663312911987,0.04948296397924423,0.012026330456137657
879,0.0182330422103405,0.05025797337293625,0.01268196851015091
880,0.021846819669008255,0.05106210708618164,0.013412389904260635
881,-0.003801307175308466,0.060733020305633545,0.009950428269803524
882,-0.0013553937897086143,0.061479534953832626,0.010119888000190258
883,0.0012383130379021168,0.06225534901022911,0.01036421675235033
884,0.003979718312621117,0.06305944174528122,0.010683292523026466
885,0.006868720520287752,0.06389112770557404,0.011077017523348331
886,0.009905220940709114,0.064750075340271,0.011545323766767979
887,0.013089139014482498,0.06563623249530792,0.012088182382285595
888,0.016420409083366394,0.06654985249042511,0.012705606408417225
889,0.019899016246199608,0.0674915686249733,0.013397668488323689
890,0.02352503314614296,0.06846243888139725,0.014164505526423454
891,-0.0022145002149045467,0.07666648179292679,0.010427814908325672
892,0.00024379813112318516,0.07758157700300217,0.010633764788508415
893,0.0028498852625489235,0.07852597534656525,0.010914584621787071
894,0.005603657569736242,0.07949844002723694,0.011270146816968918
895,0.008505004458129406,0.08049817383289337,0.011700347997248173
896,0.011553823947906494,0.08152477443218231,0.012205115519464016
897,0.014750026166439056,0.08257818967103958,0.01278441771864891
898,0.01809355616569519,0.08365873992443085,0.013438272289931774
899,0.021584387868642807,0.08476713299751282,0.014166750945150852
900,0.025222619995474815,0.08590464293956757,0.014969992451369762
901,-0.01590539515018463,-0.07183586061000824,0.008894816972315311
902,-0.013557244092226028,-0.07241227477788925,0.008796063251793385
903,-0.011061323806643486,-0.07295984774827957,0.008772142231464386
904,-0.008417587727308273,-0.07347806543111801,0.008822983130812645
905,-0.005626072641462088,-0.07396663725376129,0.008948512375354767
906,-0.002686863299459219,-0.07442540675401688,0.009148675948381424
907,0.0003999294713139534,-0.07485438883304596,0.009423453360795975
908,0.0036341967061161995,-0.07525372505187988,0.009772859513759613
909,0.0070158676244318485,-0.07562368363142014,0.010196956805884838
910,0.01054493710398674,-0.07596477121114731,0.010695830918848515
911,-0.014372156001627445,-0.05463119596242905,0.008971180766820908
912,-0.012011649087071419,-0.055039308965206146,0.00890889298170805
913,-0.009503369219601154,-0.05541861057281494,0.008921440690755844
914,-0.006847281940281391,-0.05576873570680618,0.009008750319480896
915,-0.00404341658577323,-0.056089404970407486,0.009170752950012684
916,-0.001091859769076109,-0.0563804917037487,0.009407402016222477
917,0.002007271395996213,-0.056641995906829834,0.009718670509755611
918,0.005253865383565426,-0.056874051690101624,0.010104574263095856
919,0.008647840470075607,-0.05707693099975586,0.010565163567662239
920,0.012189199216663837,-0.0572509840130806,0.011100531555712223
921,-0.01281917653977871,-0.037380151450634,0.009100993163883686
922,-0.010446321219205856,-0.03761998564004898,0.00907517597079277
923,-0.007925680838525295,-0.03783101215958595,0.009124205447733402
924,-0.005257236305624247,-0.0380130261182785,0.009248001500964165
925,-0.0024410244077444077,-0.038165781646966934,0.009446490556001663
926,0.0005228689406067133,-0.038289159536361694,0.009719625115394592
927,0.003634327556937933,-0.03838317468762398,0.010067380964756012
928,0.006893233396112919,-0.03844795376062393,0.010489769279956818
929,0.010299500077962875,-0.03848373517394066,0.010986840352416039
930,0.013853131793439388,-0.03849071264266968,0.011558698490262032
931,-0.011246469803154469,-0.02008230611681938,0.009284181520342827
932,-0.00886127445846796,-0.02015387825667858,0.009294835850596428
933,-0.0063282763585448265,-0.020196624100208282,0.00938035175204277
934,-0.003647469449788332,-0.02021045982837677,0.009540638886392117
935,-0.0008189036743715405,-0.020195243880152702,0.009775620885193348
936,0.0021573295816779137,-0.020150907337665558,0.010085244663059711
937,0.005281112156808376,-0.02007746510207653,0.010469484142959118
938,0.008552322164177895,-0.019975006580352783,0.010928351432085037
939,0.011970868334174156,-0.019843684509396553,0.011461900547146797
940,0.015536761842668056,-0.019683564081788063,0.012070244178175926
941,-0.009654131717979908,-0.0027382676489651203,0.009520668536424637
942,-0.007256587967276573,-0.0026416024193167686,0.009567798115313053
943,-0.004711227025836706,-0.002516071777790785,0.009689802303910255
944,-0.0020180547144263983,-0.0023617008700966835,0.00988658145070076
945,0.000822869420517236,-0.0021784817799925804,0.010158053599298
946,0.003811444155871868,-0.0019664219580590725,0.010504164732992649
947,0.006947547197341919,-0.0017255423590540886,0.010924886912107468
948,0.010231059044599533,-0.0014558709226548672,0.011420231312513351
949,0.013661893084645271,-0.0011574337258934975,0.011990255676209927
950,0.01724005676805973,-0.0008301828056573868,0.012635075487196445
951,-0.008042299188673496,0.014650625176727772,0.00981039460748434
952,-0.0056323823519051075,0.01491551660001278,0.009894007816910744
953,-0.003074647393077612,0.015209315344691277,0.010052499361336231
954,-0.0003691040037665516,0.015531899407505989,0.01028576772660017
955,0.0024841786362230778,0.015883129090070724,0.010593727231025696
956,0.005485093221068382,0.01626291126012802,0.01097632385790348
957,0.008633517660200596,0.01667121797800064,0.011433522216975689
958,0.011929336935281754,0.017108095809817314,0.011965340934693813
959,0.015372473746538162,0.017573654651641846,0.012571834027767181
960,0.018962938338518143,0.018068041652441025,0.013253121636807919
961,-0.006411091424524784,0.03208278864622116,0.010153330862522125
962,-0.003988775424659252,0.03251592442393303,0.010273436084389687
963,-0.0014186551561579108,0.03297800198197365,0.010468414053320885
964,0.0012992627453058958,0.033468782901763916,0.010738166980445385
965,0.004164902493357658,0.03398800641298294,0.011082611046731472
966,0.007178155239671469,0.03453550487756729,0.011501683853566647
967,0.010338902473449707,0.03511124104261398,0.01199535932391882
968,0.013647034764289856,0.03571532294154167,0.012563645839691162
969,0.01710248552262783,0.03634798899292946,0.01320660300552845
970,0.02070528455078602,0.037009481340646744,0.013924343511462212
971,-0.00476057268679142,0.04955693334341049,0.010549494996666908
972,-0.002325848676264286,0.05015834420919418,0.010706096887588501
973,0.000256664352491498,0.050788700580596924,0.010937558487057686
974,0.0029869547579437494,0.05144764855504036,0.011243791319429874
975,0.005864948965609074,0.05213482677936554,0.0116247134283185
976,0.008890540339052677,0.05285002291202545,0.012080260552465916
977,0.012063611298799515,0.05359320342540741,0.012610404752194881
978,0.015384058468043804,0.05436450242996216,0.01321515440940857
979,0.018851831555366516,0.05516425520181656,0.013894571922719479
980,0.02246696501970291,0.05599281191825867,0.014648753218352795
981,-0.0030907338950783014,0.0670725405216217,0.01099894754588604
982,-0.0006436079274863005,0.06784225255250931,0.01119204331189394
983,0.0019512873841449618,0.06864087283611298,0.011459987610578537
984,0.004693943075835705,0.0694679245352745,0.011802698485553265
985,0.007584288716316223,0.07032300531864166,0.012220095843076706
986,0.010622219182550907,0.07120589166879654,0.012712112627923489
987,0.01380761805921793,0.07211653888225555,0.013278721831738949
988,0.017140381038188934,0.07305508852005005,0.013919929973781109
989,0.020620469003915787,0.07402191311120987,0.01463579386472702
990,0.024247920140624046,0.07501748949289322,0.015426411293447018
991,-0.001401496585458517,0.08463015407323837,0.011501781642436981
992,0.001058021793141961,0.08556818217039108,0.011731368489563465
993,0.0036652996204793453,0.08653508126735687,0.012035805732011795
994,0.006420315708965063,0.0875302255153656,0.012415004894137383
995,0.009323004633188248,0.08855321258306503,0.012868880294263363
996,0.012373261153697968,0.08960376679897308,0.013397365808486938
997,0.015570975840091705,0.09068185836076736,0.0140004251152277
998,0.018916046246886253,0.09178765118122101,0.014678077772259712
999,0.02240843139588833,0.09292151033878326,0.015430375002324581
1000,0.026048189029097557,0.09408406913280487,0.016257423907518387
