1,0.01121870893985033,-0.22916194796562195,0.04092923551797867
2,0.0037027066573500633,-0.21132433414459229,0.05016716197133064
3,-0.000987635925412178,-0.19828099012374878,0.057120975106954575
4,-0.002876865677535534,-0.19000041484832764,0.06181616708636284
5,-0.0019661448895931244,-0.18647825717926025,0.06425444036722183
6,0.0017433566972613335,-0.18771298229694366,0.0644366517663002
7,0.008252017199993134,-0.1937042772769928,0.06236281618475914
8,0.017561979591846466,-0.20445255935192108,0.05803210660815239
9,0.029675748199224472,-0.219961479306221,0.051442842930555344
10,0.044623687863349915,-0.24024561047554016,0.04257318377494812
11,0.0017825989052653313,-0.17692281305789948,0.07445764541625977
12,-0.005555423907935619,-0.15886224806308746,0.08340319991111755
13,-0.010072831064462662,-0.1455894112586975,0.09007152169942856
14,-0.0117886858060956,-0.13708235323429108,0.09447898715734482
15,-0.01070447638630867,-0.1333356648683548,0.09662796556949615
16,-0.0068212212063372135,-0.1343473494052887,0.09651952981948853
17,-0.0001385146751999855,-0.14011700451374054,0.09415372461080551
18,0.009345639497041702,-0.1506456434726715,0.08952943235635757
19,0.021633919328451157,-0.16593776643276215,0.08264443278312683
20,0.03675133362412453,-0.18599852919578552,0.07348531484603882
21,-0.005471939221024513,-0.1283235102891922,0.09910447895526886
22,-0.01263386569917202,-0.11003285646438599,0.10776123404502869
23,-0.016978207975625992,-0.09652958065271378,0.11414288729429245
24,-0.018520411103963852,-0.08779403567314148,0.11826253682374954
25,-0.017262235283851624,-0.08382084965705872,0.12012245506048203
26,-0.013204670511186123,-0.08460766077041626,0.11972381919622421
27,-0.006347273476421833,-0.09015408903360367,0.11706658452749252
28,0.0033119870349764824,-0.10046136379241943,0.1121496632695198
29,0.015776192769408226,-0.11553362011909485,0.10497088730335236
30,0.03106699511408806,-0.13537412881851196,0.09551972895860672
31,-0.010569475591182709,-0.0833396390080452,0.11489558219909668
32,-0.017554719001054764,-0.06481927633285522,0.12326327711343765
33,-0.02172505483031273,-0.05108669772744179,0.1293567717075348
34,-0.02309325896203518,-0.042123064398765564,0.13318787515163422
35,-0.02166096679866314,-0.037923336029052734,0.13475845754146576
36,-0.017429079860448837,-0.038485087454319,0.13406966626644135
37,-0.010397125035524368,-0.04380791261792183,0.13112150132656097
38,-0.0005631311796605587,-0.05389303341507912,0.1259128749370575
39,0.012075921520590782,-0.06874420493841171,0.11844184249639511
40,0.02753910794854164,-0.08836387097835541,0.10869903862476349
41,-0.013512248173356056,-0.04196392372250557,0.12183745950460434
42,-0.0203203447163105,-0.023214662447571754,0.12991560995578766
43,-0.024316098541021347,-0.009253806434571743,0.1357199251651764
44,-0.025509890168905258,-6.261549424380064e-05,0.1392616331577301
45,-0.023903297260403633,0.004363559652119875,0.14054252207279205
46,-0.019497094675898552,0.004027085844427347,0.1395636647939682
47,-0.012290808372199535,-0.0010716136312112212,0.13632503151893616
48,-0.0022825475316494703,-0.010933661833405495,0.13082563877105713
49,0.010530656203627586,-0.02556237019598484,0.12306353449821472
50,0.026165634393692017,-0.0449599027633667,0.11302968114614487
51,-0.014301889576017857,-0.004192432854324579,0.11993274837732315
52,-0.020932402461767197,0.014784992672502995,0.12772099673748016
53,-0.024753078818321228,0.02897329442203045,0.1332351565361023
54,-0.02577212080359459,0.038391515612602234,0.13648676872253418
55,-0.023991072550415993,0.043043963611125946,0.13747762143611908
56,-0.019410600885748863,0.042932912707328796,0.13620872795581818
57,-0.01203023362904787,0.0380588099360466,0.13268011808395386
58,-0.0018481593579053879,0.028420625254511833,0.12689068913459778
59,0.01113859098404646,0.0140154380351305,0.11883856356143951
60,0.026944806799292564,-0.005159036722034216,0.10851410776376724
61,-0.012938853353261948,0.029976988211274147,0.1091812252998352
62,-0.0193913783878088,0.0491819903254509,0.11667913943529129
63,-0.023036539554595947,0.06359714269638062,0.121902234852314
64,-0.02388051338493824,0.07324196398258209,0.12486302852630615
65,-0.021924855187535286,0.07812055200338364,0.12556339800357819
66,-0.01717015914618969,0.07823510468006134,0.1240045428276062
67,-0.009615937247872353,0.07358602434396744,0.12018637359142303
68,0.0007395222783088684,0.06417237967252731,0.11410779505968094
69,0.01389925554394722,0.049991533160209656,0.10576661676168442
70,0.02987617440521717,0.03104090690612793,0.09515206515789032
71,-0.009422983042895794,0.06054533272981644,0.08957960456609726
72,-0.015697067603468895,0.07997733354568481,0.09678670018911362
73,-0.019166238605976105,0.09461887925863266,0.10171761363744736
74,-0.01983483135700226,0.10449004173278809,0.10438669472932816
75,-0.01770440861582756,0.10959473252296448,0.10479622334241867
76,-0.012775476090610027,0.10993510484695435,0.10294743627309799
77,-0.005047560669481754,0.10551156103610992,0.09884022921323776
78,0.005480926483869553,0.096323162317276,0.09247336536645889
79,0.018813056871294975,0.08236747980117798,0.08384440094232559
80,0.034960098564624786,0.06364172697067261,0.07294035702943802
81,-0.0037533538416028023,0.08751457929611206,0.061120614409446716
82,-0.009848540648818016,0.10717187821865082,0.06803672015666962
83,-0.013141307979822159,0.12203918397426605,0.07267380505800247
84,-0.013634235598146915,0.13213661313056946,0.07505033165216446
85,-0.01132888998836279,0.13746745884418488,0.07516863942146301
86,-0.006225640885531902,0.138033926486969,0.07302986085414886
87,0.001675930805504322,0.13383643329143524,0.06863398104906082
88,0.012377234175801277,0.12487386167049408,0.061979763209819794
89,0.025881245732307434,0.1111440658569336,0.05306466296315193
90,0.04219755157828331,0.09264513850212097,0.04187139868736267
91,0.0040712980553507805,0.11085906624794006,0.023775994777679443
92,-0.0018460704013705254,0.13074743747711182,0.030404318124055862
93,-0.004961875267326832,0.145844966173172,0.03474586084485054
94,-0.0052785724401474,0.15617132186889648,0.03682935982942581
95,-0.002797684632241726,0.16173055768013,0.03665637969970703
96,0.0024806270375847816,0.16252519190311432,0.03422772139310837
97,0.010556749068200588,0.15855559706687927,0.029543403536081314
98,0.02143188938498497,0.14982037246227264,0.022602492943406105
99,0.035109132528305054,0.13631658256053925,0.013403108343482018
100,0.051598504185676575,0.11804355680942535,0.0019172828178852797
101,-0.038921233266592026,-0.223147451877594,0.057396888732910156
102,-0.047892797738313675,-0.21053341031074524,0.06588216125965118
103,-0.05399937927722931,-0.20274478197097778,0.07206514477729797
104,-0.05728483200073242,-0.1997385025024414,0.0759778544306755
105,-0.05775521695613861,-0.20149961113929749,0.07762885093688965
106,-0.05541351065039635,-0.20802411437034607,0.07702024281024933
107,-0.05025887116789818,-0.21931123733520508,0.07415205985307693
108,-0.042286310344934464,-0.23536252975463867,0.06902225315570831
109,-0.031487081199884415,-0.25618961453437805,0.06162288412451744
110,-0.017806917428970337,-0.2818011939525604,0.05192836746573448
111,-0.041857801377773285,-0.1656234711408615,0.09176917374134064
112,-0.05064675956964493,-0.15278205275535583,0.09996332973241806
113,-0.056578755378723145,-0.1447620838880539,0.10586213320493698
114,-0.05969028174877167,-0.14152805507183075,0.10948874056339264
115,-0.05998729541897774,-0.14306597411632538,0.11085033416748047
116,-0.05747228115797043,-0.14937080442905426,0.10994939506053925
117,-0.05214434489607811,-0.1604418009519577,0.10678590834140778
118,-0.043998993933200836,-0.17628175020217896,0.10135749727487564
119,-0.0330275297164917,-0.1969008445739746,0.09365751594305038
120,-0.019183196127414703,-0.22230090200901031,0.08366863429546356
121,-0.042572811245918274,-0.11176719516515732,0.11721418052911758
122,-0.05118131637573242,-0.09869001060724258,0.1251203715801239
123,-0.05693984031677246,-0.09043492376804352,0.1307343989610672
124,-0.0598774254322052,-0.08696906268596649,0.13407471776008606
125,-0.06000031158328056,-0.0882796198129654,0.13514743745326996
126,-0.05731085687875748,-0.09436125308275223,0.13395489752292633
127,-0.05180811136960983,-0.10521309077739716,0.13049709796905518
128,-0.04348757863044739,-0.12083812057971954,0.12477175891399384
129,-0.03233996778726578,-0.14124427735805511,0.11677337437868118
130,-0.018326273187994957,-0.1664329618215561,0.10648862272500992
131,-0.04111498221755028,-0.06155173107981682,0.13376621901988983
132,-0.04954199120402336,-0.048238757997751236,0.14138375222682953
133,-0.055124685168266296,-0.03974907100200653,0.14671075344085693
134,-0.057887349277734756,-0.03605130687355995,0.1497633457183838
135,-0.05783551186323166,-0.037133701145648956,0.1505466103553772
136,-0.0549713671207428,-0.04299096763134003,0.14906275272369385
137,-0.049293916672468185,-0.053622230887413025,0.14531174302101135
138,-0.040798746049404144,-0.06903015077114105,0.13929146528244019
139,-0.029477152973413467,-0.08922147750854492,0.13099731504917145
140,-0.015294955112040043,-0.11419672518968582,0.12041784822940826
141,-0.03749231994152069,-0.014961953274905682,0.14143934845924377
142,-0.045736901462078094,-0.0014146100729703903,0.14876717329025269
143,-0.051142241805791855,0.0073083387687802315,0.15380515158176422
144,-0.053728822618722916,0.011237459257245064,0.15656831860542297
145,-0.0535016730427742,0.010383515618741512,0.1570614129304886
146,-0.050462737679481506,0.004751541651785374,0.15528641641139984
147,-0.04461099952459335,-0.005657527130097151,0.15124335885047913
148,-0.035942237824201584,-0.020846009254455566,0.1449301689863205
149,-0.024448156356811523,-0.04081951826810837,0.1363426148891449
150,-0.010098308324813843,-0.0655776783823967,0.12546992301940918
151,-0.03170875832438469,0.028010442852973938,0.1402389109134674
152,-0.03976987302303314,0.04179094731807709,0.14727631211280823
153,-0.044996585696935654,0.050745852291584015,0.15202338993549347
154,-0.047406066209077835,0.05490564927458763,0.15449562668800354
155,-0.04700305312871933,0.054280247539281845,0.1546977311372757
156,-0.043789297342300415,0.04887441173195839,0.15263180434703827
157,-0.03776378184556961,0.03868910297751427,0.14829781651496887
158,-0.0289224311709404,0.02372228354215622,0.14169363677501678
159,-0.017257187515497208,0.003969306126236916,0.13281482458114624
160,-0.002740701660513878,-0.02056914195418358,0.12164992094039917
161,-0.023765351623296738,0.06737001240253448,0.13016438484191895
162,-0.03164196386933327,0.08138298988342285,0.1369106024503708
163,-0.03668881952762604,0.09056888520717621,0.14136487245559692
164,-0.03892027959227562,0.0949588418006897,0.14354455471038818
165,-0.03834087401628494,0.0945621207356453,0.1434548795223236
166,-0.03495226800441742,0.08938328921794891,0.14109817147254944
167,-0.028753433376550674,0.07942324876785278,0.1364744007587433
168,-0.019740410149097443,0.06468017399311066,0.12958115339279175
169,-0.007905266247689724,0.04515009745955467,0.12041334807872772
170,0.00677680317312479,0.020833469927310944,0.10895729064941406
171,-0.013661414384841919,0.10311814397573471,0.11120917648077011
172,-0.02135232649743557,0.11736338585615158,0.11766310036182404
173,-0.02621813677251339,0.12677955627441406,0.12182243168354034
174,-0.028270667418837547,0.13139943778514862,0.12370777130126953
175,-0.027514398097991943,0.13123178482055664,0.12332551926374435
176,-0.023950792849063873,0.12628094851970673,0.12067822366952896
177,-0.017578883096575737,0.11654777824878693,0.11576573550701141
178,-0.008394928649067879,0.10203051567077637,0.10858550667762756
179,0.0036089494824409485,0.08272573351860046,0.09913112223148346
180,0.018455488607287407,0.05863330513238907,0.08738549798727036
181,-0.0013940036296844482,0.13525277376174927,0.08335773646831512
182,-0.008898362517356873,0.1497301459312439,0.08951861411333084
183,-0.013582214713096619,0.15937605500221252,0.0933803841471672
184,-0.015455126762390137,0.1642264872789383,0.09496968984603882
185,-0.014521460980176926,0.16428875923156738,0.09429410099983215
186,-0.010782502591609955,0.15956717729568481,0.09135623276233673
187,-0.004237331449985504,0.15006257593631744,0.08615604043006897
188,0.005117475986480713,0.1357729732990265,0.0786907747387886
189,0.017289506271481514,0.11669555306434631,0.06895256787538528
190,0.03229993209242821,0.09282965958118439,0.05691845715045929
191,0.013040117919445038,0.1637289822101593,0.04657115414738655
192,0.005721695721149445,0.17844703793525696,0.05244174227118492
193,0.00122050940990448,0.1883302927017212,0.05600494518876076
194,-0.00047179684042930603,0.1934165060520172,0.057297613471746445
195,0.0006403252482414246,0.19371294975280762,0.05632871016860008
196,0.0045560672879219055,0.18922457098960876,0.05310053750872612
197,0.01127629354596138,0.1799522042274475,0.04761308804154396
198,0.020803939551115036,0.16589343547821045,0.03986392542719841
199,0.03314674273133278,0.14704516530036926,0.02984372153878212
200,0.04832543432712555,0.12340652942657471,0.017518777400255203
201,-0.09682180732488632,-0.21649688482284546,0.06869286298751831
202,-0.10720966011285782,-0.20915137231349945,0.07638707756996155
203,-0.11473169922828674,-0.20661795139312744,0.08179565519094467
204,-0.11941573768854141,-0.20888152718544006,0.08492660522460938
205,-0.12126976996660233,-0.21592339873313904,0.08579012006521225
206,-0.12029659003019333,-0.22773662209510803,0.08438936620950699
207,-0.11649513244628906,-0.24431933462619781,0.08072453737258911
208,-0.10986025631427765,-0.26567357778549194,0.07479289919137955
209,-0.10038069635629654,-0.2918086647987366,0.06658586859703064
210,-0.08802046626806259,-0.3227066397666931,0.05610053613781929
211,-0.0932258740067482,-0.1537902057170868,0.1038145124912262
212,-0.10343039035797119,-0.14620795845985413,0.11122380197048187
213,-0.11077523231506348,-0.14344657957553864,0.11634501069784164
214,-0.11528358608484268,-0.1454836130142212,0.11918865889310837
215,-0.11696338653564453,-0.1523030549287796,0.11976207792758942
216,-0.11581704020500183,-0.16389785706996918,0.11806829273700714
217,-0.11184342205524445,-0.1802663505077362,0.11410742253065109
218,-0.10503779351711273,-0.20141126215457916,0.10787684470415115
219,-0.09538886696100235,-0.22733935713768005,0.09937068819999695
220,-0.0828656256198883,-0.25804099440574646,0.0885835736989975
221,-0.08740339428186417,-0.09472428262233734,0.13001824915409088
222,-0.09742430597543716,-0.08690395206212997,0.13714030385017395
223,-0.10459330677986145,-0.08390837907791138,0.14197519421577454
224,-0.1089266762137413,-0.08571437001228333,0.14453163743019104
225,-0.11043191701173782,-0.09230755269527435,0.14481544494628906
226,-0.10911139100790024,-0.10368110239505768,0.14282912015914917
227,-0.10496395081281662,-0.11983324587345123,0.13857272267341614
228,-0.09798475354909897,-0.14076611399650574,0.13204428553581238
229,-0.08816266059875488,-0.16648393869400024,0.12323945760726929
230,-0.07547442615032196,-0.1969798356294632,0.11215444654226303
231,-0.07939127832651138,-0.03930065035820007,0.1473136842250824
232,-0.08922825008630753,-0.031243223696947098,0.1541469246149063
233,-0.09621894359588623,-0.02801203727722168,0.15869411826133728
234,-0.10037603974342346,-0.02958548627793789,0.1609622687101364
235,-0.1017058864235878,-0.035950616002082825,0.1609559804201126
236,-0.10021068155765533,-0.047100961208343506,0.15867744386196136
237,-0.09588927030563354,-0.06303463131189346,0.15412671864032745
238,-0.08873680233955383,-0.08375304937362671,0.14730221033096313
239,-0.07874323427677155,-0.10925891250371933,0.13820068538188934
240,-0.06588935106992722,-0.1395447552204132,0.12681987881660461
241,-0.06920315325260162,0.012488571926951408,0.1557108461856842
242,-0.07885543256998062,0.02078181691467762,0.16225408017635345
243,-0.08566586673259735,0.02424832060933113,0.16651184856891632
244,-0.08964494615793228,0.02290777862071991,0.1684901863336563
245,-0.09079840779304504,0.016771819442510605,0.16819316148757935
246,-0.08912824094295502,0.005846424959599972,0.16562271118164062
247,-0.08463321626186371,-0.009866436012089252,0.1607789546251297
248,-0.07730868458747864,-0.030367547646164894,0.15366049110889435
249,-0.06714523583650589,-0.055658187717199326,0.14426453411579132
250,-0.0541258342564106,-0.085729219019413,0.1325896680355072
251,-0.05684494599699974,0.060649190098047256,0.15521425008773804
252,-0.06631148606538773,0.06917762011289597,0.1614667922258377
253,-0.0729399025440216,0.0728788673877716,0.1654333919286728
254,-0.07673949003219604,0.07177126407623291,0.16712035238742828
255,-0.07771564275026321,0.06586534529924393,0.16653180122375488
256,-0.07587026804685593,0.05516659468412399,0.16366976499557495
257,-0.07120213657617569,0.03967699408531189,0.15853436291217804
258,-0.0637066662311554,0.019396254792809486,0.1511240452528
259,-0.053374700248241425,-0.005675703287124634,0.141435906291008
260,-0.04019039124250412,-0.03552832454442978,0.12946820259094238
261,-0.042319025844335556,0.10518412292003632,0.14582321047782898
262,-0.05159854143857956,0.1139480248093605,0.15178434550762177
263,-0.05804333835840225,0.1178836077451706,0.155458003282547
264,-0.06166206672787666,0.11700901389122009,0.15685199201107025
265,-0.062460072338581085,0.11133398860692978,0.15597112476825714
266,-0.060439251363277435,0.10086358338594437,0.15281783044338226
267,-0.05559839680790901,0.08559972047805786,0.14739209413528442
268,-0.04793296009302139,0.06554241478443146,0.13969212770462036
269,-0.03743376582860947,0.04069238901138306,0.12971414625644684
270,-0.024085428565740585,0.01106080412864685,0.11745478957891464
271,-0.025625664740800858,0.1460922360420227,0.12753182649612427
272,-0.03471657633781433,0.15509307384490967,0.13320039212703705
273,-0.040976330637931824,0.15926283597946167,0.1365792453289032
274,-0.04441303014755249,0.15862150490283966,0.13767856359481812
275,-0.04503214359283447,0.1531783938407898,0.13650470972061157
276,-0.042835548520088196,0.14293810725212097,0.13306039571762085
277,-0.03782207518815994,0.12790244817733765,0.12734568119049072
278,-0.029987312853336334,0.10807156562805176,0.11935822665691376
279,-0.019321907311677933,0.08344660699367523,0.10909275710582733
280,-0.005810525268316269,0.05403805524110794,0.09654360264539719
281,-0.006763450801372528,0.18336418271064758,0.1003284752368927
282,-0.015664294362068176,0.19260522723197937,0.10570266842842102
283,-0.021738126873970032,0.19700948894023895,0.10878507047891617
284,-0.024992097169160843,0.1966027021408081,0.10958849638700485
285,-0.025431714951992035,0.19139310717582703,0.10812102258205414
286,-0.023058772087097168,0.18138495087623596,0.10438589751720428
287,-0.017872173339128494,0.1665799915790558,0.09838327020406723
288,-0.009867668151855469,0.14697834849357605,0.09011011570692062
289,0.0009639598429203033,0.12258140742778778,0.07955922186374664
290,0.014637932181358337,0.09339594095945358,0.06672249734401703
291,0.014263182878494263,0.21696586906909943,0.06419942528009415
292,0.005554869771003723,0.2264527827501297,0.0692770928144455
293,-0.00033348798751831055,0.23109635710716248,0.07206428796052933
294,-0.003404587507247925,0.23092827200889587,0.07257191836833954
295,-0.003664180636405945,0.22595545649528503,0.07081111520528793
296,-0.0011137649416923523,0.21618247032165527,0.06678548455238342
297,0.004247695207595825,0.20161128044128418,0.06049520894885063
298,0.012424137443304062,0.18224212527275085,0.05193709954619408
299,0.023424968123435974,0.15807798504829407,0.04110085219144821
300,0.03726113587617874,0.12912048399448395,0.027980610728263855
301,-0.1624925434589386,-0.20933744311332703,0.07476159930229187
302,-0.17426230013370514,-0.20726628601551056,0.08165821433067322
303,-0.18318209052085876,-0.21000249683856964,0.08627817779779434
304,-0.18925802409648895,-0.21753808856010437,0.08862277865409851
305,-0.19249387085437775,-0.22986096143722534,0.08869676291942596
306,-0.1928904950618744,-0.24696293473243713,0.08650310337543488
307,-0.19044673442840576,-0.2688407003879547,0.08204212784767151
308,-0.18515914678573608,-0.29549455642700195,0.07531192898750305
309,-0.17702074348926544,-0.32692447304725647,0.06630948185920715
310,-0.16602078080177307,-0.3631173372268677,0.05503654479980469
311,-0.1523347795009613,-0.14147385954856873,0.11060245335102081
312,-0.1639222353696823,-0.13916340470314026,0.11721602082252502
313,-0.1726633906364441,-0.14167065918445587,0.12154838442802429
314,-0.17856243252754211,-0.14898034930229187,0.12360405921936035
315,-0.18162298202514648,-0.16108033061027527,0.12338723987340927
316,-0.18184611201286316,-0.1779630333185196,0.12090038508176804
317,-0.17923061549663544,-0.19962549209594727,0.11614379286766052
318,-0.173772931098938,-0.22606822848320007,0.10911589115858078
319,-0.16546624898910522,-0.2572919428348541,0.09981417655944824
320,-0.1543019711971283,-0.2932911813259125,0.08823747932910919
321,-0.1399621218442917,-0.0772329568862915,0.1375347226858139
322,-0.15136602520942688,-0.07468446344137192,0.14386136829853058
323,-0.15992891788482666,-0.07695785164833069,0.14790648221969604
324,-0.16565176844596863,-0.0840376690030098,0.1496737152338028
325,-0.1685371696949005,-0.09591218829154968,0.14916643500328064
326,-0.16858619451522827,-0.11257427930831909,0.14638656377792358
327,-0.16579760611057281,-0.13402095437049866,0.1413343995809555
328,-0.16016773879528046,-0.1602521538734436,0.13400891423225403
329,-0.15169084072113037,-0.19126781821250916,0.1244085282087326
330,-0.1403619349002838,-0.22706303000450134,0.11253304779529572
331,-0.12539173662662506,-0.0166256595402956,0.15555636584758759
332,-0.1366119235754013,-0.013841191306710243,0.16159364581108093
333,-0.1449950784444809,-0.01587921753525734,0.1653503179550171
334,-0.1505405604839325,-0.02272700145840645,0.16682837903499603
335,-0.15325000882148743,-0.03437399864196777,0.16603031754493713
336,-0.15312442183494568,-0.050813570618629456,0.16295769810676575
337,-0.15016251802444458,-0.07204258441925049,0.15761087834835052
338,-0.14436063170433044,-0.09806013107299805,0.14998921751976013
339,-0.13571396470069885,-0.1288648545742035,0.14009204506874084
340,-0.12421946227550507,-0.16444960236549377,0.1279207319021225
341,-0.10863573849201202,0.040345799177885056,0.1646699607372284
342,-0.11967171728610992,0.043365128338336945,0.17041680216789246
343,-0.1278732717037201,0.04156262427568436,0.17388351261615753
344,-0.1332394927740097,0.03494800627231598,0.17507119476795197
345,-0.13577184081077576,0.02353023551404476,0.17398186028003693
346,-0.13547120988368988,0.007315384224057198,0.17061685025691986
347,-0.13233625888824463,-0.013693351298570633,0.1649765521287918
348,-0.12636344134807587,-0.03949429467320442,0.15706057846546173
349,-0.11754809319972992,-0.07008445262908936,0.1468687355518341
350,-0.10588765144348145,-0.10545384883880615,0.13440322875976562
351,-0.08970105648040771,0.09368173778057098,0.16487744450569153
352,-0.10055198520421982,0.0969359278678894,0.17033323645591736
353,-0.10857018828392029,0.09536905586719513,0.1735086292028427
354,-0.11375545710325241,0.08898834139108658,0.17440466582775116
355,-0.11610956490039825,0.07780132442712784,0.1730235069990158
356,-0.11563345789909363,0.06181344389915466,0.1693664938211441
357,-0.11232586950063705,0.041027896106243134,0.1634340137243271
358,-0.10618307441473007,0.01544696930795908,0.15522567927837372
359,-0.0972001701593399,-0.014924890361726284,0.14474114775657654
360,-0.08537383377552032,-0.05007518082857132,0.131982684135437
361,-0.06859183311462402,0.14338156580924988,0.15617810189723969
362,-0.07925640046596527,0.14687177538871765,0.1613422930240631
363,-0.08708955347537994,0.14554093778133392,0.16422489285469055
364,-0.09209234267473221,0.13939480483531952,0.16482804715633392
365,-0.09426716715097427,0.1284399926662445,0.1631544530391693
366,-0.09361521154642105,0.1126813068985939,0.159205824136734
367,-0.09013520926237106,0.09212195128202438,0.15298251807689667
368,-0.0838233083486557,0.06676448881626129,0.1444837898015976
369,-0.07467387616634369,0.036614350974559784,0.13370874524116516
370,-0.06268221139907837,0.001685725525021553,0.12065842002630234
371,-0.04531066119670868,0.1894417107105255,0.13856853544712067
372,-0.055787134915590286,0.19317030906677246,0.14344002306461334
373,-0.06343363970518112,0.1920761913061142,0.1460282802581787
374,-0.06825272738933563,0.18616536259651184,0.14633725583553314
375,-0.07024744898080826,0.1754441261291504,0.14437076449394226
376,-0.06941918283700943,0.15991686284542084,0.140130877494812
377,-0.06576675176620483,0.13958653807640076,0.13361795246601105
378,-0.059286147356033325,0.1144559234380722,0.12483081221580505
379,-0.04997110739350319,0.08453056961297989,0.11376741528511047
380,-0.03781506419181824,0.04982495307922363,0.10042708367109299
381,-0.019860655069351196,0.2318527102470398,0.11204449832439423
382,-0.030146688222885132,0.235823392868042,0.11662088334560394
383,-0.037605755031108856,0.23496706783771515,0.11891350895166397
384,-0.04224073141813278,0.2292926013469696,0.11892760545015335
385,-0.04405497759580612,0.21880638599395752,0.11666787415742874
386,-0.0430498942732811,0.20351245999336243,0.11213699728250504
387,-0.03922437131404877,0.18341369926929474,0.10533539205789566
388,-0.03257446736097336,0.158513143658638,0.09626124054193497
389,-0.023093625903129578,0.12881579995155334,0.08491151034832001
390,-0.010774582624435425,0.09433364123106003,0.07128427922725677
391,0.0077497586607933044,0.27059757709503174,0.07660563290119171
392,-0.0023425519466400146,0.2748139500617981,0.0808834433555603
393,-0.009614892303943634,0.2741975784301758,0.08288106322288513
394,-0.014066576957702637,0.26876142621040344,0.08260086178779602
395,-0.01570051908493042,0.2585117816925049,0.08004824817180634
396,-0.014518022537231445,0.2434525489807129,0.07522653043270111
397,-0.01051795482635498,0.22358697652816772,0.06813617050647736
398,-0.003696538507938385,0.19891883432865143,0.05877502262592316
399,0.005952268838882446,0.16945400834083557,0.04713946580886841
400,0.018432117998600006,0.13520020246505737,0.033230796456336975
401,-0.23590537905693054,-0.20173414051532745,0.07556241750717163
402,-0.24903982877731323,-0.20493602752685547,0.08166464418172836
403,-0.2593403458595276,-0.21294580399990082,0.08549189567565918
404,-0.2667984664440155,-0.22575660049915314,0.08704569935798645
405,-0.27141183614730835,-0.2433597445487976,0.08632831275463104
406,-0.2731788158416748,-0.2657482326030731,0.083341583609581
407,-0.2720981240272522,-0.29291749000549316,0.07808607816696167
408,-0.26816868782043457,-0.32486492395401,0.0705612301826477
409,-0.2613903284072876,-0.3615875244140625,0.06076636537909508
410,-0.25176942348480225,-0.4030817151069641,0.0487014539539814
411,-0.21917207539081573,-0.12872034311294556,0.11211487650871277
412,-0.23212526738643646,-0.13168461620807648,0.11793284118175507
413,-0.2422465980052948,-0.13946430385112762,0.12147229164838791
414,-0.24952715635299683,-0.1520484983921051,0.12273640930652618
415,-0.25396454334259033,-0.16942785680294037,0.12172777205705643
416,-0.2555575370788574,-0.19159556925296783,0.11844790726900101
417,-0.2543049156665802,-0.21854747831821442,0.11289738118648529
418,-0.2502053380012512,-0.25028157234191895,0.10507573932409286
419,-0.24325856566429138,-0.2867964506149292,0.09498201310634613
420,-0.23347163200378418,-0.32809242606163025,0.08261480927467346
421,-0.20023739337921143,-0.059321559965610504,0.13976140320301056
422,-0.21300844848155975,-0.06204981356859207,0.14529170095920563
423,-0.222950279712677,-0.0695962905883789,0.14854316413402557
424,-0.23005370795726776,-0.08195117115974426,0.1495179682970047
425,-0.234315425157547,-0.09910529851913452,0.14821815490722656
426,-0.235734224319458,-0.12105206400156021,0.14464515447616577
427,-0.23430879414081573,-0.1477874219417572,0.13879944384098053
428,-0.2300378680229187,-0.17930907011032104,0.1306808441877365
429,-0.2229221612215042,-0.2156156301498413,0.12028886377811432
430,-0.2129690945148468,-0.25670552253723145,0.10762341320514679
431,-0.17910408973693848,0.006450168788433075,0.15849731862545013
432,-0.19169282913208008,0.003955978900194168,0.1637377142906189
433,-0.20145449042320251,-0.003356311470270157,0.16669997572898865
434,-0.20837977528572083,-0.01547989621758461,0.1673848181962967
435,-0.21246522665023804,-0.03240692615509033,0.16579365730285645
436,-0.21370935440063477,-0.05413122475147247,0.16192767024040222
437,-0.2121109962463379,-0.08064863085746765,0.155787393450737
438,-0.20766879618167877,-0.11195619404315948,0.14737293124198914
439,-0.20038384199142456,-0.14805102348327637,0.1366845667362213
440,-0.1902637779712677,-0.1889285445213318,0.1237235814332962
441,-0.15577943623065948,0.06858749687671661,0.16832123696804047
442,-0.16818547248840332,0.06632649898529053,0.17327068746089935
443,-0.17776548862457275,0.05924886465072632,0.17594245076179504
444,-0.18451109528541565,0.04735800623893738,0.17633646726608276
445,-0.18841904401779175,0.030659975484013557,0.17445364594459534
446,-0.18948806822299957,0.009160364046692848,0.17029500007629395
447,-0.18771691620349884,-0.017136581242084503,0.16386118531227112
448,-0.18310415744781494,-0.04822716489434242,0.15515241026878357
449,-0.17565059661865234,-0.08410660922527313,0.14416946470737457
450,-0.16536301374435425,-0.12476705014705658,0.13091452419757843
451,-0.130269855260849,0.12708604335784912,0.1692328304052353
452,-0.14249250292778015,0.12505868077278137,0.17389093339443207
453,-0.15188932418823242,0.11821626871824265,0.17627117037773132
454,-0.1584535539150238,0.10655929893255234,0.1763734221458435
455,-0.16218285262584686,0.09009214490652084,0.17419859766960144
456,-0.1630762815475464,0.06881968677043915,0.1697477102279663
457,-0.1611325889825821,0.0427461639046669,0.16302141547203064
458,-0.1563500165939331,0.011875953525304794,0.15401998162269592
459,-0.14872851967811584,-0.023784514516592026,0.1427442580461502
460,-0.13827325403690338,-0.06422439217567444,0.12919630110263824
461,-0.10258092731237411,0.1819421350955963,0.1612314134836197
462,-0.11461901664733887,0.18014994263648987,0.16559773683547974
463,-0.12383095920085907,0.17354367673397064,0.1676853895187378
464,-0.13021233677864075,0.1621217131614685,0.16749493777751923
465,-0.13376197218894958,0.14588715136051178,0.16502773761749268
466,-0.1344793140888214,0.12484428286552429,0.16028502583503723
467,-0.13236317038536072,0.09899725764989853,0.15326742827892303
468,-0.12741145491600037,0.06835083663463593,0.14397507905960083
469,-0.11962288618087769,0.03291257470846176,0.1324082911014557
470,-0.10900013893842697,-0.007304437458515167,0.11856840550899506
471,-0.07271801680326462,0.23315106332302094,0.14431576430797577
472,-0.08456973731517792,0.23159649968147278,0.14838938415050507
473,-0.09359536319971085,0.22522753477096558,0.15018318593502045
474,-0.09979276359081268,0.21404153108596802,0.14969907701015472
475,-0.10316194593906403,0.19804105162620544,0.1469392478466034
476,-0.10370275378227234,0.17723000049591064,0.14190509915351868
477,-0.10141406953334808,0.15161234140396118,0.1345972865819931
478,-0.09629342705011368,0.12119296193122864,0.12501566112041473
479,-0.08833838999271393,0.08597977459430695,0.11315975338220596
480,-0.0775492861866951,0.04598689824342728,0.09902958571910858
481,-0.040687814354896545,0.28070637583732605,0.11848588287830353
482,-0.05235069990158081,0.2793925404548645,0.12226468324661255
483,-0.06118926405906677,0.27326229214668274,0.12376344949007034
484,-0.06720253080129623,0.26231303811073303,0.12298519909381866
485,-0.07039107382297516,0.246547669172287,0.11993253231048584
486,-0.0707549899816513,0.22596988081932068,0.11460720002651215
487,-0.06829313188791275,0.20058368146419525,0.10700985789299011
488,-0.06300291419029236,0.1703941524028778,0.0971401110291481
489,-0.05488137900829315,0.13540883362293243,0.08499708771705627
490,-0.04392753541469574,0.09564105421304703,0.0705796331167221
491,-0.006500273942947388,0.324603408575058,0.08374534547328949
492,-0.01797163486480713,0.32353273034095764,0.08722633123397827
493,-0.026623666286468506,0.3176417350769043,0.08843015879392624
494,-0.0324539989233017,0.3069295287132263,0.08735819905996323
495,-0.03546258807182312,0.29139938950538635,0.0840129405260086
496,-0.035649389028549194,0.2710549831390381,0.07839639484882355
497,-0.03301316499710083,0.2459007352590561,0.07050933688879013
498,-0.027551621198654175,0.21594242751598358,0.060351334512233734
499,-0.01926228404045105,0.18118801712989807,0.04792186990380287
500,-0.008145838975906372,0.14164851605892181,0.03322150558233261
501,-0.31703776121139526,-0.19371972978115082,0.07107643783092499
502,-0.33153054118156433,-0.2021944224834442,0.07638733834028244
503,-0.3432006537914276,-0.21547788381576538,0.07942222058773041
504,-0.35203275084495544,-0.2335640788078308,0.08018390089273453
505,-0.35801929235458374,-0.25644630193710327,0.0786743015050888
506,-0.3611565828323364,-0.2841182053089142,0.0748947262763977
507,-0.3614431917667389,-0.3165745437145233,0.06884584575891495
508,-0.3588804006576538,-0.35381150245666504,0.06052770838141441
509,-0.3534736633300781,-0.3958263397216797,0.04993974417448044
510,-0.34523797035217285,-0.4426215589046478,0.0370795875787735
511,-0.29372459650039673,-0.11555836349725723,0.10833863168954849
512,-0.3080369234085083,-0.12379825860261917,0.11336316168308258
513,-0.31952768564224243,-0.13685142993927002,0.11610949039459229
514,-0.32818174362182617,-0.1547103226184845,0.1165810152888298
515,-0.3339919447898865,-0.1773676574230194,0.11477985978126526
516,-0.3369547724723816,-0.20481720566749573,0.11070726811885834
517,-0.337069034576416,-0.2370542734861374,0.10436397790908813
518,-0.3343357741832733,-0.2740754783153534,0.0957498550415039
519,-0.3287600874900818,-0.3158794641494751,0.08486412465572357
520,-0.3203568160533905,-0.36247000098228455,0.07170411199331284
521,-0.2682211697101593,-0.04101075977087021,0.13669340312480927
522,-0.2823526859283447,-0.049017131328582764,0.14142917096614838
523,-0.2936638295650482,-0.061838299036026,0.14388665556907654
524,-0.3021402657032013,-0.0794682651758194,0.14406810700893402
525,-0.3077744245529175,-0.1019001379609108,0.14197540283203125
526,-0.3105628490447998,-0.12912794947624207,0.13760972023010254
527,-0.31050437688827515,-0.16114705801010132,0.13097165524959564
528,-0.30759987235069275,-0.19795401394367218,0.12206143885850906
529,-0.3018551468849182,-0.23954728245735168,0.11087833344936371
530,-0.2932840585708618,-0.28592801094055176,0.09742121398448944
531,-0.24052175879478455,0.029912907630205154,0.15613721311092377
532,-0.2544724643230438,0.02213849127292633,0.16058246791362762
533,-0.2656036615371704,0.009550034999847412,0.16274996101856232
534,-0.27390170097351074,-0.007849466055631638,0.16264081001281738
535,-0.2793593108654022,-0.030054494738578796,0.16025638580322266
536,-0.2819730341434479,-0.05705946683883667,0.15559765696525574
537,-0.2817416489124298,-0.08885964751243591,0.14866533875465393
538,-0.27866607904434204,-0.12545111775398254,0.13945980370044708
539,-0.2727518081665039,-0.16683071851730347,0.12798096239566803
540,-0.26401209831237793,-0.2129964679479599,0.11422885954380035
541,-0.21062883734703064,0.0972035750746727,0.16666756570339203
542,-0.2243984490633011,0.08966072648763657,0.1708214432001114
543,-0.235348641872406,0.07730554789304733,0.1726980209350586
544,-0.2434670627117157,0.060137901455163956,0.1722976416349411
545,-0.24874716997146606,0.03816155716776848,0.1696213036775589
546,-0.25118571519851685,0.011381450109183788,0.16466988623142242
547,-0.25078147649765015,-0.020197629928588867,0.15744401514530182
548,-0.24753519892692566,-0.056570954620838165,0.1479443907737732
549,-0.24145160615444183,-0.09773357957601547,0.13617129623889923
550,-0.23254263401031494,-0.14368027448654175,0.122125543653965
551,-0.17854756116867065,0.16085447371006012,0.16828317940235138
552,-0.1921355277299881,0.1535438597202301,0.17214538156986237
553,-0.2029033750295639,0.1414228230714798,0.17373031377792358
554,-0.21084073185920715,0.12448836863040924,0.173038050532341
555,-0.21594223380088806,0.10274260491132736,0.1700695902109146
556,-0.21820512413978577,0.07618973404169083,0.16482581198215485
557,-0.21762818098068237,0.04483453929424286,0.15730740129947662
558,-0.21421164274215698,0.008682426996529102,0.14751499891281128
559,-0.2079591602087021,-0.0322599783539772,0.13544906675815582
560,-0.1988806128501892,-0.07798459380865097,0.12111043184995651
561,-0.14428412914276123,0.22086012363433838,0.16098324954509735
562,-0.15768949687480927,0.21378329396247864,0.1645536571741104
563,-0.16827355325222015,0.20189756155014038,0.1658460795879364
564,-0.17602857947349548,0.1851976215839386,0.16486133635044098
565,-0.18095046281814575,0.16368421912193298,0.16160055994987488
566,-0.18303722143173218,0.13736096024513245,0.15606480836868286
567,-0.1822875738143921,0.10623249411582947,0.148254856467247
568,-0.17870120704174042,0.07030466943979263,0.13817104697227478
569,-0.17228040099143982,0.029585368931293488,0.12581370770931244
570,-0.1630324125289917,-0.015915069729089737,0.1111830621957779
571,-0.10784595459699631,0.27721574902534485,0.14476779103279114
572,-0.12106714397668839,0.27037498354911804,0.14804555475711823
573,-0.1314661204814911,0.2587258219718933,0.1490446925163269
574,-0.1390378326177597,0.24226146936416626,0.14776678383350372
575,-0.14377959072589874,0.22098185122013092,0.14421355724334717
576,-0.14568977057933807,0.19489014148712158,0.13838618993759155
577,-0.14476719498634338,0.16399094462394714,0.13028545677661896
578,-0.14101111888885498,0.12829028069972992,0.11991164833307266
579,-0.13442248106002808,0.08779659867286682,0.10726447403430939
580,-0.12500590085983276,0.04252158850431442,0.09234316647052765
581,-0.06924183666706085,0.3299180269241333,0.11963807791471481
582,-0.08227668702602386,0.3233157694339752,0.12262167036533356
583,-0.09249003231525421,0.31190454959869385,0.12332646548748016
584,-0.09987838566303253,0.2956762909889221,0.12175498902797699
585,-0.1044398695230484,0.2746310830116272,0.11790920794010162
586,-0.10617321729660034,0.24877199530601501,0.11179043352603912
587,-0.10507722198963165,0.21810364723205566,0.10339950025081635
588,-0.1011509895324707,0.18263225257396698,0.09273658692836761
589,-0.0943944901227951,0.14236629009246826,0.07980124652385712
590,-0.0848107635974884,0.09731761366128922,0.06459163129329681
591,-0.028481751680374146,0.3789694309234619,0.085597462952137
592,-0.041328415274620056,0.3726072907447815,0.08828490972518921
593,-0.051356688141822815,0.3614336848258972,0.08869516849517822
594,-0.058562904596328735,0.345441073179245,0.08683034032583237
595,-0.06294497847557068,0.32462963461875916,0.08269207179546356
596,-0.06450152397155762,0.2990025281906128,0.07628181576728821
597,-0.06323131918907166,0.26856473088264465,0.06760042905807495
598,-0.05913347005844116,0.23332318663597107,0.05664827302098274
599,-0.052208274602890015,0.19328662753105164,0.043425366282463074
600,-0.04245902597904205,0.14846602082252502,0.0279303677380085
601,-0.40587544441223145,-0.18531300127506256,0.06129535660147667
602,-0.4217262268066406,-0.1990608423948288,0.06581645458936691
603,-0.43476057052612305,-0.217617467045784,0.06806007027626038
604,-0.4449612498283386,-0.24097822606563568,0.06802991032600403
605,-0.452318012714386,-0.26913759112358093,0.06572799384593964
606,-0.45682525634765625,-0.30209001898765564,0.06115584075450897
607,-0.45848172903060913,-0.3398301601409912,0.05431415140628815
608,-0.4572905898094177,-0.38235393166542053,0.04520273208618164
609,-0.45326071977615356,-0.42965978384017944,0.03382059186697006
610,-0.4464096426963806,-0.4817526340484619,0.020163964480161667
611,-0.375983327627182,-0.10200564563274384,0.09926645457744598
612,-0.3916540741920471,-0.11552142351865768,0.10349913686513901
613,-0.40450912714004517,-0.13384830951690674,0.10545326769351959
614,-0.41453155875205994,-0.15698134899139404,0.10513243079185486
615,-0.4217114746570587,-0.18491503596305847,0.10253880172967911
616,-0.4260439872741699,-0.2176438868045807,0.09767381101846695
617,-0.42752787470817566,-0.25516295433044434,0.0905381292104721
618,-0.4261658191680908,-0.2974686622619629,0.08113159239292145
619,-0.4219662845134735,-0.3445599675178528,0.06945297867059708
620,-0.41494661569595337,-0.3964419364929199,0.05549882724881172
621,-0.34390878677368164,-0.02231408655643463,0.12832725048065186
622,-0.3593997359275818,-0.0355987474322319,0.13227002322673798
623,-0.37207549810409546,-0.053694948554039,0.13393431901931763
624,-0.38192012906074524,-0.07659954577684402,0.13332274556159973
625,-0.3889237642288208,-0.10430754721164703,0.13043725490570068
626,-0.3930817246437073,-0.1368136703968048,0.1252792477607727
627,-0.39439257979393005,-0.17411312460899353,0.11784934997558594
628,-0.3928591310977936,-0.21620222926139832,0.10814753919839859
629,-0.38848984241485596,-0.26307952404022217,0.09617279469966888
630,-0.3813009262084961,-0.31474757194519043,0.0819227546453476
631,-0.3096420466899872,0.053753964602947235,0.14847597479820251
632,-0.3249533474445343,0.040699493139982224,0.1521277129650116
633,-0.3374496102333069,0.02283443510532379,0.15350127220153809
634,-0.34711596369743347,0.000159386545419693,0.1525985598564148
635,-0.3539431393146515,-0.02732188254594803,0.1494211107492447
636,-0.3579261302947998,-0.05960455164313316,0.14397011697292328
637,-0.3590639531612396,-0.09668377786874771,0.13624635338783264
638,-0.3573591113090515,-0.1385553479194641,0.12624984979629517
639,-0.3528195321559906,-0.18521647155284882,0.11398018151521683
640,-0.3454606235027313,-0.23666691780090332,0.0994357243180275
641,-0.2731820344924927,0.12618982791900635,0.15971067547798157
642,-0.28831344842910767,0.11336550861597061,0.16307081282138824
643,-0.30062955617904663,0.09573227167129517,0.16415300965309143
644,-0.310116708278656,0.07328805327415466,0.16295872628688812
645,-0.3167664408683777,0.04603508114814758,0.15948916971683502
646,-0.3205742835998535,0.013977577909827232,0.15374548733234406
647,-0.3215389847755432,-0.022879580035805702,0.14572836458683014
648,-0.319662868976593,-0.06453147530555725,0.13543814420700073
649,-0.3149530291557312,-0.11097366362810135,0.12287460267543793
650,-0.30742359161376953,-0.16220328211784363,0.10803674161434174
651,-0.2345321625471115,0.19498595595359802,0.16203007102012634
652,-0.2494833916425705,0.1823926568031311,0.16509832441806793
653,-0.26161831617355347,0.16499222815036774,0.16588875651359558
654,-0.2709251046180725,0.14278018474578857,0.16440249979496002
655,-0.277396559715271,0.11575727164745331,0.16064076125621796
656,-0.281028687953949,0.08392703533172607,0.15460465848445892
657,-0.2818203270435333,0.04729433357715607,0.1462949961423874
658,-0.27977317571640015,0.0058647505939006805,0.13571202754974365
659,-0.2748933434486389,-0.04035581648349762,0.12285564839839935
660,-0.2671927809715271,-0.09136207401752472,0.10772502422332764
661,-0.19369879364967346,0.26013633608818054,0.15543337166309357
662,-0.2084691822528839,0.2477755844593048,0.1582096517086029
663,-0.2204217165708542,0.23060919344425201,0.15870779752731323
664,-0.22954711318016052,0.20863062143325806,0.15692922472953796
665,-0.23583942651748657,0.18183943629264832,0.15287528932094574
666,-0.23929539322853088,0.15023857355117798,0.14654715359210968
667,-0.23991388082504272,0.11383280158042908,0.13794556260108948
668,-0.2376960664987564,0.07262813299894333,0.12707091867923737
669,-0.23264646530151367,0.02663159742951393,0.11392278224229813
670,-0.22477462887763977,-0.02414947748184204,0.098500095307827
671,-0.15069033205509186,0.32163679599761963,0.1399206966161728
672,-0.16527864336967468,0.3095104694366455,0.14240451157093048
673,-0.17704784870147705,0.29257932305336,0.14260981976985931
674,-0.18599101901054382,0.27083536982536316,0.1405385136604309
675,-0.19210374355316162,0.24427716434001923,0.13619229197502136
676,-0.1953832507133484,0.2129073143005371,0.12957243621349335
677,-0.1958284080028534,0.17673051357269287,0.12067965418100357
678,-0.19343984127044678,0.13575303554534912,0.10951421409845352
679,-0.18822073936462402,0.08998260647058487,0.09607558697462082
680,-0.18017826974391937,0.039427921175956726,0.08036184310913086
681,-0.1055164486169815,0.3794863820075989,0.11549322307109833
682,-0.11992111802101135,0.3675963282585144,0.11768361181020737
683,-0.13150642812252045,0.35090145468711853,0.11759531497955322
684,-0.1402674913406372,0.3293924331665039,0.11523094773292542
685,-0.14620059728622437,0.3030676245689392,0.11059238761663437
686,-0.14930346608161926,0.27192947268486023,0.10368090122938156
687,-0.149574875831604,0.23598279058933258,0.09449733793735504
688,-0.14701513946056366,0.1952340304851532,0.08304190635681152
689,-0.14162662625312805,0.14969119429588318,0.0693139135837555
690,-0.1334146410226822,0.09936361014842987,0.053310733288526535
691,-0.05818633735179901,0.4336908459663391,0.08215281367301941
692,-0.0724063366651535,0.42203807830810547,0.08404857665300369
693,-0.08380848169326782,0.40557900071144104,0.08366644382476807
694,-0.0923885703086853,0.3843041658401489,0.08100908249616623
695,-0.09814298152923584,0.35821184515953064,0.07607809454202652
696,-0.10106927156448364,0.32730451226234436,0.06887486577033997
697,-0.1011662483215332,0.29158732295036316,0.05940031260251999
698,-0.09843438863754272,0.2510671615600586,0.04765477776527405
699,-0.09287573397159576,0.2057526558637619,0.03363785892724991
700,-0.08449508249759674,0.15565288066864014,0.017346996814012527
701,-0.5024111866950989,-0.1765253096818924,0.04621553793549538
702,-0.5196224451065063,-0.19554676115512848,0.049946948885917664
703,-0.5340197682380676,-0.21937616169452667,0.051400065422058105
704,-0.5455866456031799,-0.24801044166088104,0.0505785308778286
705,-0.5543116927146912,-0.28144556283950806,0.047484807670116425
706,-0.5601886510848999,-0.31967654824256897,0.04212027043104172
707,-0.5632162690162659,-0.36269843578338623,0.034485720098018646
708,-0.5633988976478577,-0.4105073809623718,0.02458082139492035
709,-0.5607466101646423,-0.4631023108959198,0.012403981760144234
710,-0.5552767515182495,-0.5204885005950928,-0.002048846334218979
711,-0.4659435749053955,-0.08807334303855896,0.08489461988210678
712,-0.4829750657081604,-0.10686498880386353,0.08833616226911545
713,-0.49719303846359253,-0.13046549260616302,0.08949878066778183
714,-0.5085813999176025,-0.15887217223644257,0.08838607370853424
715,-0.5171294808387756,-0.19208116829395294,0.08500033617019653
716,-0.5228314995765686,-0.23008768260478973,0.07934308052062988
717,-0.5256862640380859,-0.27288705110549927,0.07141505181789398
718,-0.5256975293159485,-0.320475697517395,0.061215780675411224
719,-0.522875189781189,-0.372852623462677,0.04874379187822342
720,-0.5172358751296997,-0.4300227761268616,0.03399520367383957
721,-0.4272984266281128,-0.0032403096556663513,0.1146605908870697
722,-0.4441506266593933,-0.02180279791355133,0.11781127005815506
723,-0.4581897258758545,-0.0451740026473999,0.11868313699960709
724,-0.4694003462791443,-0.07335282862186432,0.11727897822856903
725,-0.477772057056427,-0.10633592307567596,0.1136011853814125
726,-0.48329925537109375,-0.14411881566047668,0.10765106976032257
727,-0.48598068952560425,-0.1866968721151352,0.09942926466464996
728,-0.48582029342651367,-0.23406639695167542,0.08893568068742752
729,-0.48282724618911743,-0.28622597455978394,0.07616870105266571
730,-0.4770178198814392,-0.3431784510612488,0.06112532317638397
731,-0.38646459579467773,0.07796821743249893,0.13551317155361176
732,-0.403137743473053,0.05963452160358429,0.13837236166000366
733,-0.41699784994125366,0.03649304807186127,0.13895289599895477
734,-0.4280306100845337,0.008542917668819427,0.1372571736574173
735,-0.4362257421016693,-0.02421356737613678,0.13328710198402405
736,-0.4415779113769531,-0.06177229434251785,0.12704414129257202
737,-0.4440860450267792,-0.10412861406803131,0.11852891743183136
738,-0.44375357031822205,-0.15127837657928467,0.10774131119251251
739,-0.4405896067619324,-0.20321911573410034,0.09468012303113937
740,-0.4346092939376831,-0.2599515914916992,0.0793428122997284
741,-0.3434385657310486,0.15554483234882355,0.14745141565799713
742,-0.35993266105651855,0.1374402493238449,0.15001879632472992
743,-0.3736134469509125,0.11452925205230713,0.15030764043331146
744,-0.3844674527645111,0.08680889010429382,0.1483200341463089
745,-0.39248549938201904,0.054280318319797516,0.14405778050422668
746,-0.3976624011993408,0.016947126016020775,0.1375221610069275
747,-0.3999970257282257,-0.02518603205680847,0.12871383130550385
748,-0.39949268102645874,-0.07211440056562424,0.11763282120227814
749,-0.396157443523407,-0.1238342821598053,0.10427819937467575
750,-0.3900057077407837,-0.18034446239471436,0.08864764869213104
751,-0.29822230339050293,0.22948220372200012,0.15047436952590942
752,-0.31453728675842285,0.21160776913166046,0.15274976193904877
753,-0.32803797721862793,0.1889282763004303,0.15274672210216522
754,-0.3387124836444855,0.1614389419555664,0.1504671424627304
755,-0.34655267000198364,0.12913982570171356,0.14591261744499207
756,-0.35155388712882996,0.09203390032052994,0.1390845775604248
757,-0.3537150025367737,0.0501258410513401,0.12998373806476593
758,-0.3530387282371521,0.0034209229052066803,0.11860997974872589
759,-0.3495323359966278,-0.048076000064611435,0.10496256500482559
760,-0.343208372592926,-0.10436190664768219,0.0890393853187561
761,-0.2508218288421631,0.29977449774742126,0.1445814073085785
762,-0.26695746183395386,0.2821316123008728,0.14656472206115723
763,-0.28027719259262085,0.25968480110168457,0.1462695449590683
764,-0.2907714247703552,0.23242777585983276,0.14369775354862213
765,-0.2984330356121063,0.2003595381975174,0.138851135969162
766,-0.30325818061828613,0.1634826362133026,0.13173095881938934
767,-0.30524566769599915,0.12180164456367493,0.12233801931142807
768,-0.3043976426124573,0.0753222405910492,0.11067230999469757
769,-0.3007201850414276,0.024050205945968628,0.09673284739255905
770,-0.2942235469818115,-0.03200986981391907,0.08051759004592896
771,-0.201245978474617,0.36641839146614075,0.1297723799943924
772,-0.2172013223171234,0.34900856018066406,0.1314634084701538
773,-0.23033957183361053,0.3267955183982849,0.13087572157382965
774,-0.24065285921096802,0.2997717261314392,0.1280115395784378
775,-0.24813564121723175,0.26793545484542847,0.12287281453609467
776,-0.2527843713760376,0.231288880109787,0.11546078324317932
777,-0.2545979917049408,0.1898365318775177,0.10577616095542908
778,-0.25357818603515625,0.14358440041542053,0.09381913393735886
779,-0.24972960352897644,0.09253878891468048,0.07958851754665375
780,-0.24306060373783112,0.03670560568571091,0.06308181583881378
781,-0.14950430393218994,0.42941421270370483,0.1060476079583168
782,-0.1652786135673523,0.4122387766838074,0.1074458435177803
783,-0.17823487520217896,0.3902602195739746,0.10656527429819107
784,-0.18836753070354462,0.36347001791000366,0.1034085601568222
785,-0.19567148387432098,0.33186596632003784,0.09797760844230652
786,-0.2001437395811081,0.29545024037361145,0.09027376770973206
787,-0.2017832249403,0.25422731041908264,0.08029790222644806
788,-0.2005910873413086,0.20820343494415283,0.06804995238780975
789,-0.19657140970230103,0.15738531947135925,0.05352889746427536
790,-0.18973052501678467,0.10177956521511078,0.03673172742128372
791,-0.09560529887676239,0.4887687563896179,0.07340781390666962
792,-0.11119796335697174,0.47182825207710266,0.07451246678829193
793,-0.12397316098213196,0.45008385181427,0.07333879917860031
794,-0.13392604887485504,0.42352646589279175,0.06988941878080368
795,-0.1410520374774933,0.39215391874313354,0.06416620314121246
796,-0.1453479528427124,0.355968177318573,0.056170493364334106
797,-0.14681266248226166,0.31497395038604736,0.04590313509106636
798,-0.1454474925994873,0.26917797327041626,0.03336425870656967
799,-0.14125598967075348,0.2185874581336975,0.018553033471107483
800,-0.13424383103847504,0.1632092148065567,0.0014664046466350555
801,-0.6066429615020752,-0.1673642098903656,0.02583472989499569
802,-0.6252181529998779,-0.19165953993797302,0.028776172548532486
803,-0.6409792900085449,-0.22076141834259033,0.029438963159918785
804,-0.653911828994751,-0.2546687126159668,0.02782653644680977
805,-0.6640045642852783,-0.2933788597583771,0.023941190913319588
806,-0.6712511777877808,-0.33688780665397644,0.017784403637051582
807,-0.6756503582000732,-0.3851909637451172,0.009356874972581863
808,-0.6772068738937378,-0.4382844567298889,-0.0013417545706033707
809,-0.6759309768676758,-0.4961669445037842,-0.014313293620944023
810,-0.6718380451202393,-0.5588425397872925,-0.029561512172222137
811,-0.5636041760444641,-0.07376889139413834,0.06522107124328613
812,-0.5819997787475586,-0.09783624857664108,0.06787127256393433
813,-0.5975813269615173,-0.12671014666557312,0.06824280321598053
814,-0.6103349924087524,-0.16039031744003296,0.0663386732339859
815,-0.6202506422996521,-0.1988743096590042,0.062161099165678024
816,-0.6273220777511597,-0.24215829372406006,0.05571165308356285
817,-0.631548285484314,-0.29023778438568115,0.046991001814603806
818,-0.6329336166381836,-0.34310901165008545,0.03599870577454567
819,-0.6314874291419983,-0.4007706344127655,0.022732989862561226
820,-0.6272242069244385,-0.46322575211524963,0.007190559059381485
821,-0.5183901786804199,0.016204535961151123,0.09569200873374939
822,-0.5366065502166748,-0.007635168731212616,0.09805075824260712
823,-0.5520095825195312,-0.03628107160329819,0.0981307178735733
824,-0.5645856261253357,-0.06973400712013245,0.09593458473682404
825,-0.5743248462677002,-0.10799209773540497,0.09146465361118317
826,-0.5812212824821472,-0.1510516107082367,0.08472242951393127
827,-0.5852738618850708,-0.19890809059143066,0.07570858299732208
828,-0.58648681640625,-0.25155770778656006,0.06442268192768097
829,-0.584869384765625,-0.308998703956604,0.05086309835314751
830,-0.5804356336593628,-0.3712330758571625,0.035026680678129196
831,-0.47098976373672485,0.1025523990392685,0.11724839359521866
832,-0.48902711272239685,0.0789404883980751,0.11931545287370682
833,-0.5042515993118286,0.05052311718463898,0.11910355091094971
834,-0.5166501998901367,0.017298012971878052,0.11661538481712341
835,-0.5262129306793213,-0.020733576267957687,0.11185302585363388
836,-0.5329342484474182,-0.06356820464134216,0.10481806844472885
837,-0.5368131399154663,-0.11120139807462692,0.09551116824150085
838,-0.5378533601760864,-0.1636289656162262,0.08393191546201706
839,-0.5360641479492188,-0.22084850072860718,0.07007885724306107
840,-0.5314594507217407,-0.2828608751296997,0.05394876375794411
841,-0.4213981330394745,0.18526849150657654,0.12989017367362976
842,-0.4392567574977875,0.1618850976228714,0.13166522979736328
843,-0.4543025493621826,0.1336970329284668,0.1311614066362381
844,-0.4665229916572571,0.1007007509469986,0.1283811330795288
845,-0.47590890526771545,0.06289670616388321,0.12332645803689957
846,-0.4824548661708832,0.020287999883294106,0.11599890142679214
847,-0.4861598610877991,-0.02712087146937847,0.10639914125204086
848,-0.48702749609947205,-0.07932531833648682,0.09452687948942184
849,-0.4850662350654602,-0.13632209599018097,0.08038067817687988
850,-0.48028960824012756,-0.19811104238033295,0.0639575719833374
851,-0.36961618065834045,0.26434609293937683,0.13361665606498718
852,-0.3872963786125183,0.24119232594966888,0.13509967923164368
853,-0.4021630585193634,0.2132345736026764,0.13430389761924744
854,-0.41420483589172363,0.18046826124191284,0.13123148679733276
855,-0.42341339588165283,0.1428930163383484,0.125884547829628
856,-0.4297836422920227,0.1005115881562233,0.1182645931839943
857,-0.4333146810531616,0.053328461945056915,0.10837230831384659
858,-0.4340095818042755,0.0013485774397850037,0.0962074026465416
859,-0.4318760633468628,-0.055424053221940994,0.08176848292350769
860,-0.4269265830516815,-0.11698818951845169,0.06505274772644043
861,-0.3156495690345764,0.33977973461151123,0.12842735648155212
862,-0.3331514298915863,0.31685686111450195,0.12961824238300323
863,-0.3478385806083679,0.28913047909736633,0.12853029370307922
864,-0.3597012758255005,0.2565951645374298,0.12516583502292633
865,-0.3687319755554199,0.2192499190568924,0.11952687054872513
866,-0.37492626905441284,0.1770971119403839,0.11161471158266068
867,-0.3782830238342285,0.13014118373394012,0.10143013298511505
868,-0.37880510091781616,0.07838737219572067,0.08897290378808975
869,-0.376499205827713,0.021840237081050873,0.07424179464578629
870,-0.37137600779533386,-0.03949790447950363,0.05723392590880394
871,-0.2595070004463196,0.4115664064884186,0.11432181298732758
872,-0.27683043479919434,0.38887566328048706,0.11522041261196136
873,-0.2913377583026886,0.36138153076171875,0.11384037137031555
874,-0.3030208945274353,0.32907798886299133,0.11018383502960205
875,-0.31187358498573303,0.2919636070728302,0.10425280034542084
876,-0.31789156794548035,0.2500404417514801,0.09604862332344055
877,-0.3210739493370056,0.20331287384033203,0.08557209372520447
878,-0.3214230239391327,0.15178632736206055,0.07282295823097229
879,-0.3189445734024048,0.09546589106321335,0.05780000984668732
880,-0.31364738941192627,0.03435468673706055,0.04050049930810928
881,-0.20119810104370117,0.4797072112560272,0.09129977226257324
882,-0.21834267675876617,0.45724931359291077,0.09190595149993896
883,-0.2326701432466507,0.42998796701431274,0.09023356437683105
884,-0.24417400360107422,0.3979165554046631,0.08628489077091217
885,-0.25284871459007263,0.36103329062461853,0.08006186038255692
886,-0.25869038701057434,0.3193401098251343,0.07156576216220856
887,-0.26169800758361816,0.2728414535522461,0.06079738959670067
888,-0.261873722076416,0.2215428650379181,0.04775664210319519
889,-0.25922244787216187,0.1654498130083084,0.032442253082990646
890,-0.25375136733055115,0.10456609725952148,0.014851534739136696
891,-0.14073044061660767,0.5442084074020386,0.05936076492071152
892,-0.1576959192752838,0.5219834446907043,0.059674374759197235
893,-0.17184433341026306,0.49495482444763184,0.05770944058895111
894,-0.18317005038261414,0.46311527490615845,0.05346846580505371
895,-0.19166749715805054,0.4264626204967499,0.04695332795381546
896,-0.1973329484462738,0.3849989175796509,0.038165245205163956
897,-0.2001653015613556,0.338728666305542,0.027105024084448814
898,-0.2001667618751526,0.2876576781272888,0.013772742822766304
899,-0.19734197854995728,0.23179173469543457,-0.0018328279256820679
900,-0.19169729948043823,0.1711353361606598,-0.019714554771780968
901,-0.7185745239257812,-0.15783551335334778,0.0001505780965089798
902,-0.7385162115097046,-0.18740402162075043,0.002301430329680443
903,-0.755641520023346,-0.2217773199081421,0.002174545079469681
904,-0.7699393033981323,-0.2609570622444153,-0.00022811256349086761
905,-0.7813997268676758,-0.3049428462982178,-0.004904760047793388
906,-0.7900161743164062,-0.35373151302337646,-0.011854035779833794
907,-0.7957875728607178,-0.40731826424598694,-0.02107524685561657
908,-0.7987186312675476,-0.4656981825828552,-0.032568514347076416
909,-0.7988185882568359,-0.5288682579994202,-0.0463351309299469
910,-0.7960991263389587,-0.5968299508094788,-0.06237759813666344
911,-0.6689686179161072,-0.05909904092550278,0.040243200957775116
912,-0.6887303590774536,-0.0884409099817276,0.04210218787193298
913,-0.7056758999824524,-0.12258771806955338,0.041683129966259
914,-0.7197948098182678,-0.16154158115386963,0.03898811340332031
915,-0.7310777902603149,-0.2053017020225525,0.03401889652013779
916,-0.7395190000534058,-0.2538648843765259,0.02677704393863678
917,-0.7451174259185791,-0.30722638964653015,0.017263168469071388
918,-0.7478770017623901,-0.36538153886795044,0.005476968362927437
919,-0.7478064298629761,-0.42832788825035095,-0.008582724258303642
920,-0.7449169158935547,-0.49606603384017944,-0.02491855062544346
921,-0.6171870827674866,0.03601429611444473,0.07141982018947601
922,-0.6367691159248352,0.0068990737199783325,0.07298693060874939
923,-0.6535362005233765,-0.0270208939909935,0.07227565348148346
924,-0.6674776077270508,-0.06574845314025879,0.06928808242082596
925,-0.6785840392112732,-0.10928276926279068,0.06402629613876343
926,-0.6868501305580139,-0.15762054920196533,0.05649174749851227
927,-0.6922745704650879,-0.21075716614723206,0.04668516665697098
928,-0.6948614120483398,-0.26868805289268494,0.034606218338012695
929,-0.6946191191673279,-0.33141064643859863,0.020253419876098633
930,-0.6915590763092041,-0.39892515540122986,0.003624213859438896
931,-0.5632197856903076,0.1275026500225067,0.0936812311410904
932,-0.582622230052948,0.09861458092927933,0.09495652467012405
933,-0.5992110371589661,0.06492207944393158,0.09395299106836319
934,-0.612975001335144,0.02642160654067993,0.09067302942276001
935,-0.6239051222801208,-0.016886316239833832,0.08511871099472046
936,-0.6319958567619324,-0.06499846279621124,0.07729150354862213
937,-0.6372462511062622,-0.11791014671325684,0.06719216704368591
938,-0.6396598815917969,-0.17561674118041992,0.05482039973139763
939,-0.639245331287384,-0.23811516165733337,0.04017471522092819
940,-0.6360144019126892,-0.3054054081439972,0.023252233862876892
941,-0.5070608854293823,0.21536065638065338,0.1070273295044899
942,-0.5262845754623413,0.18670052289962769,0.1080106645822525
943,-0.542695164680481,0.1532362550497055,0.10671494901180267
944,-0.5562816262245178,0.11496374011039734,0.10314270108938217
945,-0.5670351982116699,0.07188310474157333,0.09729593992233276
946,-0.5749504566192627,0.02399730682373047,0.08917616307735443
947,-0.5800264477729797,-0.028688931837677956,0.07878419011831284
948,-0.5822667479515076,-0.08617062121629715,0.06611968576908112
949,-0.5816794037818909,-0.148444265127182,0.05118124559521675
950,-0.578276515007019,-0.21550963819026947,0.033965758979320526
951,-0.44871121644973755,0.2995814383029938,0.11145753413438797
952,-0.46775704622268677,0.2711503803730011,0.11214873194694519
953,-0.4839896857738495,0.23791517317295074,0.11056087911128998
954,-0.49739837646484375,0.19987152516841888,0.1066964641213417
955,-0.5079750418663025,0.15701909363269806,0.10055740177631378
956,-0.5157145857810974,0.10936059802770615,0.09214520454406738
957,-0.5206160545349121,0.056900717318058014,0.08146069198846817
958,-0.5226826667785645,-0.0003553088754415512,0.06850357353687286
959,-0.5219221115112305,-0.06240347772836685,0.053272511810064316
960,-0.5183456540107727,-0.1292434185743332,0.03576447814702988
961,-0.3881765902042389,0.380158931016922,0.10697126388549805
962,-0.4070454239845276,0.3519580662250519,0.10737017542123795
963,-0.42310017347335815,0.3189527988433838,0.10549027472734451
964,-0.43633103370666504,0.28113889694213867,0.10133379697799683
965,-0.4467305541038513,0.23851555585861206,0.09490261971950531
966,-0.4542941451072693,0.19108526408672333,0.08619818091392517
967,-0.45902085304260254,0.13885268568992615,0.07522121071815491
968,-0.4609135389328003,0.08182321488857269,0.06197161227464676
969,-0.45997899770736694,0.020001091063022614,0.04644807428121567
970,-0.4562276601791382,-0.04661296308040619,0.02864784002304077
971,-0.32546621561050415,0.45708972215652466,0.09356822073459625
972,-0.3441586494445801,0.4291200041770935,0.09367477148771286
973,-0.3600353002548218,0.39634543657302856,0.09150294959545135
974,-0.37308835983276367,0.35876184701919556,0.0870545282959938
975,-0.38331079483032227,0.3163681924343109,0.08033131062984467
976,-0.39069825410842896,0.26916682720184326,0.07133471220731735
977,-0.3952499032020569,0.2171623408794403,0.060065507888793945
978,-0.39696818590164185,0.160360187292099,0.04652351140975952
979,-0.39585936069488525,0.09876471757888794,0.03070763312280178
980,-0.3919324278831482,0.032377056777477264,0.012615479528903961
981,-0.2605900168418884,0.5303746461868286,0.0712481215596199
982,-0.2791055738925934,0.5026365518569946,0.07106245309114456
983,-0.2948046922683716,0.47009313106536865,0.06859872490167618
984,-0.30768024921417236,0.4327400326728821,0.06385853886604309
985,-0.31772589683532715,0.39057618379592896,0.056843407452106476
986,-0.3249373435974121,0.3436039686203003,0.04755468666553497
987,-0.3293132781982422,0.2918280363082886,0.035993218421936035
988,-0.3308566212654114,0.2352537214756012,0.022158874198794365
989,-0.3295731842517853,0.1738854944705963,0.006050802767276764
990,-0.3254704475402832,0.10772480070590973,-0.012333160266280174
991,-0.19355440139770508,0.6000189185142517,0.04001043736934662
992,-0.211893230676651,0.5725123882293701,0.03953266143798828
993,-0.22741550207138062,0.5402003526687622,0.03677702322602272
994,-0.24011507630348206,0.5030777454376221,0.031745001673698425
995,-0.2499847114086151,0.4611436724662781,0.02443801611661911
996,-0.257019966840744,0.4144003987312317,0.014857237227261066
997,-0.26121971011161804,0.3628527522087097,0.0030034389346837997
998,-0.26258689165115356,0.30650627613067627,-0.0111231729388237
999,-0.2611277401447296,0.2453652322292328,-0.027523403987288475
1000,-0.25684934854507446,0.17943164706230164,-0.04619923606514931
